#chrom	start	end	size	num_data	min	max	mean	median	sum
chr20	60962376	60962444	68	68	7989.00	25264.00	15686.01	16723.50	1066649.00
chr20	60962666	60962730	64	64	24908.00	29663.00	26804.75	26532.00	1715504.00
chr9	140046637	140048246	1609	1609	0.00	7.00	0.88	0.00	1414.00
chr20	60963364	60963575	211	211	200.00	20257.00	5695.28	1082.00	1201704.00
chr4	39457960	39458158	198	198	13.00	17339.00	9304.76	12303.50	1842342.00
chr16	46717400	46717518	118	118	10.00	698.00	423.86	407.00	50015.00
chr5	141348677	141348732	55	55	13.00	203.00	108.11	119.00	5946.00
chr1	27889774	27889872	98	98	0.00	7.00	5.00	7.00	490.00
chr10	85899271	85899349	78	78	51.00	2535.00	1168.08	1067.50	91110.00
chr12	56436208	56436386	178	178	2519.00	8649.00	6627.78	7088.00	1179744.00
chr8	1285747	1287021	1274	1274	0.00	14.00	1.62	0.00	2068.00
chr10	71930168	71930259	91	91	28.00	466.00	263.73	246.00	23999.00
chr7	22852591	22852804	213	213	180.00	13276.00	6437.13	5901.00	1371109.00
chr6	34385239	34385324	85	85	320.00	6929.00	3447.72	3517.00	293056.00
chr19	13351029	13351528	499	499	0.00	5.00	0.20	0.00	100.00
chr8	82633461	82633523	62	62	33.00	140.00	100.10	102.00	6206.00
chr7	157639384	157641336	1952	1952	0.00	24.00	1.81	0.00	3535.00
chr11	61312182	61313477	1295	1295	0.00	10.00	0.53	0.00	683.00
chr2	55462563	55463120	557	557	39.00	22216.00	4075.27	126.00	2269926.00
chr15	82822713	82822779	66	66	11871.00	16750.00	14798.59	15158.00	976707.00
chr15	83207056	83207122	66	66	13194.00	15830.00	14529.02	14555.00	958915.00
chr20	60962898	60963118	220	220	30.00	24044.00	6964.80	39.00	1532257.00
chr14	50087279	50087341	62	62	74.00	3298.00	1577.48	1523.50	97804.00
chr1	161007431	161007616	185	185	66.00	1403.00	866.70	946.00	160339.00
chr16	56667662	56667871	209	209	94.00	2452.00	1658.68	2047.00	346665.00
chr2	62095273	62095841	568	568	15.00	2985.00	868.73	180.00	493439.00
chr19	50002768	50002948	180	180	29.00	22343.00	11075.58	11645.50	1993604.00
chr5	141350268	141350442	174	174	186.00	433.00	327.07	327.00	56910.00
chr14	50050290	50050393	103	103	40.00	13656.00	5343.51	3437.00	550382.00
chr11	13438704	13438826	122	122	0.00	733.00	545.55	642.00	66557.00
chr2	3113787	3114772	985	985	0.00	0.00	0.00	0.00	0.00
chr4	166234389	166234518	129	129	1468.00	1830.00	1649.39	1646.00	212771.00
chr20	57607274	57607398	124	124	99.00	18216.00	8506.22	7989.50	1054771.00
chr6	52860421	52860742	321	321	0.00	813.00	426.36	458.00	136861.00
chr8	74203786	74203896	110	110	12843.00	20451.00	16489.05	16207.00	1813795.00
chr7	10973076	10973319	243	243	21.00	29770.00	13894.88	14616.00	3376456.00
chr2	76672341	76672528	187	187	0.00	69.00	37.17	42.00	6950.00
chr8	74204007	74204145	138	138	13751.00	18728.00	16515.71	16413.50	2279168.00
chr16	85833245	85833358	113	113	505.00	12209.00	3584.62	2253.00	405062.00
chr10	7830132	7830226	94	94	89.00	2884.00	1346.71	1211.50	126591.00
chr6	35438356	35438556	200	200	113.00	8266.00	5155.31	6707.00	1031063.00
chr17	44450181	44450232	51	51	242.00	1362.00	680.45	694.00	34703.00
chr4	170611680	170611803	123	123	252.00	356.00	317.87	320.00	39098.00
chr6	34741222	34741557	335	335	52.00	2358.00	1600.99	1988.00	536333.00
chr2	220113512	220113621	109	109	14.00	51.00	44.39	46.00	4838.00
chr2	217363965	217364121	156	156	30.00	44568.00	27387.06	32701.50	4272381.00
chr17	4701574	4701786	212	212	59.00	3294.00	2096.95	2562.50	444553.00
chr17	44668087	44668153	66	66	46.00	795.00	319.98	252.00	21119.00
chr4	166248829	166248916	87	87	17.00	526.00	227.31	218.00	19776.00
chr14	50052369	50052767	398	398	0.00	23208.00	5003.35	12.00	1991334.00
chr17	8285460	8285633	173	173	18213.00	36717.00	27181.20	26935.00	4702348.00
chr9	33256798	33256906	108	108	2041.00	2508.00	2246.67	2257.50	242640.00
chr11	17096643	17096744	101	101	5540.00	8149.00	7274.45	7316.00	734719.00
chr3	179332758	179332847	89	89	1739.00	2797.00	2039.67	1928.00	181531.00
chr6	40459174	40459904	730	730	0.00	0.00	0.00	0.00	0.00
chr16	910657	910966	309	309	0.00	0.00	0.00	0.00	0.00
chr4	39456483	39456564	81	81	17500.00	25197.00	20712.53	20139.00	1677715.00
chr5	1815964	1816162	198	198	70.00	5152.00	3006.48	3515.50	595283.00
chr1	40506387	40506473	86	86	68.00	565.00	252.35	205.00	21702.00
chr7	22862295	22862456	161	161	134.00	13908.00	9294.22	10761.00	1496370.00
chr19	13547230	13547514	284	284	0.00	0.00	0.00	0.00	0.00
chr11	125092545	125092689	144	144	0.00	0.00	0.00	0.00	0.00
chr15	55681562	55681631	69	69	133.00	204.00	168.10	166.00	11599.00
chr1	153964041	153964236	195	195	7.00	28169.00	13903.82	19778.00	2711245.00
chr13	27827736	27827980	244	244	4.00	33306.00	8147.57	17.00	1988008.00
chr5	81574138	81574200	62	62	141.00	8000.00	1632.02	389.00	101185.00
chr12	56510998	56511604	606	606	37.00	48804.00	17903.77	6567.50	10849684.00
chr10	120938266	120938323	57	57	21.00	1130.00	576.02	620.00	32833.00
chr13	114561069	114562803	1734	1734	0.00	6.00	0.70	0.00	1212.00
chr3	150340171	150340282	111	111	1336.00	1852.00	1592.42	1605.00	176759.00
chr6	75947476	75947704	228	228	55.00	14316.00	7170.80	7951.00	1634943.00
chr1	154245108	154245252	144	144	107.00	1265.00	736.82	789.00	106102.00
chr3	42845927	42845995	68	68	124.00	4237.00	1716.47	1446.50	116720.00
chr20	57603638	57603896	258	258	40.00	13791.00	3723.53	1387.00	960672.00
chr11	61307866	61308833	967	967	0.00	52.00	14.59	9.00	14104.00
chr8	1287087	1289234	2147	2147	0.00	0.00	0.00	0.00	0.00
chr1	95615763	95615822	59	59	100.00	142.00	115.88	112.00	6837.00
chr11	61306915	61307700	785	785	0.00	20.00	4.35	2.00	3412.00
chr2	85569254	85569444	190	190	103.00	446.00	320.36	360.50	60868.00
chr16	18796059	18796145	86	86	8877.00	10597.00	9679.92	9623.00	832473.00
chr16	18800302	18800440	138	138	4285.00	13564.00	10067.29	11274.50	1389286.00
chr13	76104249	76104402	153	153	2332.00	3013.00	2598.31	2607.00	397542.00
chr6	160200926	160201119	193	193	1965.00	2612.00	2302.80	2326.00	444440.00
chr3	119217402	119217802	400	400	2.00	1053.00	729.81	856.50	291925.00
chr11	77330650	77330740	90	90	1125.00	1404.00	1283.94	1276.50	115555.00
chr17	41150614	41150848	234	234	71.00	24929.00	6101.09	200.00	1427656.00
chr13	27830320	27830529	209	209	37.00	22650.00	14989.21	20148.00	3132744.00
chr10	79231930	79232252	322	322	0.00	10.00	0.24	0.00	76.00
chr11	61556602	61556707	105	105	112.00	2232.00	1075.50	1084.00	112928.00
chr15	34388095	34388215	120	120	946.00	1256.00	1069.73	1042.50	128368.00
chr13	78473993	78474102	109	109	470.00	556.00	523.44	519.00	57055.00
chr2	217364671	217366694	2023	2023	2.00	42817.00	2652.15	39.00	5365305.00
chr7	45022643	45022921	278	278	58.00	747.00	446.73	417.00	124191.00
chr9	88664910	88665253	343	343	0.00	9.00	3.77	4.00	1294.00
chr9	86595417	86595531	114	114	42.00	851.00	422.44	433.00	48158.00
chr9	130210114	130210268	154	154	87.00	8049.00	4690.69	5894.50	722367.00
chr8	53548574	53548629	55	55	665.00	1038.00	851.96	841.00	46858.00
chr7	56169263	56169554	291	291	45.00	9304.00	5487.99	6516.00	1597004.00
chr2	212286731	212286829	98	98	18.00	30.00	22.89	22.00	2243.00
chr12	66563634	66563775	141	141	73.00	1274.00	737.26	921.00	103954.00
chr22	39708887	39708989	102	102	1.00	18737.00	7108.58	5872.50	725075.00
chr19	9940640	9940792	152	152	35.00	6519.00	3344.49	3424.00	508362.00
chr22	40742544	40742715	171	171	29.00	243.00	157.25	167.00	26890.00
chr6	52947301	52947416	115	115	601.00	855.00	732.53	738.00	84241.00
chr12	100613785	100613924	139	139	783.00	1243.00	991.75	980.00	137853.00
chr17	36920371	36920474	103	103	97.00	1892.00	1010.85	1085.00	104118.00
chr4	152022126	152022314	188	188	10482.00	13077.00	12272.55	12513.50	2307240.00
chr4	109543106	109543180	74	74	5364.00	18159.00	11197.69	11106.00	828629.00
chr7	103848280	103848438	158	158	13.00	123.00	67.89	68.50	10727.00
chr3	197682531	197683078	547	547	13.00	7548.00	694.70	205.00	379999.00
chr5	43313457	43313578	121	121	0.00	512.00	201.95	151.00	24436.00
chr16	46715990	46716125	135	135	0.00	582.00	373.00	464.00	50355.00
chr6	75953432	75953511	79	79	157.00	9878.00	4415.39	4144.00	348816.00
chr8	99053984	99054085	101	101	39.00	11741.00	6553.03	6293.00	661856.00
chr14	39561744	39561831	87	87	156.00	211.00	182.54	186.00	15881.00
chr12	112842994	112843180	186	186	39.00	11505.00	6834.60	7816.00	1271236.00
chr3	156232152	156232238	86	86	511.00	680.00	600.71	595.50	51661.00
chr1	161127910	161128001	91	91	2226.00	3129.00	2676.09	2651.00	243524.00
chr17	3623600	3623696	96	96	415.00	723.00	580.05	548.50	55685.00
chr4	8488160	8488274	114	114	0.00	0.00	0.00	0.00	0.00
chr1	93297596	93297883	287	287	14.00	5530.00	752.22	36.00	215888.00
chr1	6257711	6257893	182	182	4.00	21403.00	8999.66	8794.50	1637938.00
chr17	30178892	30179327	435	435	69.00	3392.00	2324.71	2629.00	1011249.00
chr6	29913227	29913653	426	426	39.00	5727.00	3803.84	4427.50	1620434.00
chr8	1333882	1335355	1473	1473	0.00	0.00	0.00	0.00	0.00
chr8	104033297	104033453	156	156	10.00	1068.00	560.63	689.00	87458.00
chr12	57106217	57106336	119	119	229.00	7954.00	4094.53	3568.00	487249.00
chr14	92587985	92588235	250	250	250.00	3966.00	868.76	388.50	217190.00
chr1	165600456	165600530	74	74	223.00	3652.00	1867.77	1969.00	138215.00
chr12	6975147	6975793	646	646	38.00	3738.00	2255.11	2172.50	1456804.00
chr2	201936712	201936782	70	70	195.00	1720.00	738.44	535.50	51691.00
chr14	78174445	78174551	106	106	73.00	3331.00	1562.54	1583.00	165629.00
chr15	101812398	101813061	663	663	11.00	1286.00	736.19	756.00	488094.00
chr16	18794052	18794470	418	418	3.00	8834.00	1435.19	118.00	599910.00
chr14	101331603	101331904	301	301	0.00	0.00	0.00	0.00	0.00
chr8	109260841	109260933	92	92	24.00	929.00	567.52	571.00	52212.00
chr6	33240319	33240503	184	184	10.00	29025.00	11318.20	13623.50	2082549.00
chr15	82823287	82823393	106	106	17001.00	40611.00	31278.88	33248.50	3315561.00
chr15	83207630	83207736	106	106	16468.00	32862.00	24901.92	25089.00	2639604.00
chr9	140049063	140050870	1807	1807	0.00	16.00	2.12	0.00	3838.00
chr9	127623697	127623834	137	137	9325.00	21252.00	16620.69	17457.00	2277035.00
chr4	152024022	152024456	434	434	15.00	22578.00	9468.92	128.00	4109513.00
chr14	39532527	39532617	90	90	217.00	322.00	261.92	259.00	23573.00
chr8	37597882	37597964	82	82	158.00	207.00	179.94	178.00	14755.00
chr2	27994596	27994666	70	70	71.00	1983.00	956.33	1076.00	66943.00
chr20	57605357	57605484	127	127	13865.00	19794.00	17479.59	17483.00	2219908.00
chr12	21788274	21788643	369	369	23.00	20202.00	12474.41	13990.00	4603056.00
chr11	17098975	17099089	114	114	159.00	11909.00	4101.36	377.00	467555.00
chr15	83654980	83655121	141	141	17.00	313.00	209.88	233.00	29593.00
chr8	1302511	1303663	1152	1152	0.00	128.00	24.32	0.00	28015.00
chr16	56717869	56718106	237	237	87.00	3702.00	1700.54	1767.00	403028.00
chr11	61316511	61317259	748	748	0.00	0.00	0.00	0.00	0.00
chr8	1407998	1408381	383	383	0.00	3.00	1.12	0.00	429.00
chr9	140833366	140833967	601	601	0.00	4.00	0.61	0.00	364.00
chr2	114713199	114713283	84	84	2437.00	3296.00	2745.62	2598.00	230632.00
chr6	133137599	133137830	231	231	5.00	21250.00	8300.03	24.00	1917308.00
chr2	47403114	47403667	553	553	25.00	26179.00	1782.10	123.00	985501.00
chr18	56824839	56824897	58	58	2642.00	3706.00	3208.84	3078.50	186113.00
chr15	49447721	49447789	68	68	23.00	525.00	254.66	264.00	17317.00
chr8	1328506	1329077	571	571	0.00	6.00	2.09	1.00	1195.00
chr22	48905128	48905505	377	377	0.00	6.00	1.34	0.00	504.00
chr19	15366874	15367074	200	200	242.00	408.00	328.24	325.50	65647.00
chr5	31663101	31663338	237	237	0.00	0.00	0.00	0.00	0.00
chr4	6499163	6499319	156	156	0.00	0.00	0.00	0.00	0.00
chr18	47016823	47016922	99	99	11415.00	15844.00	12769.63	12600.00	1264193.00
chr20	32677124	32677711	587	587	2.00	2427.00	1289.16	1605.00	756736.00
chr7	154495717	154496173	456	456	0.00	0.00	0.00	0.00	0.00
chr17	79857795	79858128	333	333	158.00	4370.00	2810.36	3333.00	935849.00
chr14	23495058	23495584	526	526	22.00	4448.00	2718.63	2946.50	1429997.00
chr11	33453866	33455459	1593	1593	0.00	22.00	3.04	0.00	4844.00
chr19	24009898	24010069	171	171	0.00	114.00	65.46	101.00	11194.00
chr8	99056316	99057688	1372	1372	6.00	22549.00	2647.07	96.00	3631782.00
chr15	76518189	76518270	81	81	1418.00	1767.00	1564.23	1544.00	126703.00
chr7	2405951	2406083	132	132	404.00	803.00	573.62	555.50	75718.00
chr17	77225977	77226356	379	379	0.00	0.00	0.00	0.00	0.00
chr8	109226835	109226945	110	110	2104.00	3000.00	2548.45	2573.50	280329.00
chr15	66795695	66795867	172	172	4496.00	8538.00	7277.08	7534.00	1251657.00
chr21	35751726	35751815	89	89	582.00	1212.00	1017.16	1079.00	90527.00
chr9	140043870	140044424	554	554	0.00	0.00	0.00	0.00	0.00
chr12	53413693	53413810	117	117	512.00	806.00	673.23	704.00	78768.00
chr1	93301746	93301949	203	203	5865.00	8428.00	7408.77	7625.00	1503980.00
chr3	53925796	53925885	89	89	127.00	1485.00	765.58	709.00	68137.00
chr3	69120685	69120768	83	83	378.00	498.00	456.34	468.00	37876.00
chr5	36606686	36607116	430	430	0.00	2012.00	326.27	19.00	140298.00
chr8	1337727	1339342	1615	1615	0.00	0.00	0.00	0.00	0.00
chr3	10555942	10556047	105	105	0.00	0.00	0.00	0.00	0.00
chr17	26903528	26903944	416	416	3.00	4128.00	472.06	21.00	196377.00
chr14	70826235	70826428	193	193	43.00	2381.00	1071.21	1000.00	206743.00
chr11	63743696	63744007	311	311	185.00	12752.00	7608.22	8650.00	2366155.00
chr2	3622881	3622940	59	59	141.00	5542.00	937.85	280.00	55333.00
chr19	41059346	41059540	194	194	0.00	3.00	0.43	0.00	84.00
chr1	160254844	160254920	76	76	0.00	837.00	402.88	402.50	30619.00
chr13	50125461	50125604	143	143	190.00	291.00	227.93	220.00	32594.00
chr10	74385767	74385864	97	97	10.00	352.00	158.55	118.00	15379.00
chr1	24022192	24022622	430	430	0.00	24074.00	4068.85	28.00	1749605.00
chr5	149822902	149823916	1014	1014	80.00	17400.00	987.84	188.00	1001673.00
chr3	58417457	58417520	63	63	906.00	1184.00	1007.95	985.00	63501.00
chr4	8095073	8095888	815	815	0.00	7.00	1.98	0.00	1616.00
chr19	48281945	48282071	126	126	546.00	21501.00	9941.15	11945.50	1252585.00
chr8	1310963	1311278	315	315	0.00	0.00	0.00	0.00	0.00
chr16	56660791	56661007	216	216	154.00	7800.00	4672.31	5493.50	1009219.00
chr5	149826985	149827298	313	313	18.00	17027.00	6289.00	54.00	1968456.00
chr18	19353584	19353689	105	105	55.00	89.00	73.79	75.00	7748.00
chr1	117963190	117963308	118	118	0.00	110.00	67.27	93.00	7938.00
chr7	158191496	158192060	564	564	0.00	0.00	0.00	0.00	0.00
chr12	57033663	57033976	313	313	27.00	12895.00	7448.37	9878.00	2331341.00
chr7	54826850	54826915	65	65	62.00	1417.00	845.09	881.00	54931.00
chr18	3262131	3262235	104	104	26.00	3733.00	1631.83	1759.00	169710.00
chr20	56918773	56918855	82	82	245.00	311.00	278.11	275.00	22805.00
chr2	55460498	55460553	55	55	20129.00	25818.00	23205.47	23349.00	1276301.00
chr9	130213556	130213674	118	118	70.00	10005.00	5961.06	5773.50	703405.00
chr7	54819984	54820151	167	167	35.00	2379.00	842.92	602.00	140768.00
chr19	58906048	58906170	122	122	52.00	6422.00	2607.27	2245.00	318087.00
chr2	187531430	187531510	80	80	387.00	518.00	451.41	456.00	36113.00
chr10	51580555	51580696	141	141	419.00	638.00	517.11	509.00	72912.00
chr11	21135134	21135260	126	126	252.00	339.00	295.80	297.00	37271.00
chr4	602915	603654	739	739	0.00	31.00	7.85	6.00	5804.00
chr1	27915783	27915968	185	185	0.00	0.00	0.00	0.00	0.00
chr2	11724902	11725051	149	149	0.00	0.00	0.00	0.00	0.00
chr7	135635346	135635430	84	84	996.00	1235.00	1126.85	1152.00	94655.00
chr3	13169437	13170032	595	595	0.00	6.00	2.03	3.00	1209.00
chr3	197680808	197681018	210	210	0.00	15647.00	8700.99	11798.00	1827207.00
chr9	34613544	34613868	324	324	37.00	3380.00	1926.14	1908.00	624068.00
chr3	62305395	62305507	112	112	458.00	1182.00	910.13	950.50	101935.00
chr4	174308947	174309781	834	834	22.00	5216.00	681.54	72.00	568408.00
chr15	78832790	78832881	91	91	35.00	1390.00	749.01	839.00	68160.00
chr10	714132	714671	539	539	5.00	32.00	18.00	17.00	9701.00
chr8	1312779	1313338	559	559	0.00	0.00	0.00	0.00	0.00
chr17	77366765	77366942	177	177	0.00	0.00	0.00	0.00	0.00
chr2	3623181	3623274	93	93	5818.00	17105.00	11376.23	10643.00	1057989.00
chr14	50272738	50272851	113	113	252.00	359.00	313.84	319.00	35464.00
chr5	52978947	52979164	217	217	32.00	2861.00	1227.31	1130.00	266326.00
chr3	179333770	179333837	67	67	1574.00	1932.00	1750.24	1766.00	117266.00
chr1	162469744	162470057	313	313	0.00	129.00	87.86	95.00	27499.00
chr12	133528347	133528661	314	314	0.00	9.00	1.63	0.00	513.00
chr9	130209952	130210096	144	144	50.00	3240.00	596.28	97.50	85865.00
chr9	114287457	114287542	85	85	0.00	31.00	7.95	1.00	676.00
chr16	648960	649176	216	216	3.00	11.00	7.19	7.00	1553.00
chr7	70625531	70625736	205	205	0.00	0.00	0.00	0.00	0.00
chr7	140396504	140396642	138	138	230.00	7851.00	4849.40	5463.50	669217.00
chr3	12877458	12877961	503	503	2.00	25744.00	5036.06	74.00	2533139.00
chr8	1356126	1356675	549	549	0.00	5.00	0.87	0.00	478.00
chr11	64089057	64089265	208	208	301.00	10671.00	7003.73	8304.50	1456775.00
chr8	962950	963753	803	803	0.00	0.00	0.00	0.00	0.00
chr8	1243161	1246013	2852	2852	0.00	0.00	0.00	0.00	0.00
chr7	99896310	99896623	313	313	0.00	6.00	1.54	0.00	483.00
chr12	6602223	6602450	227	227	151.00	5081.00	2367.51	2301.00	537424.00
chr11	51168440	51168568	128	128	0.00	0.00	0.00	0.00	0.00
chr1	161183653	161184181	528	528	17.00	3087.00	1074.76	452.00	567474.00
chr8	1421477	1421623	146	146	0.00	0.00	0.00	0.00	0.00
chr11	67123414	67123503	89	89	0.00	0.00	0.00	0.00	0.00
chr1	54507396	54507478	82	82	3946.00	5845.00	4979.48	4948.00	408317.00
chr2	183743604	183743742	138	138	0.00	0.00	0.00	0.00	0.00
chr3	12880847	12881029	182	182	19192.00	24621.00	22119.46	22583.00	4025742.00
chr11	61096834	61097056	222	222	309.00	552.00	426.16	419.00	94607.00
chr17	77277626	77277812	186	186	0.00	0.00	0.00	0.00	0.00
chr20	18548083	18548240	157	157	81.00	2053.00	1275.22	1377.00	200210.00
chr3	184023841	184023943	102	102	857.00	1342.00	1091.47	1044.00	111330.00
chr20	44845850	44845952	102	102	0.00	11.00	1.65	0.00	168.00
chr1	45244201	45244425	224	224	32.00	19286.00	6791.91	4711.50	1521387.00
chr18	35009257	35009508	251	251	0.00	0.00	0.00	0.00	0.00
chr10	60028911	60029064	153	153	73.00	1298.00	714.83	768.00	109369.00
chr7	140705975	140706335	360	360	62.00	1840.00	1093.26	1089.00	393574.00
chr22	18074542	18075502	960	960	43.00	10569.00	4543.18	6440.50	4361451.00
chr1	153946748	153947311	563	563	32.00	3856.00	1615.31	1323.00	909421.00
chr11	32608557	32608690	133	133	588.00	1042.00	813.45	800.00	108189.00
chr1	184695388	184695523	135	135	55.00	81.00	67.04	66.00	9050.00
chr8	10257907	10259478	1571	1571	0.00	9.00	0.58	0.00	909.00
chr3	186502009	186503840	1831	1831	0.00	8940.00	1601.65	41.00	2932626.00
chr7	102996140	102996240	100	100	594.00	842.00	709.84	703.00	70984.00
chr9	35099896	35100169	273	273	71.00	2110.00	1361.73	1449.00	371753.00
chr7	71155616	71155866	250	250	0.00	0.00	0.00	0.00	0.00
chr6	160199201	160199312	111	111	1046.00	1394.00	1290.52	1316.00	143248.00
chr9	101108512	101108977	465	465	0.00	0.00	0.00	0.00	0.00
chr16	56667251	56667317	66	66	1623.00	2096.00	1923.91	1975.00	126978.00
chr8	1391588	1392091	503	503	0.00	0.00	0.00	0.00	0.00
chr11	62340055	62340214	159	159	3147.00	10149.00	7661.83	8466.00	1218231.00
chr17	79214786	79215080	294	294	29.00	3989.00	2560.69	3082.00	752843.00
chr1	173446461	173446631	170	170	63.00	4461.00	2149.31	2436.50	365382.00
chr8	63930051	63930189	138	138	294.00	455.00	383.19	380.50	52880.00
chr7	131890215	131890326	111	111	0.00	0.00	0.00	0.00	0.00
chr4	42051393	42051496	103	103	522.00	892.00	728.76	707.00	75062.00
chr2	91781295	91781567	272	272	0.00	6.00	0.09	0.00	24.00
chr8	1301692	1302498	806	806	0.00	0.00	0.00	0.00	0.00
chr3	58415854	58415965	111	111	1350.00	2264.00	1768.72	1790.00	196328.00
chr14	94594850	94595012	162	162	2077.00	3782.00	3260.32	3333.50	528172.00
chr3	197678029	197678195	166	166	60.00	17985.00	13073.06	15036.50	2170128.00
chr6	74227752	74228333	581	581	104.00	76207.00	46651.27	49866.00	27104389.00
chr8	1346274	1346328	54	54	0.00	0.00	0.00	0.00	0.00
chr12	69979239	69979304	65	65	28.00	514.00	281.38	321.00	18290.00
chr5	167913484	167913548	64	64	0.00	61.00	43.95	52.00	2813.00
chr7	157626545	157627221	676	676	0.00	0.00	0.00	0.00	0.00
chr9	33278110	33278223	113	113	2105.00	2412.00	2264.60	2268.00	255900.00
chr8	67974080	67974367	287	287	19.00	1416.00	998.35	1222.00	286527.00
chr2	232037248	232037521	273	273	4.00	3181.00	1498.62	1401.00	409122.00
chr6	133135870	133135921	51	51	11174.00	19045.00	15100.53	15385.00	770127.00
chr8	10360310	10361038	728	728	1.00	47.00	21.24	21.00	15464.00
chr5	176279272	176279378	106	106	0.00	3.00	1.25	0.00	132.00
chr22	33164101	33164375	274	274	0.00	10.00	3.65	5.00	1000.00
chr14	101330805	101331525	720	720	0.00	0.00	0.00	0.00	0.00
chr20	3529816	3529985	169	169	9.00	67.00	37.26	37.00	6297.00
chr4	57896369	57896565	196	196	1300.00	1919.00	1576.59	1605.00	309011.00
chr7	157662624	157663418	794	794	0.00	18.00	4.11	4.00	3266.00
chr19	35230427	35230526	99	99	23.00	162.00	117.06	118.00	11589.00
chr22	32783580	32784086	506	506	43.00	1460.00	1007.40	1145.00	509745.00
chr16	18812752	18812882	130	130	53.00	5517.00	2444.38	2238.50	317769.00
chr6	24775236	24775340	104	104	114.00	191.00	143.51	141.00	14925.00
chr1	202931009	202931827	818	818	10.00	1129.00	750.74	819.00	614102.00
chr21	39149654	39149774	120	120	0.00	0.00	0.00	0.00	0.00
chr3	27446320	27446454	134	134	6.00	21.00	13.40	17.00	1795.00
chr8	1325595	1325874	279	279	0.00	4.00	1.33	0.00	372.00
chr7	140404659	140404763	104	104	3349.00	8148.00	5698.27	5749.50	592620.00
chr2	209119662	209119824	162	162	28.00	201.00	140.72	165.00	22796.00
chr12	120881821	120882758	937	937	128.00	718.00	403.45	393.00	378034.00
chr21	35286753	35286804	51	51	3701.00	5397.00	4625.41	4551.00	235896.00
chr14	24587596	24587743	147	147	519.00	809.00	677.54	658.00	99599.00
chr12	111595593	111595735	142	142	0.00	0.00	0.00	0.00	0.00
chr10	85908485	85908594	109	109	3497.00	4607.00	3995.10	4008.00	435466.00
chr9	32552798	32552977	179	179	24.00	829.00	381.60	337.00	68307.00
chr17	49773932	49774148	216	216	0.00	0.00	0.00	0.00	0.00
chr16	3781776	3781938	162	162	99.00	205.00	139.08	125.00	22531.00
chr1	185751175	185751337	162	162	0.00	0.00	0.00	0.00	0.00
chr1	165624604	165624865	261	261	125.00	8829.00	4265.48	4201.00	1113289.00
chr11	68895617	68896008	391	391	0.00	3.00	0.99	0.00	387.00
chr2	135884152	135884226	74	74	171.00	220.00	193.38	193.00	14310.00
chr6	112418243	112418404	161	161	871.00	2015.00	1638.07	1756.00	263730.00
chr17	77527767	77527878	111	111	0.00	0.00	0.00	0.00	0.00
chr17	77629088	77629199	111	111	0.00	0.00	0.00	0.00	0.00
chr2	196582975	196583056	81	81	78.00	356.00	188.84	154.00	15296.00
chr11	70463044	70463452	408	408	0.00	6.00	1.68	0.00	684.00
chr8	97133433	97133638	205	205	0.00	0.00	0.00	0.00	0.00
chr18	3253886	3254048	162	162	756.00	958.00	850.30	851.50	137748.00
chr8	984873	985055	182	182	0.00	0.00	0.00	0.00	0.00
chr2	172671630	172671712	82	82	294.00	435.00	367.98	364.00	30174.00
chr8	99054872	99055418	546	546	41.00	20131.00	3644.91	93.00	1990123.00
chr3	69126948	69127069	121	121	435.00	676.00	578.69	588.00	70022.00
chr7	157859676	157859927	251	251	1.00	26.00	7.25	7.00	1819.00
chr6	16430725	16431049	324	324	0.00	0.00	0.00	0.00	0.00
chr7	23728887	23729078	191	191	236.00	437.00	328.27	294.00	62700.00
chr7	96747026	96747209	183	183	52.00	435.00	318.72	340.00	58325.00
chr12	6601303	6601633	330	330	71.00	3497.00	2160.02	2625.50	712806.00
chr6	26104168	26104550	382	382	0.00	6.00	2.53	3.00	966.00
chr16	18799384	18799464	80	80	10010.00	13546.00	12216.23	12331.50	977298.00
chr8	1371931	1372576	645	645	0.00	0.00	0.00	0.00	0.00
chr9	101992618	101992875	257	257	65.00	2056.00	1292.32	1423.00	332125.00
chr5	40834572	40834708	136	136	8727.00	29757.00	22549.23	24107.50	3066695.00
chr8	104053025	104053245	220	220	0.00	1260.00	841.11	1051.50	185045.00
chr6	75950705	75950981	276	276	8.00	11467.00	3482.30	47.00	961116.00
chr2	55148403	55148762	359	359	0.00	0.00	0.00	0.00	0.00
chr21	35287881	35288110	229	229	45.00	3538.00	556.36	71.00	127407.00
chr22	48231302	48231645	343	343	0.00	0.00	0.00	0.00	0.00
chr20	34129819	34129934	115	115	29.00	702.00	388.30	420.00	44655.00
chr19	49121047	49121134	87	87	4529.00	13353.00	9263.74	9263.00	805945.00
chr12	125398915	125399205	290	290	57.00	10641.00	1407.58	199.00	408197.00
chr2	62103229	62103369	140	140	1121.00	2015.00	1567.14	1464.50	219400.00
chr17	77258008	77258121	113	113	0.00	0.00	0.00	0.00	0.00
chr11	14520383	14520556	173	173	8.00	253.00	180.86	205.00	31289.00
chr14	54955642	54955747	105	105	24.00	648.00	321.66	342.00	33774.00
chr7	157861401	157861634	233	233	0.00	4.00	0.87	0.00	203.00
chr4	39459205	39459316	111	111	0.00	19039.00	15266.71	17633.00	1694605.00
chr10	88822412	88822653	241	241	0.00	2783.00	1808.30	2263.00	435800.00
chr8	1322779	1322945	166	166	0.00	0.00	0.00	0.00	0.00
chr8	1308665	1309830	1165	1165	0.00	12.00	1.04	0.00	1212.00
chr7	150488405	150488711	306	306	141.00	978.00	606.13	620.00	185476.00
chr8	42012133	42012478	345	345	90.00	265.00	181.66	189.00	62671.00
chr16	15178498	15178562	64	64	54.00	128.00	87.02	87.50	5569.00
chr8	1339367	1339730	363	363	0.00	0.00	0.00	0.00	0.00
chr18	3694076	3700673	6597	6597	0.00	22.00	1.65	0.00	10895.00
chr12	39698622	39698740	118	118	628.00	943.00	781.42	768.00	92207.00
chr3	17056199	17056544	345	345	0.00	344.00	169.56	247.00	58498.00
chr18	19358063	19358130	67	67	45.00	70.00	57.45	60.00	3849.00
chr8	983340	983799	459	459	0.00	0.00	0.00	0.00	0.00
chr19	13339877	13341023	1146	1146	0.00	273.00	33.79	8.00	38720.00
chr6	151773624	151773721	97	97	5.00	116.00	52.98	57.00	5139.00
chr14	24686065	24686429	364	364	50.00	6258.00	3893.73	4518.50	1417317.00
chr12	57178636	57178800	164	164	124.00	226.00	184.50	184.00	30258.00
chr19	13337665	13337737	72	72	24.00	51.00	36.78	37.50	2648.00
chr1	153642646	153642706	60	60	220.00	741.00	501.93	528.00	30116.00
chr7	158243836	158244365	529	529	0.00	0.00	0.00	0.00	0.00
chr1	182808477	182808591	114	114	21.00	197.00	93.69	77.00	10681.00
chr11	70407472	70407745	273	273	0.00	0.00	0.00	0.00	0.00
chr17	77223847	77224037	190	190	0.00	0.00	0.00	0.00	0.00
chr8	121457307	121457378	71	71	68.00	371.00	214.00	199.00	15194.00
chr7	101148640	101148738	98	98	0.00	0.00	0.00	0.00	0.00
chr1	234195282	234195479	197	197	0.00	0.00	0.00	0.00	0.00
chr10	116894789	116895609	820	820	0.00	0.00	0.00	0.00	0.00
chr5	43700220	43700339	119	119	478.00	622.00	546.80	548.00	65069.00
chr14	104381402	104381526	124	124	5682.00	11655.00	9767.42	10492.50	1211160.00
chr2	183622418	183622552	134	134	733.00	1130.00	929.40	897.00	124540.00
chr7	157637593	157637734	141	141	0.00	3.00	1.42	2.00	200.00
chr7	100240745	100240949	204	204	73.00	1561.00	952.12	1083.50	194233.00
chr9	68272817	68273041	224	224	0.00	0.00	0.00	0.00	0.00
chr1	54502282	54502391	109	109	3447.00	4817.00	4097.10	4095.00	446584.00
chr12	56119904	56120045	141	141	6617.00	10328.00	8373.03	8425.00	1180597.00
chr1	204624352	204624481	129	129	0.00	0.00	0.00	0.00	0.00
chr8	48401552	48401786	234	234	0.00	0.00	0.00	0.00	0.00
chr12	130973967	130974226	259	259	0.00	0.00	0.00	0.00	0.00
chr10	51565182	51565296	114	114	1.00	386.00	163.61	160.00	18652.00
chr1	161127406	161127483	77	77	1891.00	2298.00	2026.17	1998.00	156015.00
chr6	33407495	33407947	452	452	0.00	4.00	2.20	2.00	995.00
chr12	96414862	96414915	53	53	338.00	382.00	356.53	357.00	18896.00
chr6	166265710	166267024	1314	1314	0.00	0.00	0.00	0.00	0.00
chr2	201681828	201681964	136	136	545.00	1060.00	684.35	630.00	93071.00
chr14	90178862	90179024	162	162	0.00	2.00	1.25	2.00	202.00
chr12	112847209	112847378	169	169	9.00	338.00	202.99	231.00	34305.00
chr3	150964599	150964917	318	318	0.00	9.00	3.03	3.00	963.00
chr11	118886518	118886649	131	131	49.00	17327.00	7289.50	6511.00	954924.00
chr17	40963672	40963815	143	143	1206.00	1734.00	1471.72	1482.00	210456.00
chr18	3277250	3277412	162	162	3914.00	4780.00	4442.98	4437.00	719763.00
chr5	10250408	10250557	149	149	35.00	768.00	461.76	517.00	68802.00
chr12	46636982	46637097	115	115	70.00	151.00	121.04	124.00	13920.00
chr3	139102139	139102277	138	138	118.00	172.00	146.38	146.00	20201.00
chr9	140791269	140791603	334	334	0.00	0.00	0.00	0.00	0.00
chr19	8386191	8386263	72	72	82.00	1489.00	676.00	698.00	48672.00
chr12	41337796	41337972	176	176	1168.00	1738.00	1464.24	1482.50	257707.00
chr17	41151878	41152197	319	319	21.00	24487.00	8732.12	12549.00	2785545.00
chr8	1566660	1566775	115	115	0.00	0.00	0.00	0.00	0.00
chr14	39530968	39531075	107	107	306.00	461.00	375.65	375.00	40195.00
chr14	50053002	50053106	104	104	123.00	18674.00	7918.31	7865.00	823504.00
chr16	50353797	50353941	144	144	916.00	1131.00	1015.23	1013.50	146193.00
chr16	46711226	46711363	137	137	0.00	779.00	435.58	684.00	59674.00
chr1	26231154	26231229	75	75	10935.00	22456.00	15965.97	15811.00	1197448.00
chr6	36944974	36945026	52	52	5491.00	6260.00	5880.29	5933.00	305775.00
chr6	31807319	31807520	201	201	93.00	3999.00	1802.53	1726.00	362309.00
chr9	88190155	88190390	235	235	32.00	875.00	511.93	684.00	120303.00
chr17	8283113	8283254	141	141	19761.00	26161.00	23374.27	23243.00	3295772.00
chr1	176145045	176145143	98	98	42.00	86.00	65.87	71.00	6455.00
chr19	51164998	51165939	941	941	300.00	1598.00	1199.40	1205.00	1128640.00
chr1	117957334	117957453	119	119	73.00	165.00	112.08	103.00	13337.00
chr7	70963377	70963706	329	329	0.00	0.00	0.00	0.00	0.00
chr1	162470702	162470894	192	192	84.00	199.00	139.51	143.00	26785.00
chr8	10325951	10326780	829	829	0.00	0.00	0.00	0.00	0.00
chr3	136047599	136047699	100	100	821.00	1042.00	931.37	924.50	93137.00
chr6	27342972	27343027	55	55	21.00	142.00	86.84	93.00	4776.00
chr14	24587263	24587364	101	101	665.00	833.00	777.09	787.00	78486.00
chr12	69981284	69981396	112	112	805.00	1074.00	933.29	937.50	104528.00
chr6	44214830	44215056	226	226	6.00	3834.00	851.23	18.00	192379.00
chr18	77733338	77733903	565	565	0.00	4222.00	2106.70	2429.00	1190283.00
chr8	1332671	1332837	166	166	0.00	2.00	0.70	0.00	116.00
chr7	140406362	140406444	82	82	28.00	3031.00	1251.11	1046.50	102591.00
chr7	54825187	54825287	100	100	1724.00	2945.00	2644.10	2772.00	264410.00
chr4	83996449	83996942	493	493	43.00	2799.00	1594.07	1948.00	785876.00
chr5	74046403	74046492	89	89	190.00	279.00	233.22	239.00	20757.00
chr1	62166605	62166697	92	92	1370.00	1732.00	1581.92	1632.50	145537.00
chr6	133135686	133135752	66	66	58.00	10954.00	3899.03	822.50	257336.00
chr6	30688117	30688340	223	223	76.00	3595.00	2403.34	3138.00	535945.00
chr1	205737285	205737743	458	458	134.00	695.00	406.99	418.00	186402.00
chr16	19516202	19516414	212	212	1341.00	1784.00	1551.18	1568.50	328851.00
chr2	55461254	55461340	86	86	22038.00	26705.00	24471.84	24408.00	2104578.00
chr12	45108414	45108524	110	110	0.00	1850.00	1279.49	1498.00	140744.00
chr8	1337494	1337699	205	205	0.00	0.00	0.00	0.00	0.00
chr15	82821159	82821339	180	180	32.00	18219.00	7992.41	7511.50	1438634.00
chr6	75950016	75950101	85	85	9236.00	13366.00	11761.07	12544.00	999691.00
chr11	133786960	133787104	144	144	0.00	2.00	0.44	0.00	64.00
chr17	37006056	37006467	411	411	38.00	9010.00	1459.02	101.00	599658.00
chr15	83205502	83205682	180	180	16.00	14587.00	5360.92	4324.50	964965.00
chr12	2741650	2742001	351	351	0.00	0.00	0.00	0.00	0.00
chr8	82598486	82598555	69	69	32.00	205.00	111.57	113.00	7698.00
chr11	61327706	61327983	277	277	0.00	0.00	0.00	0.00	0.00
chr12	32866142	32866305	163	163	405.00	675.00	507.10	499.00	82657.00
chr1	54506428	54506513	85	85	1498.00	5962.00	5168.76	5399.00	439345.00
chr14	68162346	68162467	121	121	15.00	789.00	410.67	438.00	49691.00
chr5	81572167	81572337	170	170	18.00	23539.00	12783.80	15615.00	2173246.00
chr12	69980049	69980124	75	75	576.00	875.00	778.35	812.00	58376.00
chr13	42742814	42742954	140	140	0.00	8.00	0.57	0.00	80.00
chr1	54678173	54678331	158	158	757.00	1023.00	896.09	912.00	141582.00
chr22	48230646	48231072	426	426	0.00	0.00	0.00	0.00	0.00
chr10	105156054	105156261	207	207	0.00	7368.00	1376.75	7.00	284987.00
chr22	48197018	48197232	214	214	0.00	0.00	0.00	0.00	0.00
chr9	140899136	140899908	772	772	0.00	6.00	1.93	0.00	1490.00
chr5	85915169	85915316	147	147	65.00	26106.00	18668.02	19313.00	2744199.00
chr2	1872090	1872390	300	300	0.00	0.00	0.00	0.00	0.00
chr19	41052157	41052922	765	765	0.00	18.00	2.38	0.00	1818.00
chr3	186501323	186501791	468	468	0.00	1995.00	153.58	14.00	71877.00
chr7	713588	713686	98	98	0.00	0.00	0.00	0.00	0.00
chr6	33243573	33243660	87	87	27063.00	39010.00	34235.78	34918.00	2978513.00
chr4	146025537	146025667	130	130	144.00	227.00	181.10	182.00	23543.00
chr4	144464349	144464810	461	461	0.00	807.00	221.19	5.00	101968.00
chr13	29233271	29233324	53	53	189.00	1960.00	1015.96	902.00	53846.00
chr18	10530766	10530834	68	68	306.00	410.00	368.63	379.00	25067.00
chr2	141027810	141027915	105	105	115.00	246.00	164.50	151.00	17273.00
chr15	77344726	77344810	84	84	4147.00	4970.00	4655.05	4653.50	391024.00
chr5	56469893	56470038	145	145	5.00	453.00	253.93	277.00	36820.00
chr18	56825836	56826060	224	224	51.00	4099.00	1944.43	1801.50	435553.00
chr16	46696894	46697074	180	180	939.00	1549.00	1264.28	1283.50	227570.00
chr10	116734087	116734144	57	57	308.00	400.00	357.12	358.00	20356.00
chr1	153964540	153964768	228	228	3.00	12865.00	1929.28	16.00	439875.00
chr18	35039659	35039939	280	280	0.00	0.00	0.00	0.00	0.00
chr16	15179495	15179555	60	60	119.00	148.00	131.53	133.00	7892.00
chr17	7760002	7760161	159	159	76.00	4254.00	2221.67	2340.00	353246.00
chr6	55364033	55364097	64	64	100.00	162.00	132.52	135.00	8481.00
chr1	94972093	94972198	105	105	464.00	565.00	520.34	523.00	54636.00
chr8	1246664	1248453	1789	1789	0.00	6.00	0.34	0.00	606.00
chr9	95005497	95005593	96	96	622.00	852.00	731.53	707.50	70227.00
chr7	158071358	158071545	187	187	0.00	0.00	0.00	0.00	0.00
chr5	81573511	81573671	160	160	9448.00	25802.00	20098.62	21497.50	3215780.00
chr12	6979428	6980098	670	670	11.00	16241.00	10248.40	12258.50	6866429.00
chr11	61303993	61304727	734	734	0.00	21.00	6.83	7.00	5016.00
chr16	84733622	84733717	95	95	21.00	343.00	187.89	169.00	17850.00
chr3	36366843	36366990	147	147	0.00	0.00	0.00	0.00	0.00
chr12	124841468	124843196	1728	1728	0.00	42.00	8.72	4.00	15075.00
chr3	107938256	107938419	163	163	394.00	550.00	464.79	460.00	75761.00
chr17	77408582	77409029	447	447	0.00	0.00	0.00	0.00	0.00
chr16	15552927	15553391	464	464	0.00	6.00	1.30	0.00	603.00
chr10	51632928	51633033	105	105	0.00	91.00	61.67	60.00	6475.00
chr2	10929022	10929107	85	85	1360.00	1662.00	1509.82	1519.00	128335.00
chr11	812759	812874	115	115	184.00	15611.00	6569.67	5951.00	755512.00
chr6	30587269	30587378	109	109	431.00	584.00	496.91	482.00	54163.00
chr7	76164482	76164642	160	160	0.00	30.00	10.44	11.00	1671.00
chr15	77345118	77345271	153	153	3958.00	4805.00	4446.35	4447.00	680292.00
chr17	31704508	31704748	240	240	0.00	0.00	0.00	0.00	0.00
chr12	122248312	122248427	115	115	0.00	37.00	15.63	19.00	1798.00
chr12	49663630	49663759	129	129	585.00	1715.00	1327.36	1393.00	171229.00
chr7	108137926	108138021	95	95	701.00	850.00	769.26	771.00	73080.00
chr4	144933121	144933482	361	361	0.00	0.00	0.00	0.00	0.00
