#chrom	start	end	size	num_data	min	max	mean	median	sum
chr12	1940100	1940691	591	591	115.00	244.00	168.57	169.00	99626.00
chr1	27480473	27481381	908	908	8.00	134.00	74.65	77.00	67778.00
chr15	63112684	63112809	125	125	659.00	919.00	812.76	815.00	101595.00
chr5	149231737	149232254	517	517	5.00	36.00	19.39	18.00	10027.00
chr5	140865429	140867182	1753	1753	12.00	131.00	51.82	48.00	90839.00
chr1	32209793	32209958	165	165	408.00	834.00	651.33	709.00	107469.00
chr16	87873307	87873431	124	124	428.00	584.00	493.55	488.50	61200.00
chr17	34157438	34158175	737	737	0.00	43.00	12.93	14.00	9529.00
chr2	127815619	127816088	469	469	12.00	124.00	87.60	92.00	41085.00
chr1	208212965	208213112	147	147	122.00	259.00	197.48	198.00	29030.00
chr22	19703883	19704666	783	783	5.00	55.00	20.34	17.00	15924.00
chr16	87872319	87872423	104	104	372.00	509.00	431.19	427.50	44844.00
chr9	140055740	140055868	128	128	2019.00	2648.00	2409.79	2421.00	308453.00
chr22	21096515	21096643	128	128	867.00	1003.00	952.23	960.00	121885.00
chr9	140056321	140056540	219	219	0.00	3071.00	1920.57	2264.00	420604.00
chr11	78379981	78380253	272	272	30.00	118.00	70.95	66.00	19298.00
chr3	11070420	11070533	113	113	845.00	1138.00	1017.87	1036.00	115019.00
chr1	109812554	109813222	668	668	15.00	1476.00	672.07	958.50	448942.00
chr2	220161954	220162155	201	201	1665.00	2532.00	2178.11	2235.00	437800.00
chr15	74706887	74707086	199	199	351.00	504.00	430.35	428.00	85639.00
chr17	7318829	7319426	597	597	570.00	985.00	731.75	727.00	436857.00
chr1	21560050	21560154	104	104	132.00	204.00	160.14	154.00	16655.00
chr1	25573799	25573952	153	153	18.00	705.00	387.05	476.00	59218.00
chr14	93198993	93199160	167	167	289.00	403.00	359.41	364.00	60022.00
chr1	205554003	205554119	116	116	544.00	662.00	604.14	602.00	70080.00
chr1	9795005	9795232	227	227	2558.00	4302.00	3411.88	3584.00	774497.00
chr17	42426525	42426670	145	145	186.00	373.00	281.35	284.00	40796.00
chr18	70205887	70206179	292	292	0.00	202.00	58.96	0.00	17216.00
chr1	205553082	205553251	169	169	641.00	912.00	762.51	764.00	128864.00
chr9	140056623	140056766	143	143	2.00	2769.00	1997.03	2302.00	285575.00
chr6	33412147	33412394	247	247	0.00	1528.00	803.40	859.00	198439.00
chr12	89992366	89992547	181	181	12.00	1873.00	1464.14	1700.00	265010.00
chr2	220088827	220089576	749	749	256.00	700.00	438.16	400.00	328181.00
chr14	100763073	100765222	2149	2149	24.00	392.00	82.60	78.00	177505.00
chr1	110740697	110742543	1846	1846	30.00	1515.00	910.22	932.50	1680267.00
chr1	149878201	149879758	1557	1557	0.00	1861.00	495.32	29.00	771212.00
chr3	197264139	197265259	1120	1120	0.00	35.00	8.65	6.00	9687.00
chr8	56449623	56450530	907	907	5.00	83.00	42.10	37.00	38189.00
chr9	139354208	139354326	118	118	156.00	255.00	211.75	214.00	24986.00
chr1	32204908	32205236	328	328	1394.00	1999.00	1665.91	1651.50	546420.00
chr7	75608768	75608897	129	129	289.00	479.00	398.07	416.00	51351.00
chr19	45161029	45161178	149	149	91.00	209.00	151.15	151.00	22521.00
chr19	5243911	5244493	582	582	149.00	377.00	230.20	215.50	133978.00
chr6	32119585	32119717	132	132	14.00	1454.00	640.44	617.50	84538.00
chr3	42670878	42672067	1189	1189	0.00	98.00	20.17	13.00	23986.00
chr11	45892392	45892485	93	93	506.00	627.00	575.53	579.00	53524.00
chr17	80040789	80040991	202	202	1133.00	1699.00	1393.13	1395.50	281413.00
chr2	74902875	74903036	161	161	138.00	199.00	177.80	182.00	28625.00
chr17	38335969	38337946	1977	1977	0.00	397.00	30.16	15.00	59624.00
chr16	87870103	87870253	150	150	513.00	672.00	588.25	590.50	88237.00
chr1	32205947	32206142	195	195	1054.00	1808.00	1459.61	1467.00	284623.00
chr6	44117553	44117702	149	149	3.00	737.00	466.74	643.00	69545.00
chr1	159163659	159163830	171	171	1931.00	2776.00	2384.38	2375.00	407729.00
chr3	445565	446023	458	458	0.00	41.00	18.26	19.00	8363.00
chr2	25048913	25048995	82	82	412.00	524.00	454.73	449.50	37288.00
chr10	99504485	99504672	187	187	186.00	307.00	254.81	260.00	47649.00
chr4	54364807	54365010	203	203	217.00	349.00	287.17	289.00	58296.00
chr17	1634367	1634552	185	185	63.00	103.00	85.75	87.00	15864.00
chr7	72416124	72416247	123	123	315.00	472.00	382.76	365.00	47079.00
chr1	208212169	208212329	160	160	164.00	231.00	196.91	196.00	31506.00
chr9	140952500	140952702	202	202	36.00	90.00	61.23	62.00	12368.00
chr6	44197325	44197528	203	203	64.00	160.00	116.70	125.00	23690.00
chr6	44197643	44198218	575	575	4.00	129.00	57.15	43.00	32862.00
chr11	118981972	118982084	112	112	521.00	618.00	561.52	557.00	62890.00
chr5	150503846	150503952	106	106	3.00	4047.00	2525.33	2998.50	267685.00
chr11	118981761	118981878	117	117	512.00	654.00	587.56	587.00	68745.00
chr11	126314873	126315000	127	127	209.00	362.00	300.31	304.00	38140.00
chr1	159165808	159166244	436	436	1.00	2511.00	446.14	24.00	194518.00
chr7	134893542	134893750	208	208	70.00	116.00	87.88	86.00	18280.00
chr9	121976196	121976433	237	237	483.00	1297.00	859.54	891.00	203710.00
chr19	54691042	54691169	127	127	751.00	1384.00	1058.07	1057.00	134375.00
chr22	38621430	38621600	170	170	767.00	1087.00	927.03	929.00	157595.00
chr13	42035681	42036205	524	524	0.00	30.00	17.42	18.00	9128.00
chr20	1915360	1915413	53	53	4.00	3511.00	2434.40	3035.00	129023.00
chr5	14496987	14497126	139	139	204.00	327.00	259.66	254.00	36093.00
chr12	56528125	56528212	87	87	100.00	161.00	129.79	128.00	11292.00
chr3	47466974	47467101	127	127	246.00	322.00	275.64	271.00	35006.00
chr17	7415476	7415663	187	187	294.00	453.00	379.30	384.00	70930.00
chr3	33588037	33589252	1215	1215	0.00	51.00	22.78	21.00	27675.00
chr7	887833	888615	782	782	1.00	207.00	62.02	31.00	48497.00
chr10	24813251	24813693	442	442	70.00	309.00	184.65	210.00	81617.00
chr1	109812045	109812213	168	168	692.00	990.00	822.17	814.00	138125.00
chr19	15276597	15276902	305	305	141.00	303.00	216.50	220.00	66033.00
chr16	2334779	2334999	220	220	432.00	684.00	539.79	492.00	118753.00
chr16	68404761	68405261	500	500	133.00	228.00	174.96	171.00	87482.00
chr4	110969111	110969871	760	760	31.00	120.00	76.28	76.00	57974.00
chr1	145693161	145693996	835	835	3.00	60.00	28.94	30.00	24167.00
chr7	44282848	44282932	84	84	1145.00	1393.00	1289.73	1289.00	108337.00
chr2	220164315	220164508	193	193	13.00	1144.00	481.66	32.00	92960.00
chr12	50472203	50472360	157	157	267.00	375.00	311.41	312.00	48892.00
chr2	220163768	220163833	65	65	1248.00	1711.00	1534.09	1550.00	99716.00
chr2	222289928	222290862	934	934	354.00	755.00	512.03	503.00	478239.00
chr12	57599133	57599268	135	135	604.00	740.00	662.01	668.00	89371.00
chr7	157475416	157475629	213	213	920.00	1385.00	1175.01	1163.00	250277.00
chr1	32203800	32203927	127	127	1510.00	2139.00	1791.06	1811.00	227464.00
chr1	109811731	109811912	181	181	742.00	977.00	887.11	892.00	160567.00
chr9	140052830	140052975	145	145	1648.00	2625.00	2121.77	2155.00	307657.00
chr2	220161706	220161854	148	148	2002.00	2498.00	2215.83	2190.00	327943.00
chr16	29896906	29897070	164	164	713.00	1171.00	979.95	1017.50	160711.00
chr16	47143393	47143622	229	229	137.00	210.00	172.48	172.00	39497.00
chr11	993753	993985	232	232	579.00	1085.00	863.45	909.00	200321.00
chr9	124059698	124061137	1439	1439	1.00	81.00	32.44	31.00	46683.00
chr9	140350140	140350634	494	494	9.00	98.00	55.05	57.00	27197.00
chr11	14504577	14504697	120	120	186.00	319.00	255.95	262.50	30714.00
chr3	49898612	49898733	121	121	1452.00	1732.00	1592.55	1594.00	192698.00
chr9	131811659	131811777	118	118	121.00	260.00	176.81	163.50	20864.00
chr9	131810705	131810818	113	113	155.00	288.00	219.35	221.00	24787.00
chr1	223400935	223401080	145	145	650.00	841.00	743.39	732.00	107791.00
chr12	125612185	125612820	635	635	0.00	414.00	69.34	8.00	44031.00
chr2	220088590	220088744	154	154	588.00	843.00	744.85	749.00	114707.00
chr9	70888487	70888750	263	263	0.00	3.00	0.75	0.00	198.00
chr14	69813756	69813898	142	142	445.00	582.00	505.74	499.50	71815.00
chr2	47399145	47399890	745	745	22.00	1164.00	127.05	99.00	94652.00
chr11	62688689	62689041	352	352	8.00	351.00	99.30	37.00	34952.00
chr6	43745205	43745407	202	202	11.00	279.00	194.22	192.50	39233.00
chr3	11072492	11072997	505	505	0.00	1475.00	278.44	33.00	140611.00
chr7	2696031	2696168	137	137	598.00	723.00	669.77	681.00	91759.00
chr16	14969196	14969279	83	83	746.00	1156.00	974.83	992.00	80911.00
chr17	7377847	7378026	179	179	5.00	19.00	11.15	12.00	1996.00
chr12	65639640	65639719	79	79	150.00	305.00	198.65	182.00	15693.00
chr12	50294912	50295108	196	196	3491.00	5107.00	4058.79	4085.00	795523.00
chr19	42485653	42485788	135	135	3249.00	4350.00	3839.87	3834.00	518382.00
chr10	99509230	99509343	113	113	272.00	350.00	298.93	297.00	33779.00
chr22	38883877	38888120	4243	4243	74.00	1869.00	500.11	400.00	2121959.00
chr12	49416372	49416658	286	286	143.00	261.00	209.14	210.00	59815.00
chr6	24843089	24843782	693	693	77.00	236.00	152.32	163.00	105559.00
chr5	176295561	176295665	104	104	504.00	672.00	579.02	582.00	60218.00
chr10	99510087	99510227	140	140	275.00	762.00	464.19	403.00	64986.00
chr1	159173658	159174770	1112	1112	25.00	276.00	120.31	102.00	133783.00
chr11	1780745	1780869	124	124	3434.00	4167.00	3840.54	3883.00	476227.00
chr19	42486059	42486258	199	199	2156.00	3590.00	2856.70	2875.00	568483.00
chr3	47465422	47465535	113	113	341.00	447.00	384.81	387.00	43483.00
chr1	21573713	21573856	143	143	107.00	154.00	130.74	129.00	18696.00
chr11	65320330	65320453	123	123	237.00	363.00	309.61	325.00	38082.00
chr3	47462420	47462519	99	99	381.00	663.00	532.13	577.00	52681.00
chr2	219204751	219204864	113	113	217.00	359.00	290.27	286.00	32801.00
chr1	43906123	43906257	134	134	31.00	75.00	52.55	52.00	7042.00
chr7	38785158	38785840	682	682	7.00	873.00	99.41	44.00	67798.00
chr2	153499932	153500058	126	126	260.00	389.00	320.80	325.50	40421.00
chr1	32203011	32203132	121	121	0.00	1734.00	1319.02	1524.00	159602.00
chr22	42290823	42290941	118	118	1139.00	2352.00	1885.89	1901.00	222535.00
chr19	47940718	47940818	100	100	635.00	1017.00	828.73	797.00	82873.00
chr4	119539150	119539274	124	124	14.00	63.00	41.94	51.00	5201.00
chr17	44117067	44117250	183	183	185.00	301.00	242.20	242.00	44323.00
chr19	42485873	42485983	110	110	2542.00	3225.00	2935.46	2924.00	322901.00
chr6	44114583	44114664	81	81	208.00	291.00	248.89	251.00	20160.00
chr19	47941105	47941292	187	187	6.00	1176.00	720.96	1041.00	134820.00
chr11	73074250	73074500	250	250	362.00	590.00	458.54	451.50	114635.00
chr3	33418764	33418825	61	61	604.00	853.00	743.80	761.00	45372.00
chr1	700258	700505	247	247	2.00	104.00	45.17	41.00	11157.00
chr9	74319510	74319719	209	209	48.00	201.00	104.82	89.00	21907.00
chr16	2336694	2336968	274	274	260.00	753.00	521.08	561.50	142775.00
chr20	3575125	3575219	94	94	224.00	311.00	261.02	261.00	24536.00
chr9	139231377	139231529	152	152	157.00	234.00	194.11	190.00	29504.00
chr5	140515951	140516498	547	547	16.00	134.00	59.56	56.00	32580.00
chr1	21938208	21938309	101	101	725.00	966.00	838.58	819.00	84697.00
chr3	155659188	155659936	748	748	36.00	229.00	108.53	96.00	81184.00
chr16	27483068	27483241	173	173	307.00	469.00	374.13	370.00	64725.00
chr11	994071	994245	174	174	399.00	656.00	579.92	609.50	100906.00
chr7	71175745	71175913	168	168	1169.00	1563.00	1364.83	1373.00	229291.00
chr12	121204065	121204175	110	110	649.00	971.00	858.17	891.00	94399.00
chr7	73118679	73118753	74	74	2018.00	2365.00	2200.49	2229.50	162836.00
chr9	140972565	140972710	145	145	101.00	163.00	127.64	129.00	18508.00
chr12	121683329	121684024	695	695	4.00	34.00	15.44	15.00	10732.00
chr16	74493579	74493687	108	108	563.00	654.00	602.47	602.00	65067.00
chr2	36771518	36771641	123	123	319.00	433.00	380.93	375.00	46855.00
chr7	94187181	94187996	815	815	11.00	175.00	77.01	73.00	62766.00
chr14	94156951	94157239	288	288	0.00	21.00	9.44	6.00	2718.00
chr7	121739000	121739524	524	524	10.00	57.00	32.15	34.00	16846.00
chr1	19549117	19549328	211	211	161.00	289.00	228.61	230.00	48237.00
chr19	5214571	5214747	176	176	249.00	704.00	442.64	426.00	77905.00
chr19	42557753	42557861	108	108	479.00	741.00	575.71	549.50	62177.00
chr15	102510686	102510925	239	239	8.00	92.00	54.43	54.00	13009.00
chr5	167673761	167675376	1615	1615	37.00	358.00	122.25	118.00	197437.00
chr7	44282158	44282253	95	95	1175.00	1713.00	1372.11	1326.00	130350.00
chr2	160621061	160621717	656	656	0.00	477.00	50.79	20.00	33315.00
chr5	10426501	10426634	133	133	713.00	903.00	812.06	812.00	108004.00
chr16	1814301	1814460	159	159	1139.00	1465.00	1335.48	1323.00	212341.00
chr11	21581734	21581928	194	194	341.00	488.00	424.06	433.00	82267.00
chr3	126749085	126749255	170	170	314.00	407.00	355.01	356.00	60351.00
chr11	12237765	12237866	101	101	443.00	541.00	490.17	488.00	49507.00
chr6	31750872	31750963	91	91	169.00	303.00	243.82	238.00	22188.00
chr3	53124201	53124398	197	197	25.00	63.00	37.74	37.00	7434.00
chr2	220161470	220161544	74	74	2135.00	2515.00	2328.99	2343.50	172345.00
chr2	128951046	128951785	739	739	49.00	182.00	117.31	119.00	86692.00
chr5	24535811	24535931	120	120	104.00	171.00	137.39	138.50	16487.00
chr1	44083406	44083582	176	176	601.00	821.00	713.00	709.00	125488.00
chr1	32207653	32207818	165	165	690.00	1170.00	894.36	867.00	147569.00
chr12	7293754	7294000	246	246	1.00	1150.00	705.40	1037.50	173528.00
chr3	131442289	131442469	180	180	238.00	344.00	299.91	310.00	53984.00
chr3	49898871	49899298	427	427	44.00	1880.00	866.68	1389.00	370072.00
chr16	66432358	66432464	106	106	66.00	102.00	80.89	80.00	8574.00
chr1	20982593	20982680	87	87	895.00	1262.00	1060.83	998.00	92292.00
chr16	68398653	68398809	156	156	197.00	335.00	254.39	248.50	39685.00
chr17	16676818	16678279	1461	1461	0.00	65.00	28.28	27.00	41322.00
chr1	109814899	109815027	128	128	1533.00	1970.00	1798.21	1834.00	230171.00
chr1	21940478	21940582	104	104	1041.00	1323.00	1190.39	1202.50	123801.00
chr20	57468284	57468793	509	509	0.00	32.00	8.69	5.00	4424.00
chr3	127358087	127358366	279	279	600.00	1602.00	1139.45	1129.00	317907.00
chr3	126735359	126735527	168	168	110.00	221.00	168.87	168.50	28370.00
chr10	103869140	103869264	124	124	779.00	1060.00	902.57	898.00	111919.00
chr20	44520554	44520666	112	112	327.00	537.00	418.61	397.00	46884.00
chr1	32203252	32203356	104	104	1431.00	1796.00	1595.81	1598.50	165964.00
chr21	40186196	40186316	120	120	342.00	494.00	444.11	448.50	53293.00
chr5	111067153	111068349	1196	1196	6.00	70.00	27.56	27.00	32964.00
chr9	128002954	128003186	232	232	761.00	979.00	876.47	878.00	203341.00
chr1	43408896	43408992	96	96	619.00	871.00	743.73	742.50	71398.00
chr3	47463931	47464026	95	95	381.00	479.00	433.80	433.00	41211.00
chr2	220161160	220161238	78	78	2239.00	2811.00	2542.44	2518.00	198310.00
chr11	62472772	62473089	317	317	3024.00	4660.00	3864.38	3975.00	1225010.00
chr9	130986341	130986906	565	565	0.00	907.00	194.85	6.00	110090.00
chr14	69358769	69359000	231	231	272.00	518.00	422.05	433.00	97493.00
chr11	64416205	64416379	174	174	589.00	885.00	721.84	703.00	125600.00
chr17	8398454	8398559	105	105	434.00	536.00	498.19	498.00	52310.00
chr12	53572943	53574193	1250	1250	3.00	95.00	40.47	36.00	50590.00
chr17	17696544	17701827	5283	5283	32.00	588.00	187.96	156.00	992984.00
chr8	11705187	11705331	144	144	2662.00	3524.00	3115.23	3123.50	448593.00
chr19	54963829	54963931	102	102	205.00	332.00	272.06	275.50	27750.00
chr2	70451682	70456295	4613	4613	0.00	476.00	63.11	44.00	291123.00
chr11	118873959	118874169	210	210	3.00	17.00	10.50	9.00	2206.00
chr10	75548427	75548581	154	154	74.00	138.00	104.16	105.50	16041.00
chr6	33414351	33414563	212	212	918.00	1639.00	1353.99	1451.00	287046.00
chr17	80042910	80043032	122	122	352.00	535.00	469.95	469.50	57334.00
chr11	11470290	11470483	193	193	273.00	466.00	347.11	341.00	66993.00
chr8	23294446	23294771	325	325	193.00	446.00	310.95	313.00	101060.00
chr1	116932060	116932663	603	603	0.00	2865.00	893.31	16.00	538666.00
chr15	83222627	83222741	114	114	262.00	347.00	302.89	298.00	34529.00
chr3	9841562	9841751	189	189	47.00	96.00	64.59	66.00	12208.00
chr1	116937731	116937907	176	176	2623.00	5285.00	3501.03	3371.50	616181.00
chr16	87868019	87868197	178	178	498.00	673.00	579.66	583.50	103179.00
chr3	124209540	124209731	191	191	989.00	1295.00	1127.52	1116.00	215357.00
chr7	71142195	71142291	96	96	1000.00	1221.00	1105.23	1102.50	106102.00
chr5	130497324	130497584	260	260	4.00	63.00	31.03	33.00	8068.00
chr13	100199238	100199358	120	120	831.00	1172.00	981.14	1025.00	117737.00
chr5	139943336	139943506	170	170	17.00	465.00	367.95	386.50	62551.00
chr17	74395529	74396002	473	473	151.00	253.00	206.93	212.00	97879.00
chr14	93179149	93179216	67	67	283.00	364.00	330.07	334.00	22115.00
chr4	160277004	160277310	306	306	65.00	933.00	575.40	648.50	176071.00
chr17	40666306	40666478	172	172	2005.00	3055.00	2510.10	2440.50	431737.00
chr15	34828065	34828207	142	142	12.00	263.00	185.08	215.50	26281.00
chr14	100165802	100165876	74	74	1675.00	1986.00	1809.74	1810.50	133921.00
chr22	20128089	20128231	142	142	38.00	410.00	224.20	299.00	31837.00
chr12	3392210	3394421	2211	2211	6.00	299.00	112.64	104.00	249058.00
chr17	16687866	16690667	2801	2801	0.00	198.00	20.69	14.00	57942.00
chr6	31664724	31664810	86	86	388.00	484.00	445.14	445.50	38282.00
chr6	30627512	30627611	99	99	194.00	297.00	247.82	251.00	24534.00
chr11	18752834	18755060	2226	2226	0.00	1430.00	144.71	29.00	322127.00
chr12	109332602	109332731	129	129	545.00	718.00	601.23	588.00	77559.00
chr6	90072884	90073110	226	226	28.00	136.00	80.46	89.00	18183.00
chr16	2689371	2689711	340	340	13.00	74.00	40.59	41.00	13800.00
chr1	20987373	20987484	111	111	623.00	1038.00	862.68	892.00	95758.00
chr14	85985300	85986667	1367	1367	0.00	53.00	19.60	19.00	26790.00
chr13	32863769	32863880	111	111	395.00	570.00	482.65	483.00	53574.00
chr16	1510418	1510528	110	110	161.00	231.00	188.25	186.00	20708.00
chr19	54963269	54963444	175	175	225.00	402.00	304.34	313.00	53259.00
chr6	44224078	44224233	155	155	312.00	519.00	424.33	444.00	65771.00
chr20	3151172	3152285	1113	1113	0.00	44.00	12.01	11.00	13365.00
chr1	892273	892405	132	132	302.00	471.00	384.91	379.50	50808.00
chr16	90192167	90192724	557	557	0.00	22.00	8.27	8.00	4608.00
chr9	111663704	111663810	106	106	117.00	198.00	152.89	153.00	16206.00
chr6	44108764	44108835	71	71	245.00	340.00	286.31	283.00	20328.00
chr1	36028802	36029027	225	225	5921.00	9564.00	7326.52	7035.00	1648467.00
chr11	66807259	66807674	415	415	3.00	310.00	201.65	201.00	83683.00
chr1	178426817	178427679	862	862	32.00	141.00	79.35	79.00	68397.00
chr19	42482302	42482478	176	176	3316.00	4606.00	3724.70	3686.50	655548.00
chr1	44084718	44084873	155	155	478.00	1022.00	687.23	590.00	106520.00
chr1	109812315	109812442	127	127	822.00	1102.00	964.35	966.00	122472.00
chr3	180324268	180324391	123	123	234.00	306.00	269.73	272.00	33177.00
chr15	63933668	63933842	174	174	152.00	219.00	187.43	185.50	32613.00
chr20	44521363	44521519	156	156	456.00	713.00	595.23	596.00	92856.00
chr3	33416779	33416910	131	131	285.00	671.00	411.34	351.00	53886.00
chr1	21934624	21934843	219	219	6.00	1778.00	725.20	903.00	158818.00
chr14	69799801	69799886	85	85	176.00	279.00	229.01	231.00	19466.00
chr1	116936134	116936345	211	211	0.00	3779.00	3047.15	3327.00	642949.00
chr14	23634493	23634645	152	152	57.00	112.00	86.38	89.50	13130.00
chr16	1402538	1402947	409	409	1.00	22.00	10.26	11.00	4195.00
chr9	20331	25000	4669	4669	0.00	266.00	32.71	19.00	152702.00
chr17	43545574	43545959	385	385	61.00	124.00	86.38	83.00	33256.00
chr13	100201418	100201476	58	58	735.00	899.00	815.57	798.50	47303.00
chr15	41865505	41865665	160	160	1008.00	1974.00	1435.99	1457.50	229759.00
chr19	19641688	19642196	508	508	10.00	31.00	19.51	19.00	9910.00
chr11	134147593	134148159	566	566	14.00	82.00	47.27	46.00	26755.00
chr2	71656420	71657290	870	870	2.00	111.00	47.00	40.00	40891.00
chr7	97834775	97835016	241	241	369.00	540.00	455.78	454.00	109844.00
chr19	13363804	13363915	111	111	104.00	162.00	129.62	126.00	14388.00
chr18	31328383	31329011	628	628	10.00	51.00	29.47	29.00	18506.00
chr16	66431884	66432009	125	125	29.00	73.00	51.03	48.00	6379.00
chr19	47935155	47935702	547	547	0.00	1682.00	694.06	681.00	379649.00
chr12	50291769	50291873	104	104	2769.00	3409.00	3023.44	3024.00	314438.00
chr11	1780198	1780317	119	119	3230.00	4732.00	3763.17	3618.00	447817.00
chr15	65392626	65393167	541	541	1.00	57.00	19.17	10.00	10372.00
chr2	86397871	86397967	96	96	393.00	508.00	462.14	474.00	44365.00
chr7	97866087	97866233	146	146	84.00	143.00	116.25	120.50	16972.00
chr11	60687157	60687402	245	245	207.00	480.00	360.78	371.00	88391.00
chr21	43307700	43309453	1753	1753	33.00	200.00	88.41	80.00	154974.00
chr14	24619269	24619657	388	388	73.00	192.00	114.84	107.00	44557.00
chr11	65320634	65320727	93	93	187.00	290.00	235.42	231.00	21894.00
chr16	29891184	29891385	201	201	964.00	1510.00	1211.11	1280.00	243433.00
chr1	32207224	32207326	102	102	1138.00	1546.00	1256.52	1225.50	128165.00
chr11	72300218	72300394	176	176	0.00	1218.00	369.91	6.00	65104.00
chr17	7608878	7609038	160	160	156.00	252.00	203.14	204.00	32502.00
chr19	7607646	7607814	168	168	462.00	651.00	542.33	538.50	91112.00
chr19	54966129	54966271	142	142	192.00	387.00	330.92	344.50	46991.00
chr12	57995027	57995131	104	104	367.00	506.00	446.74	448.00	46461.00
chr1	27428875	27429049	174	174	215.00	379.00	298.87	301.50	52004.00
chr2	27688277	27688385	108	108	37.00	86.00	64.73	70.00	6991.00
chr16	2691449	2692254	805	805	5.00	57.00	28.97	26.00	23319.00
chr9	131503813	131503933	120	120	686.00	1056.00	906.68	927.00	108802.00
chr16	2347766	2347922	156	156	303.00	466.00	372.87	373.00	58168.00
chr17	80039884	80040036	152	152	853.00	1144.00	987.91	988.00	150162.00
chr1	32204432	32204538	106	106	1550.00	2291.00	1859.68	1854.00	197126.00
chr12	9242951	9243078	127	127	365.00	540.00	467.13	470.00	59325.00
chr3	49702661	49702751	90	90	291.00	420.00	358.81	357.00	32293.00
chr19	35820359	35820837	478	478	13.00	69.00	40.75	44.50	19479.00
chr1	201456762	201457615	853	853	24.00	133.00	74.86	78.00	63857.00
chr16	2334279	2334438	159	159	417.00	657.00	516.78	519.00	82168.00
chr10	73578373	73578481	108	108	15398.00	18349.00	16292.60	16025.00	1759601.00
chr16	18530550	18530756	206	206	0.00	1303.00	663.85	959.50	136754.00
chr16	16369094	16369300	206	206	0.00	1274.00	637.34	904.50	131293.00
chr13	113975636	113975785	149	149	8.00	3717.00	1448.21	12.00	215783.00
chr11	119293822	119294227	405	405	11.00	9139.00	846.41	108.00	342797.00
chr5	150505962	150506041	79	79	1917.00	2604.00	2153.22	2089.00	170104.00
chr22	44224939	44225078	139	139	2101.00	2814.00	2415.26	2376.00	335721.00
chr15	41865199	41865309	110	110	1206.00	1454.00	1328.65	1323.00	146151.00
chr17	25633807	25636298	2491	2491	12.00	987.00	315.86	265.00	786813.00
chr15	72495155	72495529	374	374	12.00	9520.00	3411.50	51.00	1275900.00
chr9	42540272	42542124	1852	1852	0.00	81.00	19.11	16.00	35390.00
chr11	119290760	119291704	944	944	6.00	14632.00	4335.69	58.50	4092890.00
chr19	5219949	5220165	216	216	317.00	573.00	398.82	378.50	86145.00
chr15	63910769	63911153	384	384	0.00	8.00	2.45	1.00	941.00
chr17	74393879	74393969	90	90	205.00	293.00	237.84	237.00	21406.00
chr10	104129467	104129532	65	65	121.00	169.00	149.37	152.00	9709.00
chr3	142454224	142454620	396	396	0.00	16.00	7.59	8.00	3004.00
chr12	121205196	121205396	200	200	727.00	1054.00	848.22	844.50	169644.00
chr3	31705570	31705724	154	154	80.00	140.00	110.63	111.00	17037.00
chr6	118635190	118636593	1403	1403	22.00	287.00	167.77	171.00	235377.00
chr8	10339867	10340829	962	962	0.00	49.00	18.88	19.00	18167.00
chr19	16952578	16952779	201	201	191.00	323.00	269.21	276.00	54112.00
chr8	110984486	110985016	530	530	106.00	313.00	188.55	188.50	99930.00
chr9	128001219	128001610	391	391	887.00	1962.00	1512.77	1562.00	591493.00
chr11	73070878	73070997	119	119	183.00	264.00	223.31	221.00	26574.00
chr10	104130140	104130235	95	95	152.00	200.00	182.83	185.00	17369.00
chr5	95733039	95733173	134	134	103.00	220.00	147.97	141.00	19828.00
chr19	59059400	59059547	147	147	605.00	956.00	739.75	721.00	108743.00
chr5	139943169	139943255	86	86	14.00	367.00	298.72	333.00	25690.00
chr17	73487771	73487981	210	210	271.00	627.00	420.51	422.00	88307.00
chr1	154315588	154315777	189	189	85.00	125.00	107.17	108.00	20255.00
chr14	95652726	95653070	344	344	29.00	134.00	61.71	51.00	21229.00
chr12	123639801	123640772	971	971	20.00	86.00	47.90	47.00	46512.00
chr22	47064870	47065171	301	301	0.00	15.00	6.96	10.00	2094.00
chr5	24535220	24535388	168	168	76.00	143.00	101.14	102.00	16992.00
chr12	6806452	6806958	506	506	508.00	1365.00	980.52	1005.50	496145.00
chr22	29881711	29881836	125	125	350.00	510.00	404.63	386.00	50579.00
chr7	75894681	75894786	105	105	137.00	172.00	156.26	153.00	16407.00
chr12	121089007	121095893	6886	6886	0.00	161.00	27.88	23.00	191988.00
chr1	207940357	207942365	2008	2008	6.00	642.00	109.59	76.00	220049.00
chr7	154681166	154681240	74	74	1598.00	1878.00	1752.43	1751.00	129680.00
chr5	131696513	131697529	1016	1016	0.00	60.00	15.22	5.00	15465.00
chr11	1776135	1776258	123	123	3011.00	4201.00	3422.87	3289.00	421013.00
chr8	11706554	11706673	119	119	1944.00	2698.00	2311.18	2297.00	275031.00
chr11	18759426	18759511	85	85	845.00	1061.00	932.12	927.00	79230.00
chr16	61689373	61689625	252	252	130.00	197.00	166.58	170.00	41978.00
chr15	51750702	51750824	122	122	326.00	498.00	398.17	402.00	48577.00
chr9	35555056	35555698	642	642	446.00	1152.00	850.31	854.00	545901.00
chr2	198356200	198356621	421	421	0.00	40.00	11.26	7.00	4739.00
chr9	131001723	131001794	71	71	5074.00	6137.00	5742.44	5792.00	407713.00
chr19	5214371	5214491	120	120	729.00	1193.00	989.57	998.00	118748.00
chr22	35719488	35719623	135	135	416.00	501.00	462.57	461.00	62447.00
chr12	121678738	121679829	1091	1091	0.00	56.00	21.32	20.00	23264.00
chr14	23820960	23821064	104	104	3880.00	4495.00	4226.01	4238.50	439505.00
chr1	32205710	32205779	69	69	1223.00	1620.00	1391.07	1360.00	95984.00
chr3	33420176	33420326	150	150	0.00	793.00	249.07	7.00	37360.00
chr9	114820707	114820966	259	259	63.00	130.00	85.63	79.00	22178.00
chr15	41865876	41866023	147	147	3.00	2350.00	1827.67	1940.00	268667.00
chr19	55554308	55554637	329	329	0.00	20.00	4.75	4.00	1564.00
chr1	116933403	116933513	110	110	2462.00	3293.00	2844.85	2781.00	312933.00
chr19	15374230	15374359	129	129	146.00	276.00	232.62	240.00	30008.00
chr12	56090682	56090852	170	170	196.00	339.00	276.22	276.50	46957.00
chr14	69445668	69445876	208	208	174.00	362.00	255.69	254.00	53184.00
chr12	57603474	57603651	177	177	887.00	1391.00	1128.05	1121.00	199665.00
chr22	32897492	32898946	1454	1454	6.00	142.00	74.90	73.00	108898.00
chr16	16367702	16367764	62	62	2.00	507.00	229.92	228.00	14255.00
chr19	5245786	5246056	270	270	255.00	474.00	354.01	346.00	95583.00
chr16	74345440	74345829	389	389	0.00	11.00	5.13	5.00	1994.00
chr6	107096899	107097076	177	177	88.00	148.00	114.45	113.00	20258.00
chr1	29641883	29642019	136	136	213.00	344.00	284.87	293.00	38742.00
chr8	97342440	97342509	69	69	451.00	616.00	543.54	557.00	37504.00
chr8	68116914	68117054	140	140	193.00	301.00	245.53	244.00	34374.00
chr22	22037470	22037546	76	76	172.00	258.00	218.88	218.00	16635.00
chr22	50682147	50683420	1273	1273	35.00	289.00	144.69	138.00	184186.00
chr20	44048971	44049069	98	98	979.00	1228.00	1120.09	1124.00	109769.00
chr1	36904356	36904511	155	155	83.00	185.00	131.97	131.00	20455.00
chr12	71054719	71054877	158	158	231.00	295.00	268.53	267.00	42428.00
chr15	50654364	50655515	1151	1151	3.00	52.00	23.23	24.00	26733.00
chr2	234198499	234198620	121	121	122.00	264.00	193.75	197.00	23444.00
chr9	128001699	128001812	113	113	756.00	985.00	881.77	909.00	99640.00
chr8	38272296	38272419	123	123	308.00	413.00	364.33	368.00	44813.00
chr11	73068069	73068179	110	110	180.00	242.00	200.35	197.00	22038.00
chr16	28123137	28123327	190	190	499.00	875.00	718.31	742.50	136478.00
chr12	49424062	49424222	160	160	41.00	132.00	92.40	101.00	14784.00
chr19	50302885	50303023	138	138	938.00	1224.00	1091.37	1094.00	150609.00
chr19	42480567	42480718	151	151	6280.00	8020.00	7216.48	7353.00	1089688.00
chr3	197904395	197905301	906	906	0.00	20.00	5.19	5.00	4702.00
chr13	100189992	100190117	125	125	372.00	504.00	447.14	456.00	55892.00
chr19	14268062	14268272	210	210	379.00	711.00	548.33	566.00	115150.00
chr10	93786886	93787057	171	171	170.00	295.00	240.47	250.00	41120.00
chr1	109808726	109808828	102	102	438.00	809.00	592.79	580.50	60465.00
chr4	134075461	134075520	59	59	786.00	964.00	867.64	873.00	51191.00
chr1	22052268	22053864	1596	1596	2.00	58.00	22.96	21.00	36643.00
chr9	140056855	140056968	113	113	2625.00	3557.00	3035.96	2977.00	343063.00
chr19	42482087	42482224	137	137	4562.00	7556.00	5994.36	6238.00	821227.00
chr19	4556962	4557025	63	63	1103.00	1366.00	1266.30	1271.00	79777.00
chr19	14266921	14267013	92	92	721.00	987.00	871.25	895.00	80155.00
chr22	42273851	42274127	276	276	8.00	1810.00	962.30	1334.00	265596.00
chr1	205549788	205550049	261	261	106.00	703.00	421.49	492.00	110009.00
chr1	110765585	110766522	937	937	179.00	429.00	298.56	307.00	279749.00
chr19	55553595	55554158	563	563	1.00	24.00	12.40	14.00	6980.00
chr7	150929881	150931360	1479	1479	26.00	209.00	106.81	101.00	157972.00
chr3	124215157	124215260	103	103	952.00	1277.00	1119.10	1143.00	115267.00
chr16	58220658	58220760	102	102	154.00	277.00	210.62	201.00	21483.00
chr3	10381925	10382033	108	108	519.00	737.00	666.05	679.00	71933.00
chr10	11356101	11356221	120	120	235.00	364.00	303.43	307.00	36412.00
chr22	42294652	42294785	133	133	1810.00	2201.00	2023.78	2023.00	269163.00
chr1	2005531	2005714	183	183	20.00	184.00	123.39	138.00	22581.00
chr12	113722522	113722576	54	54	127.00	175.00	164.72	167.50	8895.00
chr9	131502198	131502398	200	200	10.00	1477.00	1211.27	1296.00	242254.00
chr19	40873602	40873786	184	184	3084.00	4405.00	3821.14	3903.50	703090.00
chr2	220162606	220162825	219	219	960.00	1776.00	1301.26	1274.00	284975.00
chr16	28270027	28270355	328	328	8.00	54.00	40.17	40.00	13176.00
chr4	3225718	3225858	140	140	254.00	321.00	284.95	284.50	39893.00
chr17	44127898	44128070	172	172	161.00	277.00	200.16	191.00	34427.00
chr3	47462043	47462262	219	219	165.00	700.00	349.50	260.00	76541.00
chr6	99873090	99873182	92	92	25.00	402.00	170.66	139.00	15701.00
chr7	142561723	142562504	781	781	306.00	887.00	611.88	627.00	477876.00
chr1	159169540	159169666	126	126	3027.00	5046.00	4216.98	4497.50	531340.00
chr19	7606869	7606953	84	84	334.00	466.00	409.62	412.00	34408.00
chr16	2811561	2818298	6737	6737	0.00	1619.00	522.79	365.00	3522013.00
chr3	47450652	47450807	155	155	148.00	280.00	203.40	200.00	31527.00
chr11	118403631	118403922	291	291	378.00	532.00	452.69	445.00	131733.00
chr1	205555161	205555335	174	174	563.00	802.00	684.82	680.50	119158.00
chr12	125603186	125603311	125	125	169.00	280.00	228.42	232.00	28552.00
chr11	86658288	86659498	1210	1210	23.00	122.00	59.16	55.00	71580.00
chr22	37764946	37768745	3799	3799	6.00	1218.00	380.49	342.00	1445471.00
chr10	46345664	46346215	551	551	0.00	40.00	11.92	9.00	6566.00
chr22	33673045	33673241	196	196	873.00	1297.00	1088.75	1079.00	213395.00
chr9	140042599	140042666	67	67	0.00	207.00	159.09	168.00	10659.00
chr3	48717233	48717320	87	87	374.00	481.00	424.69	424.00	36948.00
chr11	60681600	60681740	140	140	79.00	224.00	147.04	128.00	20586.00
chr10	93784512	93784724	212	212	108.00	193.00	153.99	154.50	32645.00
chr12	7289424	7290372	948	948	0.00	1248.00	293.21	8.00	277967.00
chr3	132387062	132387526	464	464	0.00	28.00	14.98	14.00	6953.00
chr16	2335442	2335647	205	205	498.00	1064.00	782.81	807.00	160477.00
chr16	1794782	1797276	2494	2494	0.00	1075.00	117.73	45.00	293607.00
chr16	3786036	3786204	168	168	191.00	284.00	241.02	242.00	40492.00
chr9	141131209	141131766	557	557	0.00	20.00	7.18	5.00	4002.00
chr14	92965028	92966015	987	987	7.00	123.00	70.56	70.00	69646.00
chr19	54692070	54692200	130	130	599.00	1423.00	951.61	831.50	123709.00
chr15	43866006	43866230	224	224	99.00	393.00	205.72	172.50	46082.00
chr3	40231316	40231954	638	638	124.00	298.00	196.84	188.00	125586.00
chr3	50148937	50149455	518	518	13.00	68.00	42.28	44.00	21902.00
chr4	81117505	81117755	250	250	93.00	159.00	132.90	131.00	33225.00
chr10	46740404	46740638	234	234	0.00	13.00	6.68	6.00	1562.00
chr3	124210169	124210271	102	102	835.00	1021.00	944.18	943.00	96306.00
chr11	107488830	107488932	102	102	446.00	605.00	514.77	505.00	52507.00
chr9	130591965	130592106	141	141	143.00	221.00	189.88	191.00	26773.00
chr1	20981932	20982027	95	95	848.00	1112.00	1005.56	1015.00	95528.00
chr12	75875613	75875859	246	246	63.00	164.00	112.73	107.00	27732.00
chr22	32046684	32046764	80	80	74.00	124.00	109.36	116.00	8749.00
chr11	70331418	70331658	240	240	28.00	263.00	132.00	126.50	31679.00
chr14	51079976	51080069	93	93	1236.00	1655.00	1527.28	1538.00	142037.00
chr17	80041077	80041301	224	224	678.00	2043.00	1296.45	1226.00	290404.00
chr7	158540884	158540971	87	87	287.00	433.00	344.90	351.00	30006.00
chr1	21553651	21553719	68	68	216.00	264.00	241.78	241.50	16441.00
chr2	219206256	219206349	93	93	150.00	240.00	199.35	207.00	18540.00
chr17	18444211	18445242	1031	1031	0.00	57.00	18.85	16.00	19432.00
chr12	57599340	57599460	120	120	670.00	853.00	739.29	727.00	88715.00
chr11	64417919	64418110	191	191	600.00	888.00	736.92	727.00	140752.00
chr19	3274926	3275650	724	724	3.00	28.00	12.92	12.00	9356.00
chr16	18532086	18532305	219	219	974.00	1779.00	1314.22	1264.00	287815.00
chr17	3776702	3776756	54	54	1269.00	1634.00	1510.04	1514.00	81542.00
chr1	116932670	116933033	363	363	0.00	3136.00	1461.90	2300.00	530668.00
chr16	1505731	1505796	65	65	417.00	546.00	475.69	468.00	30920.00
chr1	9794029	9794200	171	171	3732.00	4397.00	4097.25	4096.00	700630.00
chr10	73579221	73579379	158	158	8931.00	12724.00	10241.54	10343.00	1618164.00
chr11	6411684	6412146	462	462	82.00	388.00	280.25	285.50	129475.00
chr1	159163212	159163350	138	138	1881.00	2311.00	2119.83	2143.00	292537.00
chr16	1816723	1816804	81	81	1589.00	2012.00	1822.14	1828.00	147593.00
chr7	91722399	91722630	231	231	5.00	236.00	178.34	187.00	41197.00
chr7	44281816	44281939	123	123	1637.00	2032.00	1824.12	1803.00	224367.00
chr2	220467189	220467297	108	108	45.00	88.00	64.23	61.00	6937.00
chr16	4494664	4494729	65	65	411.00	681.00	587.49	619.00	38187.00
chr15	34681844	34681986	142	142	6.00	449.00	249.30	237.50	35401.00
chr9	139995935	139996124	189	189	267.00	479.00	386.58	399.00	73064.00
chr3	180324040	180324160	120	120	260.00	323.00	292.88	289.50	35146.00
chr3	42678359	42681242	2883	2883	67.00	306.00	164.95	154.00	475558.00
chr7	131812776	131815333	2557	2557	0.00	204.00	109.15	111.00	279096.00
chr20	1585387	1585522	135	135	59.00	1146.00	604.24	593.00	81573.00
chr3	126751229	126751442	213	213	391.00	492.00	443.13	443.00	94387.00
chr15	63920875	63921014	139	139	473.00	610.00	538.76	539.00	74888.00
chr16	2040128	2040202	74	74	356.00	508.00	442.88	474.00	32773.00
chr9	74324174	74324390	216	216	96.00	151.00	130.00	133.00	28079.00
chr20	44521858	44521950	92	92	605.00	725.00	655.78	651.00	60332.00
chr9	139911647	139911798	151	151	1014.00	1309.00	1186.52	1200.00	179165.00
chr9	140055507	140055649	142	142	1116.00	2006.00	1569.63	1625.00	222888.00
chr12	120148055	120148191	136	136	190.00	315.00	259.66	271.00	35314.00
chr12	50474280	50474372	92	92	450.00	658.00	557.63	576.50	51302.00
chr15	63125702	63125828	126	126	523.00	699.00	599.49	598.00	75536.00
chr9	20907148	20907241	93	93	100.00	226.00	179.84	187.00	16725.00
chr16	87874655	87874761	106	106	310.00	396.00	357.08	362.00	37850.00
chr2	162833269	162833460	191	191	5.00	1734.00	905.23	1380.00	172898.00
chr8	11704560	11704677	117	117	2098.00	2758.00	2411.44	2373.00	282138.00
chr15	63926931	63927087	156	156	383.00	558.00	460.53	451.00	71842.00
chr6	31668718	31668805	87	87	236.00	444.00	335.66	309.00	29202.00
chr7	148910792	148910906	114	114	53.00	118.00	94.33	101.50	10754.00
chr14	42355808	42357213	1405	1405	24.00	407.00	166.30	151.00	233658.00
chr10	88678928	88679226	298	298	84.00	156.00	120.42	124.00	35885.00
chr3	140998219	140998346	127	127	141.00	190.00	160.28	157.00	20355.00
chr1	144859758	144859998	240	240	267.00	448.00	368.66	378.00	88478.00
chr9	96054772	96055455	683	683	320.00	573.00	439.16	422.00	299948.00
chr19	7604803	7604944	141	141	156.00	289.00	219.84	214.00	30998.00
chr12	30906277	30907432	1155	1155	3.00	127.00	40.65	38.00	46950.00
chr9	131112762	131112854	92	92	339.00	751.00	587.79	575.00	54077.00
chr20	61981328	61982379	1051	1051	69.00	239.00	148.58	150.00	156159.00
chr7	38431348	38431618	270	270	670.00	1044.00	855.97	869.00	231111.00
chr20	44521036	44521123	87	87	451.00	551.00	496.69	495.00	43212.00
chr11	64418726	64419108	382	382	521.00	796.00	636.45	632.00	243124.00
chr12	120148344	120150270	1926	1926	0.00	390.00	54.09	18.00	104179.00
chr12	6930971	6931066	95	95	11.00	847.00	441.58	451.00	41950.00
chr16	2339434	2339621	187	187	361.00	481.00	428.72	427.00	80171.00
chr2	27700083	27700187	104	104	34.00	70.00	55.66	58.00	5789.00
chr14	69805367	69805494	127	127	254.00	431.00	346.68	361.00	44028.00
chr12	9242497	9242619	122	122	404.00	520.00	459.11	457.00	56012.00
chr3	58256658	58256791	133	133	442.00	655.00	555.65	555.00	73901.00
chr10	79744927	79745098	171	171	115.00	337.00	205.73	200.00	35180.00
chr1	159161725	159161866	141	141	1254.00	1826.00	1571.70	1595.00	221609.00
chr16	31085202	31085519	317	317	6.00	56.00	30.65	31.00	9716.00
chr1	171755018	171755218	200	200	144.00	232.00	188.00	180.00	37601.00
chr9	130988124	130989280	1156	1156	0.00	3791.00	389.39	23.00	450133.00
chr15	63127935	63127998	63	63	531.00	663.00	582.90	574.00	36723.00
chr19	1917676	1917821	145	145	0.00	667.00	494.39	540.00	71686.00
chr22	25315792	25315960	168	168	155.00	264.00	211.74	207.00	35572.00
chr2	207943790	207945085	1295	1295	37.00	194.00	120.86	122.00	156517.00
chr11	47330706	47330952	246	246	0.00	896.00	408.35	12.00	100453.00
chr3	142743978	142746095	2117	2117	0.00	277.00	49.51	39.00	104815.00
chr7	44839492	44839694	202	202	1.00	30.00	15.46	17.00	3122.00
chr22	31688260	31688471	211	211	14.00	524.00	224.78	207.00	47429.00
chr11	66333492	66333638	146	146	1539.00	2082.00	1842.16	1859.50	268956.00
chr9	131114916	131115026	110	110	424.00	719.00	530.67	516.00	58374.00
chr1	20206	21013	807	807	0.00	117.00	28.57	5.00	23060.00
chr11	108216469	108216635	166	166	66.00	183.00	129.94	130.00	21570.00
chr1	209778880	209779019	139	139	305.00	438.00	375.39	383.00	52179.00
chr1	202935876	202936026	150	150	279.00	511.00	417.83	447.00	62674.00
chr12	57600255	57600524	269	269	716.00	1070.00	865.75	844.00	232888.00
chr19	15233503	15233615	112	112	421.00	680.00	519.72	483.00	58209.00
chr8	68115317	68115486	169	169	287.00	469.00	397.20	402.00	67126.00
chr19	13419229	13419342	113	113	50.00	77.00	62.02	62.00	7008.00
chr6	33266815	33267130	315	315	2.00	31.00	13.65	14.00	4301.00
chr16	89780611	89781646	1035	1035	0.00	37.00	14.17	13.00	14661.00
chr12	109964162	109964221	59	59	205.00	238.00	222.68	223.00	13138.00
chr22	24491893	24492045	152	152	145.00	276.00	191.57	184.00	29118.00
chr2	242592926	242593025	99	99	350.00	578.00	457.59	448.00	45301.00
chr1	21937944	21938074	130	130	882.00	1641.00	1196.63	1208.50	155562.00
chr2	223789173	223789313	140	140	507.00	655.00	569.51	567.00	79732.00
chr20	3772318	3772535	217	217	0.00	22.00	10.02	7.00	2175.00
chr16	18531918	18532001	83	83	1165.00	1480.00	1327.23	1345.00	110160.00
chr1	43396296	43396537	241	241	502.00	704.00	591.82	586.00	142629.00
chr2	100037960	100038115	155	155	125.00	193.00	155.35	155.00	24079.00
chr16	1500497	1500770	273	273	1.00	730.00	361.26	478.00	98623.00
chr19	40876016	40876144	128	128	3874.00	4800.00	4335.55	4420.50	554951.00
chr5	168112691	168112932	241	241	129.00	287.00	201.42	202.00	48543.00
chr2	127825738	127825831	93	93	1332.00	1815.00	1549.46	1573.00	144100.00
chr1	19232015	19234990	2975	2975	30.00	258.00	119.79	113.00	356370.00
chr16	1391129	1391196	67	67	419.00	568.00	487.25	488.00	32646.00
chr6	33410665	33411689	1024	1024	6.00	1016.00	522.33	539.00	534869.00
chr9	95872033	95872266	233	233	3.00	47.00	26.69	25.00	6219.00
chr1	53378627	53378839	212	212	13.00	31.00	24.11	26.00	5111.00
chr2	80531276	80531693	417	417	77.00	351.00	217.76	220.00	90806.00
chr7	44286718	44286791	73	73	1352.00	1672.00	1567.60	1579.00	114435.00
chr7	157369304	157369471	167	167	1521.00	2209.00	1861.63	1891.00	310893.00
chr11	18755079	18755191	112	112	0.00	1027.00	701.68	967.00	78588.00
chr6	86237979	86238080	101	101	671.00	817.00	741.04	744.00	74845.00
chr8	145000951	145001050	99	99	185.00	338.00	274.35	272.00	27161.00
chr19	45167680	45167966	286	286	17.00	52.00	35.63	40.00	10191.00
chr10	48930165	48930400	235	235	0.00	13.00	6.45	6.00	1516.00
chr16	87871450	87871547	97	97	448.00	598.00	530.89	541.00	51496.00
chr1	109815454	109815649	195	195	967.00	1529.00	1152.45	1110.00	224727.00
chr1	208215442	208215711	269	269	118.00	199.00	161.70	159.00	43496.00
chr2	260866	261451	585	585	9.00	78.00	31.14	28.00	18214.00
chr5	180481266	180481724	458	458	0.00	54.00	19.88	14.00	9103.00
chr7	73119479	73119631	152	152	1.00	2588.00	1095.36	14.00	166494.00
chr15	34677248	34677358	110	110	528.00	695.00	629.62	638.00	69258.00
chr16	57687114	57687247	133	133	403.00	686.00	533.83	528.00	71000.00
chr15	50649406	50649592	186	186	12.00	48.00	32.05	33.00	5962.00
chr22	21071995	21072066	71	71	3021.00	3565.00	3193.99	3142.00	226773.00
chr5	179200882	179201561	679	679	29.00	186.00	103.02	98.00	69953.00
chr10	98763824	98763979	155	155	490.00	682.00	598.62	611.00	92786.00
chr14	102963315	102963457	142	142	436.00	660.00	533.42	528.00	75745.00
chr1	21932558	21933138	580	580	3.00	2107.00	433.00	17.00	251138.00
chr16	28118842	28118998	156	156	560.00	759.00	651.68	650.00	101662.00
chr1	241767561	241767881	320	320	84.00	160.00	126.02	127.00	40325.00
chr11	66812063	66812184	121	121	310.00	452.00	372.19	366.00	45035.00
chr11	12248571	12248678	107	107	1053.00	1303.00	1187.39	1200.00	127051.00
chr9	130588788	130588951	163	163	147.00	226.00	189.92	193.00	30957.00
chr22	21068915	21068988	73	73	2635.00	3518.00	3168.14	3187.00	231274.00
chr1	43424304	43424531	227	227	41.00	958.00	577.59	660.00	131112.00
chr14	105852021	105853670	1649	1649	11.00	428.00	67.56	54.00	111411.00
chr15	34823469	34823579	110	110	455.00	685.00	598.72	609.00	65859.00
chr11	171365	172282	917	917	0.00	22.00	5.51	5.00	5050.00
chr22	24493976	24494155	179	179	149.00	321.00	238.88	227.00	42760.00
chr15	79291060	79291167	107	107	872.00	1110.00	1013.31	1015.00	108424.00
chr16	2145904	2146194	290	290	0.00	20.00	11.69	12.00	3390.00
chr9	131503050	131503166	116	116	911.00	1341.00	1124.59	1061.50	130453.00
chr11	61301983	61302579	596	596	0.00	37.00	14.91	14.00	8886.00
chr22	25308609	25308719	110	110	62.00	159.00	114.21	117.00	12563.00
chr12	63977826	63979986	2160	2160	0.00	85.00	15.37	12.00	33190.00
chr19	46928844	46930933	2089	2089	23.00	839.00	401.78	408.00	839315.00
chr16	56969146	56969224	78	78	433.00	541.00	485.31	484.00	37854.00
chr17	40665787	40665996	209	209	11.00	3166.00	1645.55	2554.00	343919.00
chr9	131669435	131671600	2165	2165	141.00	1365.00	603.66	575.00	1306914.00
chr2	220164026	220164271	245	245	0.00	1604.00	476.90	20.00	116841.00
chr19	7589846	7590052	206	206	189.00	261.00	226.28	228.00	46613.00
chr6	91260186	91260268	82	82	129.00	212.00	163.45	160.50	13403.00
chr9	124543742	124543830	88	88	594.00	689.00	633.64	638.00	55760.00
chr12	54071005	54071170	165	165	22.00	126.00	87.16	84.00	14381.00
chr2	40443	41212	769	769	15.00	145.00	56.18	49.00	43204.00
chr11	67852159	67852747	588	588	0.00	51.00	15.48	12.00	9101.00
chr8	8233762	8234810	1048	1048	32.00	157.00	83.42	73.00	87422.00
chr2	175671113	175672148	1035	1035	0.00	30.00	9.66	10.00	9993.00
chr7	138984922	138985438	516	516	0.00	17.00	7.11	8.00	3671.00
chr22	40816850	40817104	254	254	197.00	376.00	271.58	264.00	68981.00
chr19	14263120	14263249	129	129	939.00	1325.00	1094.72	1056.00	141219.00
chr19	16962222	16962345	123	123	331.00	448.00	382.50	379.00	47048.00
chr1	109813838	109813918	80	80	1030.00	1329.00	1174.91	1171.00	93993.00
chr3	49898148	49898562	414	414	0.00	1755.00	819.06	1426.00	339089.00
chr17	17131202	17131510	308	308	1.00	303.00	183.08	191.00	56389.00
chr1	21936067	21936139	72	72	723.00	1000.00	847.64	801.00	61030.00
chr3	130424404	130424615	211	211	103.00	174.00	142.00	141.00	29963.00
chr12	56532710	56532797	87	87	222.00	308.00	260.94	258.00	22702.00
chr16	29888591	29888788	197	197	1509.00	2115.00	1772.82	1747.00	349245.00
chr2	114394588	114396196	1608	1608	1.00	82.00	40.75	40.00	65534.00
chr3	124180736	124180803	67	67	521.00	635.00	575.58	570.00	38564.00
chr9	111798485	111798660	175	175	177.00	290.00	231.70	226.00	40547.00
chr10	73847897	73848372	475	475	54.00	1680.00	888.00	984.00	421798.00
chr22	21075585	21075706	121	121	1521.00	2132.00	1864.00	1837.00	225544.00
chr22	20920753	20921104	351	351	135.00	422.00	253.46	259.00	88965.00
chr9	140953020	140953185	165	165	46.00	135.00	92.44	93.00	15252.00
chr22	41620970	41621075	105	105	228.00	301.00	274.17	278.00	28788.00
chr11	6243671	6243839	168	168	115.00	258.00	161.74	152.50	27172.00
chr15	74704225	74704353	128	128	367.00	565.00	466.97	483.50	59772.00
chr3	48719780	48719985	205	205	211.00	496.00	370.20	395.00	75891.00
chr1	222833247	222833348	101	101	259.00	372.00	317.15	316.00	32032.00
chr1	6583675	6584824	1149	1149	20.00	143.00	83.01	87.00	95377.00
chr11	126135857	126135976	119	119	487.00	591.00	545.70	549.00	64938.00
chr8	75156763	75157410	647	647	96.00	336.00	171.64	150.00	111054.00
chr15	83345212	83345389	177	177	375.00	707.00	550.36	607.00	97413.00
chr14	68031638	68032561	923	923	12.00	97.00	37.03	33.00	34181.00
chr19	42479780	42479949	169	169	5974.00	8399.00	7043.46	6893.00	1190345.00
chr16	31503329	31503407	78	78	758.00	977.00	849.79	839.50	66284.00
chr17	1564564	1564700	136	136	364.00	588.00	439.47	416.00	59768.00
chr16	58717858	58718082	224	224	9.00	132.00	69.34	67.00	15532.00
chr14	71575320	71575763	443	443	193.00	361.00	281.32	289.00	124626.00
chr1	202934498	202934628	130	130	364.00	476.00	409.11	408.00	53184.00
chr7	73118477	73118586	109	109	2007.00	2536.00	2344.96	2371.00	255601.00
chr19	13365908	13366073	165	165	89.00	160.00	127.13	123.00	20977.00
chr10	102265117	102265958	841	841	13.00	79.00	34.00	31.00	28593.00
chr9	139983320	139983457	137	137	210.00	299.00	245.50	246.00	33633.00
chr18	29206245	29206347	102	102	169.00	285.00	223.03	212.00	22749.00
chr12	120578662	120578827	165	165	132.00	278.00	200.98	201.00	33162.00
chr5	757516	758226	710	710	0.00	23.00	8.02	9.00	5693.00
chr8	21632483	21632567	84	84	82.00	111.00	96.10	95.50	8072.00
chr4	54011499	54011749	250	250	114.00	189.00	158.32	162.00	39581.00
chr8	141680613	141681365	752	752	30.00	151.00	82.17	70.00	61791.00
chr11	57367351	57367850	499	499	83.00	263.00	150.37	147.00	75037.00
chr12	63980009	63980784	775	775	0.00	59.00	18.65	18.00	14454.00
chr9	140057042	140057203	161	161	12.00	4453.00	3683.89	3902.00	593106.00
chr2	7055953	7056098	145	145	49.00	76.00	61.68	62.00	8944.00
chr12	52387768	52389043	1275	1275	24.00	684.00	379.24	366.00	483528.00
chr19	50104931	50105175	244	244	210.00	526.00	322.20	314.00	78618.00
chr19	5218430	5218543	113	113	869.00	1228.00	1116.24	1154.00	126135.00
chr16	29898969	29899138	169	169	549.00	878.00	702.74	683.00	118763.00
chr7	99030900	99031041	141	141	54.00	124.00	91.05	92.00	12838.00
chr17	36692926	36693212	286	286	0.00	3.00	1.63	1.00	466.00
chr15	73857770	73859335	1565	1565	0.00	106.00	52.10	54.00	81541.00
chr6	44104085	44104176	91	91	143.00	307.00	268.70	293.00	24452.00
chr1	21938518	21938602	84	84	766.00	1168.00	991.96	1012.00	83325.00
chr19	13423482	13423595	113	113	12.00	53.00	24.59	14.00	2779.00
chr16	70292882	70293089	207	207	1809.00	2791.00	2255.92	2260.00	466976.00
chr18	61060641	61060782	141	141	362.00	591.00	490.97	485.00	69227.00
chr16	22269814	22270016	202	202	34.00	68.00	56.53	59.00	11420.00
chr1	21554423	21554534	111	111	123.00	215.00	159.87	153.00	17746.00
chr9	140057255	140057455	200	200	1.00	4741.00	3197.61	3890.50	639522.00
chr7	1488255	1488397	142	142	72.00	123.00	91.72	92.00	13024.00
chr14	100166351	100166438	87	87	1644.00	1891.00	1743.64	1734.00	151697.00
chr9	101065522	101065705	183	183	962.00	1323.00	1139.59	1148.00	208545.00
chr5	68411752	68412041	289	289	110.00	209.00	159.76	160.00	46172.00
chr1	2452539	2452754	215	215	143.00	254.00	195.15	185.00	41958.00
chr1	21564626	21564737	111	111	127.00	178.00	158.89	164.00	17637.00
chr13	42037713	42039066	1353	1353	3.00	87.00	46.42	51.00	62812.00
chr2	114350236	114350443	207	207	0.00	22.00	6.54	3.00	1353.00
chr1	21939668	21939722	54	54	983.00	1111.00	1039.94	1035.50	56157.00
chr9	139353895	139354007	112	112	94.00	190.00	143.29	150.00	16049.00
chr7	102176367	102176618	251	251	18.00	70.00	50.19	51.00	12598.00
chr3	51411753	51412018	265	265	0.00	586.00	212.40	3.00	56286.00
chr17	73888091	73888266	175	175	58.00	155.00	96.55	88.00	16896.00
chr13	103297258	103297435	177	177	3.00	194.00	100.72	134.00	17828.00
chr15	63922664	63922834	170	170	365.00	634.00	511.12	501.00	86891.00
chr3	33400774	33400849	75	75	258.00	329.00	297.87	304.00	22340.00
chr22	50671744	50671955	211	211	61.00	139.00	103.71	103.00	21883.00
chr1	21190968	21191205	237	237	478.00	828.00	652.60	655.00	154666.00
chr5	14481649	14481727	78	78	244.00	323.00	281.22	283.00	21935.00
chr15	101605556	101606410	854	854	21.00	122.00	63.66	59.00	54369.00
chr17	80040402	80040554	152	152	1284.00	1749.00	1510.51	1504.50	229598.00
chr2	132269293	132270897	1604	1604	10.00	85.00	49.06	48.00	78693.00
chr11	1778553	1778786	233	233	4100.00	5837.00	4908.05	4900.00	1143575.00
chr11	1469616	1469808	192	192	9.00	25.00	17.40	17.00	3341.00
chr12	120138549	120138630	81	81	322.00	403.00	366.09	371.00	29653.00
chr7	901016	901101	85	85	464.00	695.00	590.36	608.00	50181.00
chr19	13372263	13372424	161	161	122.00	195.00	162.24	167.00	26120.00
chr17	40843154	40843311	157	157	289.00	438.00	354.00	343.00	55578.00
chr17	80039476	80039719	243	243	905.00	1397.00	1157.54	1115.00	281283.00
chr17	16681109	16687365	6256	6256	0.00	128.00	35.83	32.00	224147.00
chr1	116935475	116935610	135	135	2675.00	3340.00	3001.44	3003.00	405195.00
chr6	128294808	128294972	164	164	455.00	756.00	617.66	639.50	101297.00
chr5	109189927	109190617	690	690	0.00	58.00	15.63	10.00	10785.00
chr15	40757533	40757634	101	101	72.00	235.00	193.09	203.00	19502.00
chr2	220164706	220164981	275	275	1148.00	1949.00	1599.54	1595.00	439873.00
chr3	164905164	164908639	3475	3475	15.00	413.00	128.72	99.00	447295.00
chr11	60699157	60699356	199	199	288.00	1099.00	941.28	973.00	187314.00
chr2	96680301	96680717	416	416	1.00	31.00	17.29	16.00	7193.00
chr17	40845314	40845554	240	240	394.00	621.00	533.73	544.00	128096.00
chr12	125264513	125265391	878	878	12.00	75.00	39.45	39.00	34635.00
chr1	156623704	156624158	454	454	6.00	41.00	20.70	19.00	9399.00
chr6	108370456	108370622	166	166	372.00	556.00	443.64	433.50	73645.00
chr11	19180486	19180587	101	101	76.00	124.00	107.67	110.00	10875.00
chr19	42489069	42489338	269	269	1188.00	2435.00	1794.38	1797.00	482689.00
chr2	198274493	198274731	238	238	434.00	653.00	544.54	555.00	129600.00
chr6	47220991	47221257	266	266	617.00	1252.00	935.47	1001.00	248835.00
chr19	40872679	40872822	143	143	2120.00	3393.00	2795.33	2810.00	399732.00
chr19	54693278	54693627	349	349	7.00	623.00	236.80	161.00	82643.00
chr12	81929	82174	245	245	1.00	47.00	24.52	16.00	6008.00
chr21	45513943	45514114	171	171	256.00	546.00	428.94	467.00	73349.00
chr3	124201630	124201747	117	117	0.00	1067.00	756.60	924.00	88522.00
chr17	79805118	79805223	105	105	905.00	1242.00	1040.42	1024.00	109244.00
chr20	46307419	46307548	129	129	254.00	435.00	355.19	363.00	45820.00
chr17	38187790	38187873	83	83	208.00	294.00	249.51	235.00	20709.00
chr2	207452814	207452878	64	64	515.00	715.00	630.73	639.00	40367.00
chr17	45695715	45695823	108	108	1105.00	1427.00	1238.07	1232.00	133712.00
chr7	44283023	44283126	103	103	1312.00	1657.00	1465.84	1449.00	150982.00
chr20	62274975	62275284	309	309	0.00	5559.00	2762.17	4250.00	853512.00
chr11	108202605	108202764	159	159	83.00	120.00	100.53	101.00	15984.00
chr9	140051314	140051489	175	175	1274.00	1775.00	1505.85	1478.00	263523.00
chr22	45574118	45574781	663	663	96.00	281.00	173.08	167.00	114749.00
chr15	79312382	79312446	64	64	361.00	460.00	411.58	414.50	26341.00
chr1	21940120	21940199	79	79	946.00	1140.00	1035.05	1031.00	81769.00
chr17	3775847	3775921	74	74	1097.00	1651.00	1439.73	1509.00	106540.00
chr7	73133931	73134019	88	88	28.00	1590.00	491.03	290.00	43211.00
chr11	72292920	72292991	71	71	1047.00	1240.00	1173.10	1177.00	83290.00
chr7	43547616	43547730	114	114	130.00	212.00	174.00	171.00	19836.00
chr16	58713760	58714145	385	385	39.00	123.00	85.11	86.00	32769.00
chr22	21083600	21083794	194	194	1498.00	2292.00	1837.17	1797.50	356411.00
chr11	66457275	66457414	139	139	1305.00	2030.00	1590.52	1525.00	221082.00
chr15	91561034	91561115	81	81	102.00	153.00	128.69	133.00	10424.00
chr11	2968525	2969001	476	476	14.00	53.00	28.84	28.00	13727.00
chr19	34869838	34869910	72	72	2982.00	3934.00	3319.90	3219.50	239033.00
chr9	121970996	121971219	223	223	909.00	1219.00	1050.84	1064.00	234337.00
chr3	47449772	47449980	208	208	6.00	207.00	122.13	155.00	25403.00
chr12	57601820	57601999	179	179	909.00	1404.00	1131.84	1110.00	202600.00
chr16	2345590	2345741	151	151	371.00	619.00	527.95	527.00	79720.00
chr12	50471782	50471910	128	128	298.00	423.00	362.68	360.50	46423.00
chr1	109814221	109814344	123	123	1252.00	1902.00	1650.78	1663.00	203046.00
chr19	16942304	16942458	154	154	122.00	335.00	250.14	270.00	38521.00
chr11	66333301	66333398	97	97	1639.00	2138.00	1887.20	1908.00	183058.00
chr5	74026084	74026223	139	139	339.00	417.00	373.26	373.00	51883.00
chr5	68417520	68417722	202	202	212.00	306.00	260.91	262.50	52703.00
chr19	15272262	15272525	263	263	186.00	317.00	237.87	231.00	62559.00
chr3	45872404	45872482	78	78	355.00	409.00	386.03	385.00	30110.00
chr7	73123374	73123452	78	78	1616.00	2785.00	2283.63	2352.00	178123.00
chr5	14498197	14498360	163	163	298.00	453.00	390.24	398.00	63609.00
chr14	93180167	93180230	63	63	197.00	323.00	264.52	271.00	16665.00
chr9	130984739	130984875	136	136	3546.00	5349.00	4487.62	4440.00	610316.00
chr13	31216764	31216894	130	130	43.00	137.00	86.05	87.00	11186.00
chr12	112614399	112614506	107	107	161.00	397.00	338.50	341.00	36220.00
chr12	57602865	57602982	117	117	1220.00	1752.00	1478.83	1454.00	173023.00
chr14	72976861	72976987	126	126	110.00	177.00	139.02	138.00	17516.00
chr1	155209406	155209553	147	147	285.00	616.00	389.30	328.00	57227.00
chr10	49633930	49634113	183	183	194.00	425.00	274.84	258.00	50296.00
chr16	84100093	84100218	125	125	566.00	748.00	641.73	634.00	80216.00
chr1	155207924	155208097	173	173	501.00	746.00	585.64	560.00	101316.00
chr12	2786898	2787033	135	135	63.00	110.00	85.60	83.00	11556.00
chr2	233755457	233756197	740	740	0.00	1823.00	286.85	15.00	212269.00
chr14	60631894	60632099	205	205	95.00	573.00	305.85	328.00	62699.00
chr1	11151549	11151654	105	105	205.00	378.00	308.90	319.00	32435.00
chr4	134076071	134076178	107	107	594.00	1057.00	901.58	906.00	96469.00
chr15	91420364	91420441	77	77	274.00	319.00	299.49	299.00	23061.00
chr5	114961533	114961755	222	222	55.00	576.00	291.77	301.00	64772.00
chr16	1814047	1814211	164	164	12.00	1353.00	706.91	1104.00	115933.00
chr18	44250463	44252581	2118	2118	30.00	253.00	128.86	126.00	272917.00
chr6	158049380	158049518	138	138	374.00	534.00	455.77	457.00	62896.00
chr19	7675585	7675679	94	94	106.00	182.00	135.06	131.00	12696.00
chr13	99461604	99461719	115	115	32.00	821.00	676.83	682.00	77835.00
chr11	130010829	130011467	638	638	0.00	4403.00	476.51	31.00	304012.00
chr11	107526658	107526792	134	134	818.00	1215.00	973.46	956.00	130443.00
chr16	1391294	1391490	196	196	367.00	502.00	419.03	416.00	82129.00
chr1	38182716	38184158	1442	1442	13.00	229.00	142.61	145.00	205637.00
chr5	179231023	179231323	300	300	1.00	29.00	13.56	14.00	4069.00
chr14	69814593	69814719	126	126	572.00	700.00	622.21	611.50	78399.00
chr14	69349174	69349309	135	135	519.00	750.00	619.53	621.00	83636.00
chr19	7614792	7614998	206	206	409.00	577.00	482.13	480.00	99318.00
chr1	228270375	228270466	91	91	12.00	2276.00	751.48	371.00	68385.00
chr1	38186022	38186315	293	293	4.00	123.00	62.20	72.00	18224.00
chr13	77641715	77641999	284	284	621.00	993.00	803.08	799.50	228075.00
chr14	100157417	100157498	81	81	951.00	1339.00	1093.20	1038.00	88549.00
chr13	32978280	32979333	1053	1053	2.00	242.00	46.21	32.00	48656.00
chr12	7301567	7301794	227	227	1328.00	1751.00	1550.67	1566.00	352001.00
chr9	123583116	123583257	141	141	108.00	207.00	162.82	168.00	22958.00
chr17	26883183	26883284	101	101	367.00	585.00	459.40	442.00	46399.00
chr12	6972993	6973137	144	144	1041.00	1434.00	1221.05	1223.00	175831.00
chr20	34322310	34322637	327	327	1.00	34.00	19.09	20.00	6241.00
chr19	7606407	7606570	163	163	309.00	431.00	364.71	366.00	59447.00
chr16	2333186	2333373	187	187	4.00	1130.00	799.82	867.00	149567.00
chr12	113825548	113825711	163	163	388.00	501.00	455.00	458.00	74165.00
chr7	4802013	4807749	5736	5736	11.00	233.00	84.42	79.00	484235.00
chr1	43394880	43394985	105	105	899.00	1374.00	1146.47	1221.00	120379.00
chr19	4554399	4554488	89	89	1282.00	1617.00	1442.30	1414.00	128365.00
chr16	31719139	31719372	233	233	6.00	66.00	32.22	24.00	7507.00
chr5	134060669	134061744	1075	1075	39.00	204.00	103.73	102.00	111514.00
chr1	202936318	202936371	53	53	54.00	260.00	158.87	193.00	8420.00
chr2	220087366	220087615	249	249	748.00	1067.00	887.50	881.00	220987.00
chr2	36764494	36764689	195	195	211.00	380.00	302.14	310.00	58918.00
chr7	43519208	43519343	135	135	111.00	170.00	141.77	143.00	19139.00
chr10	51249585	51249993	408	408	0.00	30.00	8.81	4.00	3594.00
chr6	32123647	32123755	108	108	199.00	350.00	290.64	315.00	31389.00
chr3	118624442	118624692	250	250	0.00	289.00	125.04	7.00	31259.00
chr1	190129797	190130020	223	223	101.00	247.00	161.21	153.00	35950.00
chr9	131004491	131004624	133	133	6.00	7029.00	5489.76	6335.00	730138.00
chr22	33679187	33679334	147	147	705.00	1009.00	865.05	873.00	127162.00
chr15	74709931	74710016	85	85	292.00	444.00	361.00	369.00	30685.00
chr7	6470110	6470238	128	128	125.00	196.00	155.09	153.50	19852.00
chr1	6640600	6641359	759	759	28.00	219.00	96.06	85.00	72908.00
chr16	31510622	31510728	106	106	427.00	583.00	492.43	484.00	52198.00
chr4	103710287	103711803	1516	1516	0.00	69.00	33.29	33.00	50462.00
chr19	2862339	2862746	407	407	9.00	55.00	34.39	36.00	13995.00
chr2	15467873	15467994	121	121	89.00	151.00	115.62	116.00	13990.00
chr2	36780721	36781492	771	771	2.00	75.00	34.04	36.00	26245.00
chr10	81070680	81070941	261	261	145.00	290.00	215.10	225.00	56140.00
chr2	217234866	217235986	1120	1120	71.00	177.00	109.26	106.00	122374.00
chr10	93786348	93786508	160	160	171.00	275.00	219.15	218.50	35064.00
chr17	20268785	20269076	291	291	9.00	53.00	25.84	20.00	7518.00
chr9	131002006	131002062	56	56	26.00	6407.00	5597.59	6086.00	313465.00
chr1	155208307	155208441	134	134	685.00	1006.00	830.42	817.00	111276.00
chr2	162833877	162834373	496	496	3.00	1593.00	143.02	22.00	70936.00
chr9	35799614	35799728	114	114	37.00	94.00	68.63	72.00	7824.00
chr20	62517856	62519234	1378	1378	25.00	531.00	99.66	83.00	137336.00
chr22	35942847	35943127	280	280	226.00	538.00	424.14	456.50	118760.00
chr13	26436438	26436546	108	108	139.00	207.00	178.79	180.00	19309.00
chr14	69371371	69371453	82	82	404.00	586.00	494.04	469.00	40511.00
chr7	44031274	44031581	307	307	0.00	18.00	5.98	2.00	1835.00
chr11	12274988	12275291	303	303	6.00	46.00	23.96	20.00	7259.00
chr5	1334403	1334498	95	95	529.00	673.00	609.12	610.00	57866.00
chr19	34868639	34868786	147	147	2949.00	4442.00	3762.96	3810.00	553155.00
chr16	1815960	1816143	183	183	1032.00	1453.00	1278.34	1281.00	233937.00
chr10	73578787	73578868	81	81	10000.00	15865.00	12653.38	12543.00	1024924.00
chr17	37420427	37420640	213	213	79.00	155.00	118.42	117.00	25224.00
chr5	60835422	60835586	164	164	136.00	230.00	175.27	165.00	28745.00
chr15	79296143	79296517	374	374	459.00	1218.00	880.91	920.00	329461.00
chr19	13039568	13039661	93	93	778.00	938.00	836.97	831.00	77838.00
chr12	49421585	49421713	128	128	113.00	179.00	150.74	155.00	19295.00
chr1	1661057	1662583	1526	1526	44.00	1345.00	372.94	183.50	569105.00
chr2	207457340	207457460	120	120	475.00	767.00	597.88	582.00	71745.00
chr11	64542462	64543441	979	979	3.00	38.00	15.14	14.00	14821.00
chr20	61910250	61910347	97	97	339.00	482.00	418.70	411.00	40614.00
chr11	62394042	62394156	114	114	909.00	1298.00	1104.54	1085.50	125918.00
chr5	37301538	37301652	114	114	70.00	127.00	98.51	103.00	11230.00
chr16	4733843	4733933	90	90	485.00	914.00	703.02	728.00	63272.00
chr15	43693913	43694048	135	135	114.00	239.00	175.53	175.00	23696.00
chr11	18764538	18764622	84	84	597.00	720.00	670.81	674.50	56348.00
chr17	57842331	57842499	168	168	271.00	671.00	483.82	486.50	81281.00
chr9	96076729	96078064	1335	1335	0.00	39.00	13.76	12.00	18370.00
chr11	12246219	12246367	148	148	642.00	833.00	743.14	735.00	109985.00
chr12	7030743	7031565	822	822	0.00	10175.00	3296.18	20.00	2709459.00
chr3	14523178	14523349	171	171	31.00	98.00	65.10	63.00	11132.00
chr5	758508	759483	975	975	1.00	26.00	10.25	11.00	9996.00
chr12	22635490	22635677	187	187	88.00	192.00	141.17	140.00	26398.00
chr5	14479369	14479459	90	90	240.00	331.00	276.32	276.50	24869.00
chr6	143655214	143656079	865	865	2.00	38.00	16.62	19.00	14377.00
chr7	75508360	75508578	218	218	438.00	3748.00	2833.66	3366.00	617737.00
chr11	60697981	60698131	150	150	402.00	714.00	521.03	490.00	78155.00
chr1	151400598	151400889	291	291	97.00	301.00	205.30	196.00	59742.00
chr5	172196431	172197309	878	878	24.00	801.00	270.55	66.00	237542.00
chr3	49152660	49152794	134	134	116.00	243.00	193.07	211.50	25872.00
chr7	5518281	5519950	1669	1669	57.00	318.00	150.91	138.00	251870.00
chr17	16691106	16691449	343	343	2.00	96.00	33.27	41.00	11411.00
chr2	220086993	220087172	179	179	725.00	1409.00	1163.21	1186.00	208215.00
chr10	51746916	51748006	1090	1090	0.00	136.00	38.09	29.00	41519.00
chr12	7302118	7302289	171	171	1592.00	2535.00	2033.85	2008.00	347788.00
chr11	59562844	59562955	111	111	38.00	98.00	68.25	77.00	7576.00
chr12	6100984	6101184	200	200	95.00	141.00	115.56	114.00	23113.00
chr19	5683274	5683627	353	353	0.00	15.00	6.74	5.00	2380.00
chr12	2786259	2786387	128	128	95.00	151.00	128.84	131.50	16492.00
chr15	26812727	26812880	153	153	444.00	571.00	498.61	504.00	76288.00
chr1	149007980	149008798	818	818	0.00	27.00	9.27	9.00	7585.00
chr19	54965608	54965861	253	253	117.00	377.00	225.46	194.00	57042.00
chr8	27293259	27293310	51	51	1000.00	1270.00	1201.33	1217.00	61268.00
chr15	23014437	23014528	91	91	288.00	439.00	386.08	404.00	35133.00
chr1	111717500	111717585	85	85	179.00	301.00	238.69	227.00	20289.00
chr6	150157220	150157433	213	213	605.00	924.00	734.62	742.00	156475.00
chr13	114566547	114566670	123	123	222.00	313.00	271.41	276.00	33383.00
chr16	58539291	58539605	314	314	0.00	46.00	27.22	29.00	8547.00
chr1	21936612	21936768	156	156	823.00	1782.00	1335.96	1405.00	208410.00
chr1	17322880	17322991	111	111	721.00	999.00	845.08	854.00	93804.00
chr11	60699455	60699599	144	144	796.00	1242.00	980.49	978.50	141191.00
chr5	6749669	6749770	101	101	129.00	167.00	148.09	149.00	14957.00
chr16	2156805	2156949	144	144	179.00	454.00	330.66	313.50	47615.00
chr15	34690834	34690930	96	96	90.00	152.00	120.05	127.00	11525.00
chr3	11074933	11075425	492	492	6.00	1557.00	294.57	35.00	144926.00
chr5	74655222	74655381	159	159	487.00	745.00	602.11	601.00	95735.00
chr20	20022968	20023160	192	192	153.00	303.00	214.52	190.50	41187.00
chr2	39055481	39055578	97	97	48.00	80.00	64.47	66.00	6254.00
chr19	16793231	16793528	297	297	12.00	456.00	129.59	32.00	38487.00
chr2	219205450	219205509	59	59	174.00	228.00	200.73	201.00	11843.00
chr17	74087429	74087729	300	300	19.00	49.00	35.71	35.00	10713.00
chr3	184058150	184060036	1886	1886	4.00	3177.00	402.44	38.00	759011.00
chr6	90333128	90333263	135	135	105.00	166.00	135.84	133.00	18338.00
chr12	125267019	125267429	410	410	8.00	190.00	64.60	39.00	26484.00
chr1	207942580	207943104	524	524	61.00	194.00	103.95	100.00	54470.00
chr4	89356876	89357043	167	167	41.00	113.00	83.86	88.00	14005.00
chr7	101995498	101995736	238	238	0.00	25.00	9.40	9.00	2237.00
chr3	11067458	11067562	104	104	850.00	1161.00	980.09	956.50	101929.00
chr5	95734582	95734740	158	158	126.00	178.00	159.12	160.00	25141.00
chr6	152529106	152529341	235	235	299.00	421.00	365.78	372.00	85958.00
chr5	102295578	102295763	185	185	461.00	637.00	552.70	554.00	102250.00
chr22	21072980	21073110	130	130	1490.00	3122.00	2176.89	2056.50	282996.00
chr12	121855306	121855714	408	408	209.00	628.00	364.92	355.50	148888.00
chr1	160326389	160326544	155	155	633.00	816.00	733.05	733.00	113623.00
chr11	60670930	60671007	77	77	844.00	1233.00	1085.17	1140.00	83558.00
chr17	79804822	79804948	126	126	1003.00	1188.00	1105.44	1105.50	139285.00
chr16	18527204	18527332	128	128	1642.00	2889.00	2367.90	2345.00	303091.00
chr16	16372518	16372646	128	128	1632.00	2886.00	2362.19	2336.50	302360.00
chr2	32750530	32750695	165	165	113.00	179.00	139.93	141.00	23089.00
chr14	69369193	69369279	86	86	503.00	673.00	588.76	584.00	50633.00
chr7	66418212	66418356	144	144	496.00	741.00	601.42	607.00	86604.00
chr6	44107988	44108097	109	109	259.00	362.00	292.32	287.00	31863.00
chr7	70885893	70886091	198	198	876.00	1648.00	1183.10	1155.50	234254.00
chr8	27295281	27295397	116	116	988.00	1290.00	1118.53	1125.50	129750.00
chr7	73122918	73123018	100	100	2246.00	2840.00	2550.74	2538.00	255074.00
chr15	34698874	34699071	197	197	54.00	150.00	93.74	96.00	18467.00
chr8	22009343	22009513	170	170	1227.00	1861.00	1517.38	1523.00	257954.00
chr7	1526557	1526737	180	180	228.00	374.00	318.51	328.50	57331.00
chr5	178053946	178054065	119	119	4.00	155.00	68.24	53.00	8121.00
chr12	6103027	6103369	342	342	74.00	173.00	137.84	146.00	47140.00
chr2	3479491	3480482	991	991	4.00	81.00	37.59	37.00	37250.00
chr3	33883388	33883566	178	178	288.00	460.00	377.48	379.00	67192.00
chr19	11019778	11019883	105	105	371.00	571.00	458.90	463.00	48185.00
chr7	98446205	98446318	113	113	3914.00	6178.00	5158.73	5517.00	582937.00
chr8	106813274	106813932	658	658	22.00	122.00	58.89	47.00	38750.00
chr2	223795338	223795530	192	192	1024.00	1277.00	1159.96	1164.00	222713.00
chr7	75511146	75511554	408	408	2628.00	4590.00	3441.04	3430.50	1403944.00
chr21	40184926	40185038	112	112	327.00	475.00	409.46	423.50	45860.00
chr19	53383575	53385236	1661	1661	0.00	117.00	32.58	29.00	54121.00
chr19	14208130	14208295	165	165	19.00	2361.00	1491.15	1876.00	246040.00
chr15	91461013	91461618	605	605	24.00	1707.00	525.21	61.00	317751.00
chr8	145278010	145278133	123	123	85.00	119.00	104.04	104.00	12797.00
chr16	28132990	28133083	93	93	475.00	724.00	608.53	616.00	56593.00
chr11	125280091	125280221	130	130	165.00	229.00	201.80	202.00	26234.00
chr15	63128089	63128317	228	228	63.00	973.00	596.74	670.50	136057.00
chr9	131181435	131181557	122	122	8.00	873.00	761.92	782.00	92954.00
chr19	3281196	3281343	147	147	503.00	795.00	649.08	669.00	95415.00
chr11	6240200	6240280	80	80	183.00	240.00	214.69	215.00	17175.00
chr20	31019123	31019287	164	164	96.00	183.00	142.11	142.00	23306.00
chr6	46825865	46827260	1395	1395	48.00	251.00	127.67	118.00	178101.00
chr12	1672006	1672666	660	660	0.00	29.00	13.98	14.00	9227.00
chr12	9098824	9099001	177	177	513.00	688.00	588.18	578.00	104108.00
chr7	121738503	121738630	127	127	64.00	112.00	84.61	82.00	10746.00
chr19	40875814	40875935	121	121	3346.00	4073.00	3822.95	3860.00	462577.00
chr20	3581592	3581671	79	79	238.00	317.00	280.09	285.00	22127.00
chr17	7226965	7227042	77	77	167.00	216.00	185.92	184.00	14316.00
chr2	74331800	74332809	1009	1009	27.00	104.00	64.39	63.00	64967.00
chr1	209785136	209785610	474	474	29.00	811.00	587.94	643.00	278682.00
chr9	35546426	35548532	2106	2106	164.00	581.00	372.04	372.00	783525.00
chr17	80040198	80040290	92	92	974.00	1355.00	1153.41	1110.50	106114.00
chr11	73074791	73075284	493	493	8.00	415.00	126.85	34.00	62535.00
chr20	44674976	44675075	99	99	396.00	572.00	495.84	498.00	49088.00
chr20	5892091	5892328	237	237	128.00	1421.00	770.46	709.00	182599.00
chr17	20316581	20317594	1013	1013	0.00	68.00	31.43	30.00	31839.00
chr12	99478702	99478801	99	99	342.00	401.00	370.86	372.00	36715.00
chr17	40842756	40842960	204	204	320.00	625.00	474.88	463.50	96875.00
chr11	107501142	107501288	146	146	379.00	551.00	473.36	485.00	69111.00
chr11	85429236	85429532	296	296	5.00	32.00	10.92	8.00	3231.00
chr20	9449217	9449319	102	102	85.00	129.00	109.85	113.00	11205.00
chr14	23371395	23371591	196	196	426.00	573.00	507.02	512.50	99376.00
chr7	716865	716957	92	92	3482.00	4810.00	4299.61	4328.00	395564.00
chr10	48862360	48862682	322	322	10.00	377.00	209.65	293.50	67506.00
chr10	68686678	68688210	1532	1532	65.00	384.00	150.59	130.00	230708.00
chr5	179674854	179674926	72	72	594.00	822.00	722.79	718.50	52041.00
chr1	209773327	209773456	129	129	233.00	314.00	270.74	272.00	34925.00
chr17	45691034	45691091	57	57	1261.00	1474.00	1380.28	1379.00	78676.00
chr1	19669871	19670118	247	247	29.00	60.00	45.38	42.00	11209.00
chr17	45664025	45664710	685	685	0.00	658.00	91.60	13.00	62745.00
chr19	2337634	2338840	1206	1206	14.00	272.00	55.15	41.00	66516.00
chr8	22011480	22011552	72	72	1038.00	1571.00	1285.43	1289.50	92551.00
