#chrom	start	end	size	num_data	min	max	mean	median	sum
chr12	1940100	1940691	591	591	0.00	18.00	7.22	8.00	4265.00
chr1	27480473	27481381	908	908	1.00	50.00	22.29	21.00	20242.00
chr15	63112684	63112809	125	125	213.00	282.00	235.05	232.00	29381.00
chr5	149231737	149232254	517	517	0.00	28.00	10.82	10.00	5596.00
chr5	140865429	140867182	1753	1753	0.00	58.00	23.61	23.00	41386.00
chr1	32209793	32209958	165	165	175.00	392.00	298.56	301.00	49262.00
chr16	87873307	87873431	124	124	90.00	129.00	112.19	111.00	13911.00
chr17	34157438	34158175	737	737	0.00	12.00	3.06	0.00	2256.00
chr2	127815619	127816088	469	469	5.00	43.00	19.28	18.00	9040.00
chr1	208212965	208213112	147	147	18.00	67.00	45.16	54.00	6639.00
chr22	19703883	19704666	783	783	0.00	20.00	1.12	0.00	879.00
chr16	87872319	87872423	104	104	93.00	134.00	113.29	114.00	11782.00
chr9	140055740	140055868	128	128	508.00	757.00	633.55	629.00	81095.00
chr22	21096515	21096643	128	128	203.00	333.00	272.30	284.00	34854.00
chr9	140056321	140056540	219	219	0.00	835.00	521.02	661.00	114104.00
chr11	78379981	78380253	272	272	3.00	36.00	20.78	25.00	5651.00
chr3	11070420	11070533	113	113	163.00	218.00	188.61	189.00	21313.00
chr1	109812554	109813222	668	668	0.00	420.00	184.65	281.00	123344.00
chr2	220161954	220162155	201	201	431.00	767.00	622.42	651.00	125107.00
chr15	74706887	74707086	199	199	75.00	206.00	154.07	152.00	30659.00
chr17	7318829	7319426	597	597	153.00	435.00	259.61	245.00	154987.00
chr1	21560050	21560154	104	104	39.00	91.00	69.54	71.00	7232.00
chr1	25573799	25573952	153	153	3.00	187.00	113.63	138.00	17386.00
chr14	93198993	93199160	167	167	88.00	164.00	123.72	118.00	20662.00
chr1	205554003	205554119	116	116	57.00	149.00	111.58	113.50	12943.00
chr1	9795005	9795232	227	227	505.00	991.00	738.77	829.00	167701.00
chr17	42426525	42426670	145	145	70.00	124.00	103.10	105.00	14950.00
chr18	70205887	70206179	292	292	0.00	97.00	35.59	4.00	10392.00
chr1	205553082	205553251	169	169	54.00	160.00	111.18	114.00	18790.00
chr9	140056623	140056766	143	143	1.00	984.00	620.39	678.00	88716.00
chr6	33412147	33412394	247	247	0.00	523.00	236.79	267.00	58488.00
chr12	89992366	89992547	181	181	0.00	541.00	392.14	452.00	70978.00
chr2	220088827	220089576	749	749	62.00	208.00	107.66	97.00	80637.00
chr14	100763073	100765222	2149	2149	1.00	261.00	40.43	38.00	86875.00
chr1	110740697	110742543	1846	1846	3.00	341.00	185.43	167.00	342313.00
chr1	149878201	149879758	1557	1557	0.00	356.00	94.76	10.00	147541.00
chr3	197264139	197265259	1120	1120	0.00	10.00	1.08	0.00	1212.00
chr8	56449623	56450530	907	907	0.00	23.00	8.87	8.00	8044.00
chr9	139354208	139354326	118	118	14.00	101.00	43.83	44.00	5172.00
chr1	32204908	32205236	328	328	472.00	932.00	692.59	672.00	227170.00
chr7	75608768	75608897	129	129	141.00	278.00	219.02	226.00	28253.00
chr19	45161029	45161178	149	149	5.00	30.00	12.93	11.00	1926.00
chr19	5243911	5244493	582	582	5.00	49.00	26.60	25.00	15483.00
chr6	32119585	32119717	132	132	22.00	464.00	219.89	223.50	29025.00
chr3	42670878	42672067	1189	1189	0.00	12.00	3.30	2.00	3924.00
chr11	45892392	45892485	93	93	121.00	174.00	142.98	142.00	13297.00
chr17	80040789	80040991	202	202	361.00	556.00	469.85	481.50	94910.00
chr2	74902875	74903036	161	161	8.00	78.00	41.80	39.00	6730.00
chr17	38335969	38337946	1977	1977	0.00	154.00	12.53	4.00	24768.00
chr16	87870103	87870253	150	150	96.00	154.00	122.68	120.50	18402.00
chr1	32205947	32206142	195	195	524.00	712.00	599.54	590.00	116911.00
chr6	44117553	44117702	149	149	5.00	358.00	201.51	271.00	30025.00
chr1	159163659	159163830	171	171	653.00	837.00	751.86	755.00	128568.00
chr3	445565	446023	458	458	0.00	0.00	0.00	0.00	0.00
chr2	25048913	25048995	82	82	166.00	227.00	200.62	199.00	16451.00
chr10	99504485	99504672	187	187	76.00	156.00	115.79	117.00	21652.00
chr4	54364807	54365010	203	203	27.00	85.00	44.34	39.00	9002.00
chr17	1634367	1634552	185	185	19.00	39.00	30.50	31.00	5642.00
chr7	72416124	72416247	123	123	134.00	192.00	169.99	168.00	20909.00
chr1	208212169	208212329	160	160	24.00	74.00	44.73	45.00	7156.00
chr9	140952500	140952702	202	202	2.00	32.00	11.50	8.00	2322.00
chr6	44197325	44197528	203	203	30.00	72.00	47.92	47.00	9727.00
chr6	44197643	44198218	575	575	1.00	95.00	43.25	34.00	24866.00
chr11	118981972	118982084	112	112	260.00	329.00	286.96	280.00	32140.00
chr5	150503846	150503952	106	106	1.00	1617.00	948.11	1127.50	100500.00
chr11	118981761	118981878	117	117	210.00	300.00	259.52	260.00	30364.00
chr11	126314873	126315000	127	127	39.00	112.00	79.08	76.00	10043.00
chr1	159165808	159166244	436	436	0.00	742.00	146.90	9.00	64049.00
chr7	134893542	134893750	208	208	25.00	68.00	50.25	52.00	10453.00
chr9	121976196	121976433	237	237	72.00	380.00	209.18	235.00	49575.00
chr19	54691042	54691169	127	127	260.00	460.00	350.49	331.00	44512.00
chr22	38621430	38621600	170	170	389.00	504.00	446.79	444.50	75955.00
chr13	42035681	42036205	524	524	0.00	10.00	1.50	0.00	787.00
chr20	1915360	1915413	53	53	0.00	706.00	458.45	561.00	24298.00
chr5	14496987	14497126	139	139	86.00	135.00	103.17	103.00	14341.00
chr12	56528125	56528212	87	87	83.00	111.00	94.05	92.00	8182.00
chr3	47466974	47467101	127	127	72.00	123.00	95.35	98.00	12110.00
chr17	7415476	7415663	187	187	97.00	172.00	127.14	123.00	23775.00
chr3	33588037	33589252	1215	1215	0.00	50.00	15.43	14.00	18742.00
chr7	887833	888615	782	782	0.00	83.00	23.01	15.00	17995.00
chr10	24813251	24813693	442	442	22.00	87.00	50.36	48.00	22260.00
chr1	109812045	109812213	168	168	124.00	197.00	154.21	157.00	25908.00
chr19	15276597	15276902	305	305	13.00	92.00	56.80	59.00	17323.00
chr16	2334779	2334999	220	220	94.00	196.00	142.40	139.00	31329.00
chr16	68404761	68405261	500	500	15.00	81.00	44.93	45.00	22465.00
chr4	110969111	110969871	760	760	0.00	73.00	15.80	10.00	12005.00
chr1	145693161	145693996	835	835	0.00	64.00	25.80	24.00	21543.00
chr7	44282848	44282932	84	84	415.00	675.00	590.67	612.00	49616.00
chr2	220164315	220164508	193	193	0.00	240.00	103.23	10.00	19923.00
chr12	50472203	50472360	157	157	62.00	167.00	123.34	130.00	19364.00
chr2	220163768	220163833	65	65	201.00	291.00	253.78	262.00	16496.00
chr2	222289928	222290862	934	934	8.00	144.00	76.21	79.00	71179.00
chr12	57599133	57599268	135	135	192.00	256.00	217.40	216.00	29349.00
chr7	157475416	157475629	213	213	308.00	510.00	384.74	388.00	81949.00
chr1	32203800	32203927	127	127	669.00	1193.00	895.79	900.00	113765.00
chr1	109811731	109811912	181	181	118.00	233.00	185.41	197.00	33559.00
chr9	140052830	140052975	145	145	285.00	589.00	439.09	461.00	63668.00
chr2	220161706	220161854	148	148	586.00	729.00	649.05	643.00	96059.00
chr16	29896906	29897070	164	164	143.00	251.00	203.42	208.00	33361.00
chr16	47143393	47143622	229	229	11.00	76.00	42.44	39.00	9718.00
chr11	993753	993985	232	232	132.00	331.00	245.84	266.50	57035.00
chr9	124059698	124061137	1439	1439	0.00	53.00	14.11	9.00	20303.00
chr9	140350140	140350634	494	494	4.00	94.00	45.77	40.00	22608.00
chr11	14504577	14504697	120	120	60.00	95.00	80.04	80.00	9605.00
chr3	49898612	49898733	121	121	299.00	395.00	354.07	357.00	42842.00
chr9	131811659	131811777	118	118	85.00	167.00	125.63	121.00	14824.00
chr9	131810705	131810818	113	113	96.00	147.00	124.48	128.00	14066.00
chr1	223400935	223401080	145	145	156.00	209.00	183.26	182.00	26572.00
chr12	125612185	125612820	635	635	0.00	118.00	18.51	2.00	11752.00
chr2	220088590	220088744	154	154	125.00	216.00	179.51	188.50	27644.00
chr9	70888487	70888750	263	263	0.00	2.00	0.66	1.00	174.00
chr14	69813756	69813898	142	142	181.00	262.00	221.85	224.00	31503.00
chr2	47399145	47399890	745	745	3.00	459.00	34.37	28.00	25604.00
chr11	62688689	62689041	352	352	0.00	39.00	8.87	2.00	3121.00
chr6	43745205	43745407	202	202	10.00	87.00	65.90	70.00	13311.00
chr3	11072492	11072997	505	505	0.00	164.00	35.04	12.00	17693.00
chr7	2696031	2696168	137	137	256.00	317.00	283.26	283.00	38807.00
chr16	14969196	14969279	83	83	221.00	261.00	247.49	250.00	20542.00
chr17	7377847	7378026	179	179	0.00	5.00	2.64	3.00	472.00
chr12	65639640	65639719	79	79	26.00	111.00	55.24	49.00	4364.00
chr12	50294912	50295108	196	196	956.00	1446.00	1128.87	1123.00	221258.00
chr19	42485653	42485788	135	135	858.00	1086.00	989.64	997.00	133602.00
chr10	99509230	99509343	113	113	77.00	140.00	106.83	108.00	12072.00
chr22	38883877	38888120	4243	4243	0.00	342.00	50.49	33.00	214210.00
chr12	49416372	49416658	286	286	94.00	135.00	115.47	113.00	33025.00
chr6	24843089	24843782	693	693	12.00	67.00	42.09	41.00	29169.00
chr5	176295561	176295665	104	104	127.00	219.00	186.03	194.00	19347.00
chr10	99510087	99510227	140	140	115.00	254.00	172.31	175.50	24124.00
chr1	159173658	159174770	1112	1112	12.00	189.00	67.77	58.00	75360.00
chr11	1780745	1780869	124	124	1001.00	1360.00	1235.23	1270.50	153169.00
chr19	42486059	42486258	199	199	420.00	980.00	719.95	715.00	143271.00
chr3	47465422	47465535	113	113	104.00	154.00	122.63	122.00	13857.00
chr1	21573713	21573856	143	143	38.00	72.00	52.15	52.00	7458.00
chr11	65320330	65320453	123	123	12.00	49.00	24.07	21.00	2961.00
chr3	47462420	47462519	99	99	140.00	369.00	265.02	287.00	26237.00
chr2	219204751	219204864	113	113	76.00	125.00	104.33	109.00	11789.00
chr1	43906123	43906257	134	134	1.00	30.00	13.69	8.00	1835.00
chr7	38785158	38785840	682	682	0.00	331.00	33.51	6.00	22851.00
chr2	153499932	153500058	126	126	53.00	89.00	69.11	69.00	8708.00
chr1	32203011	32203132	121	121	0.00	1094.00	804.89	928.00	97392.00
chr22	42290823	42290941	118	118	463.00	826.00	677.00	681.00	79886.00
chr19	47940718	47940818	100	100	196.00	320.00	263.83	271.00	26383.00
chr4	119539150	119539274	124	124	0.00	1.00	0.78	1.00	97.00
chr17	44117067	44117250	183	183	54.00	93.00	71.54	70.00	13092.00
chr19	42485873	42485983	110	110	652.00	851.00	751.94	767.50	82713.00
chr6	44114583	44114664	81	81	52.00	98.00	70.89	68.00	5742.00
chr19	47941105	47941292	187	187	0.00	343.00	178.56	240.00	33390.00
chr11	73074250	73074500	250	250	72.00	161.00	130.18	131.00	32546.00
chr3	33418764	33418825	61	61	169.00	208.00	189.11	190.00	11536.00
chr1	700258	700505	247	247	12.00	42.00	26.96	23.00	6658.00
chr9	74319510	74319719	209	209	27.00	60.00	44.42	43.00	9284.00
chr16	2336694	2336968	274	274	100.00	198.00	153.18	164.00	41970.00
chr20	3575125	3575219	94	94	101.00	133.00	118.84	118.50	11171.00
chr9	139231377	139231529	152	152	98.00	181.00	142.41	144.00	21646.00
chr5	140515951	140516498	547	547	0.00	40.00	12.44	10.00	6807.00
chr1	21938208	21938309	101	101	301.00	388.00	337.29	338.00	34066.00
chr3	155659188	155659936	748	748	14.00	101.00	52.46	50.00	39238.00
chr16	27483068	27483241	173	173	137.00	251.00	182.34	172.00	31545.00
chr11	994071	994245	174	174	116.00	183.00	153.98	156.00	26793.00
chr7	71175745	71175913	168	168	320.00	467.00	381.04	381.00	64014.00
chr12	121204065	121204175	110	110	178.00	253.00	221.01	223.00	24311.00
chr7	73118679	73118753	74	74	647.00	800.00	743.50	758.00	55019.00
chr9	140972565	140972710	145	145	45.00	72.00	55.34	55.00	8025.00
chr12	121683329	121684024	695	695	0.00	8.00	2.02	1.00	1402.00
chr16	74493579	74493687	108	108	114.00	179.00	150.33	152.50	16236.00
chr2	36771518	36771641	123	123	131.00	195.00	157.28	160.00	19346.00
chr7	94187181	94187996	815	815	0.00	38.00	7.88	6.00	6423.00
chr14	94156951	94157239	288	288	0.00	12.00	4.27	6.00	1231.00
chr7	121739000	121739524	524	524	0.00	32.00	12.52	9.00	6558.00
chr1	19549117	19549328	211	211	33.00	79.00	57.51	59.00	12135.00
chr19	5214571	5214747	176	176	78.00	139.00	99.22	97.00	17463.00
chr19	42557753	42557861	108	108	296.00	398.00	362.84	367.50	39187.00
chr15	102510686	102510925	239	239	1.00	28.00	15.02	14.00	3589.00
chr5	167673761	167675376	1615	1615	0.00	60.00	11.20	9.00	18081.00
chr7	44282158	44282253	95	95	420.00	694.00	501.69	475.00	47661.00
chr2	160621061	160621717	656	656	0.00	194.00	27.00	17.00	17712.00
chr5	10426501	10426634	133	133	165.00	265.00	220.37	213.00	29309.00
chr16	1814301	1814460	159	159	378.00	463.00	420.48	420.00	66856.00
chr11	21581734	21581928	194	194	64.00	160.00	109.02	107.00	21149.00
chr3	126749085	126749255	170	170	175.00	247.00	212.61	216.00	36143.00
chr11	12237765	12237866	101	101	88.00	165.00	114.61	111.00	11576.00
chr6	31750872	31750963	91	91	64.00	87.00	77.24	77.00	7029.00
chr3	53124201	53124398	197	197	14.00	58.00	41.53	47.00	8182.00
chr2	220161470	220161544	74	74	534.00	666.00	607.58	609.00	44961.00
chr2	128951046	128951785	739	739	22.00	100.00	52.99	49.00	39161.00
chr5	24535811	24535931	120	120	8.00	39.00	24.64	27.00	2957.00
chr1	44083406	44083582	176	176	189.00	279.00	247.07	250.50	43484.00
chr1	32207653	32207818	165	165	304.00	449.00	395.53	404.00	65263.00
chr12	7293754	7294000	246	246	0.00	258.00	136.69	169.00	33625.00
chr3	131442289	131442469	180	180	33.00	79.00	57.52	60.00	10354.00
chr3	49898871	49899298	427	427	14.00	447.00	198.02	254.00	84553.00
chr16	66432358	66432464	106	106	15.00	48.00	36.34	36.00	3852.00
chr1	20982593	20982680	87	87	197.00	364.00	273.48	279.00	23793.00
chr16	68398653	68398809	156	156	64.00	132.00	99.27	102.00	15486.00
chr17	16676818	16678279	1461	1461	0.00	25.00	4.60	2.00	6718.00
chr1	109814899	109815027	128	128	604.00	724.00	670.91	673.50	85876.00
chr1	21940478	21940582	104	104	252.00	393.00	340.94	351.00	35458.00
chr20	57468284	57468793	509	509	0.00	12.00	2.04	0.00	1036.00
chr3	127358087	127358366	279	279	268.00	573.00	463.95	462.00	129441.00
chr3	126735359	126735527	168	168	30.00	56.00	42.97	42.50	7219.00
chr10	103869140	103869264	124	124	239.00	373.00	332.48	342.00	41227.00
chr20	44520554	44520666	112	112	196.00	267.00	224.48	221.00	25142.00
chr1	32203252	32203356	104	104	684.00	969.00	839.83	870.00	87342.00
chr21	40186196	40186316	120	120	105.00	171.00	133.23	140.00	15988.00
chr5	111067153	111068349	1196	1196	0.00	44.00	8.47	4.00	10134.00
chr9	128002954	128003186	232	232	110.00	186.00	156.18	155.50	36234.00
chr1	43408896	43408992	96	96	257.00	337.00	291.79	290.50	28012.00
chr3	47463931	47464026	95	95	137.00	200.00	176.52	177.00	16769.00
chr2	220161160	220161238	78	78	569.00	728.00	647.72	649.00	50522.00
chr11	62472772	62473089	317	317	734.00	1257.00	1013.28	1011.00	321211.00
chr9	130986341	130986906	565	565	0.00	287.00	55.69	3.00	31465.00
chr14	69358769	69359000	231	231	78.00	138.00	107.65	106.00	24867.00
chr11	64416205	64416379	174	174	285.00	402.00	340.61	341.00	59267.00
chr17	8398454	8398559	105	105	163.00	249.00	213.90	218.00	22460.00
chr12	53572943	53574193	1250	1250	0.00	66.00	13.57	8.00	16967.00
chr17	17696544	17701827	5283	5283	0.00	276.00	50.10	35.00	264696.00
chr8	11705187	11705331	144	144	783.00	1116.00	982.16	985.50	141431.00
chr19	54963829	54963931	102	102	86.00	139.00	109.25	107.00	11143.00
chr2	70451682	70456295	4613	4613	0.00	69.00	10.16	6.00	46890.00
chr11	118873959	118874169	210	210	0.00	14.00	5.83	5.00	1225.00
chr10	75548427	75548581	154	154	13.00	63.00	42.81	47.00	6592.00
chr6	33414351	33414563	212	212	336.00	658.00	542.29	555.00	114965.00
chr17	80042910	80043032	122	122	49.00	114.00	73.63	69.00	8983.00
chr11	11470290	11470483	193	193	139.00	201.00	172.62	172.00	33316.00
chr8	23294446	23294771	325	325	40.00	146.00	87.50	78.00	28439.00
chr1	116932060	116932663	603	603	0.00	657.00	189.01	12.00	113974.00
chr15	83222627	83222741	114	114	72.00	159.00	118.14	111.00	13468.00
chr3	9841562	9841751	189	189	11.00	44.00	24.93	25.00	4711.00
chr1	116937731	116937907	176	176	763.00	1699.00	1075.91	1007.50	189361.00
chr16	87868019	87868197	178	178	116.00	236.00	155.32	152.00	27647.00
chr3	124209540	124209731	191	191	147.00	303.00	248.27	254.00	47420.00
chr7	71142195	71142291	96	96	263.00	340.00	305.75	305.50	29352.00
chr5	130497324	130497584	260	260	0.00	11.00	4.25	4.00	1105.00
chr13	100199238	100199358	120	120	336.00	428.00	373.35	365.50	44802.00
chr5	139943336	139943506	170	170	7.00	144.00	84.44	87.00	14355.00
chr17	74395529	74396002	473	473	34.00	110.00	65.64	64.00	31049.00
chr14	93179149	93179216	67	67	99.00	134.00	118.39	123.00	7932.00
chr4	160277004	160277310	306	306	14.00	285.00	161.37	169.00	49380.00
chr17	40666306	40666478	172	172	614.00	895.00	750.69	722.50	129118.00
chr15	34828065	34828207	142	142	0.00	76.00	50.34	48.50	7148.00
chr14	100165802	100165876	74	74	589.00	734.00	664.65	670.00	49184.00
chr22	20128089	20128231	142	142	13.00	270.00	156.70	210.50	22252.00
chr12	3392210	3394421	2211	2211	15.00	342.00	117.29	101.00	259322.00
chr17	16687866	16690667	2801	2801	0.00	75.00	4.35	0.00	12182.00
chr6	31664724	31664810	86	86	63.00	109.00	85.93	88.00	7390.00
chr6	30627512	30627611	99	99	117.00	158.00	136.10	136.00	13474.00
chr11	18752834	18755060	2226	2226	0.00	594.00	46.51	3.00	103522.00
chr12	109332602	109332731	129	129	67.00	112.00	91.70	96.00	11829.00
chr6	90072884	90073110	226	226	0.00	23.00	12.60	14.00	2848.00
chr16	2689371	2689711	340	340	0.00	9.00	5.44	6.00	1849.00
chr1	20987373	20987484	111	111	258.00	391.00	324.23	335.00	35989.00
chr14	85985300	85986667	1367	1367	0.00	32.00	12.92	11.00	17663.00
chr13	32863769	32863880	111	111	92.00	156.00	124.63	126.00	13834.00
chr16	1510418	1510528	110	110	31.00	57.00	43.66	44.00	4803.00
chr19	54963269	54963444	175	175	93.00	188.00	146.11	146.00	25570.00
chr6	44224078	44224233	155	155	34.00	95.00	64.97	69.00	10070.00
chr20	3151172	3152285	1113	1113	0.00	36.00	5.04	5.00	5606.00
chr1	892273	892405	132	132	153.00	257.00	192.37	190.00	25393.00
chr16	90192167	90192724	557	557	0.00	20.00	4.70	3.00	2617.00
chr9	111663704	111663810	106	106	39.00	62.00	47.85	47.00	5072.00
chr6	44108764	44108835	71	71	56.00	83.00	66.21	68.00	4701.00
chr1	36028802	36029027	225	225	1905.00	3639.00	2642.66	2506.00	594599.00
chr11	66807259	66807674	415	415	0.00	93.00	53.46	56.00	22186.00
chr1	178426817	178427679	862	862	0.00	70.00	21.84	18.00	18826.00
chr19	42482302	42482478	176	176	1014.00	1530.00	1250.34	1248.00	220060.00
chr1	44084718	44084873	155	155	162.00	395.00	273.93	295.00	42459.00
chr1	109812315	109812442	127	127	147.00	258.00	203.37	199.00	25828.00
chr3	180324268	180324391	123	123	28.00	87.00	62.48	60.00	7685.00
chr15	63933668	63933842	174	174	24.00	47.00	37.13	39.00	6460.00
chr20	44521363	44521519	156	156	146.00	376.00	279.31	297.00	43573.00
chr3	33416779	33416910	131	131	115.00	200.00	149.44	148.00	19577.00
chr1	21934624	21934843	219	219	0.00	753.00	326.25	410.00	71448.00
chr14	69799801	69799886	85	85	68.00	159.00	116.85	114.00	9932.00
chr1	116936134	116936345	211	211	19.00	1054.00	841.71	883.00	177601.00
chr14	23634493	23634645	152	152	3.00	26.00	17.47	19.00	2655.00
chr16	1402538	1402947	409	409	0.00	20.00	8.33	10.00	3406.00
chr9	20331	25000	4669	4669	0.00	156.00	9.14	3.00	42681.00
chr17	43545574	43545959	385	385	5.00	70.00	34.78	33.00	13391.00
chr13	100201418	100201476	58	58	338.00	453.00	395.91	390.50	22963.00
chr15	41865505	41865665	160	160	213.00	357.00	277.51	265.00	44402.00
chr19	19641688	19642196	508	508	0.00	26.00	10.27	9.00	5215.00
chr11	134147593	134148159	566	566	0.00	20.00	2.38	0.00	1345.00
chr2	71656420	71657290	870	870	0.00	35.00	15.16	16.00	13187.00
chr7	97834775	97835016	241	241	69.00	235.00	151.61	152.00	36537.00
chr19	13363804	13363915	111	111	64.00	91.00	78.81	81.00	8748.00
chr18	31328383	31329011	628	628	0.00	36.00	15.50	16.00	9733.00
chr16	66431884	66432009	125	125	20.00	38.00	26.86	26.00	3358.00
chr19	47935155	47935702	547	547	0.00	569.00	214.50	211.00	117334.00
chr12	50291769	50291873	104	104	645.00	884.00	760.59	760.00	79101.00
chr11	1780198	1780317	119	119	1044.00	1463.00	1205.99	1169.00	143513.00
chr15	65392626	65393167	541	541	0.00	9.00	4.23	5.00	2287.00
chr2	86397871	86397967	96	96	59.00	129.00	109.86	116.00	10547.00
chr7	97866087	97866233	146	146	66.00	138.00	103.17	110.00	15063.00
chr11	60687157	60687402	245	245	56.00	200.00	130.78	126.00	32041.00
chr21	43307700	43309453	1753	1753	2.00	51.00	19.66	19.00	34471.00
chr14	24619269	24619657	388	388	32.00	132.00	78.43	77.00	30430.00
chr11	65320634	65320727	93	93	39.00	93.00	72.37	72.00	6730.00
chr16	29891184	29891385	201	201	203.00	439.00	319.58	350.00	64235.00
chr1	32207224	32207326	102	102	441.00	823.00	553.15	538.50	56421.00
chr11	72300218	72300394	176	176	0.00	465.00	150.19	6.00	26433.00
chr17	7608878	7609038	160	160	32.00	101.00	68.89	71.00	11022.00
chr19	7607646	7607814	168	168	101.00	190.00	145.77	156.50	24489.00
chr19	54966129	54966271	142	142	105.00	152.00	125.42	126.00	17809.00
chr12	57995027	57995131	104	104	74.00	170.00	110.60	100.00	11502.00
chr1	27428875	27429049	174	174	57.00	127.00	85.56	81.00	14888.00
chr2	27688277	27688385	108	108	4.00	40.00	30.18	33.00	3259.00
chr16	2691449	2692254	805	805	0.00	126.00	12.91	10.00	10394.00
chr9	131503813	131503933	120	120	331.00	598.00	481.02	497.00	57722.00
chr16	2347766	2347922	156	156	50.00	120.00	82.01	78.00	12794.00
chr17	80039884	80040036	152	152	296.00	442.00	358.90	350.00	54553.00
chr1	32204432	32204538	106	106	608.00	1130.00	838.07	876.50	88835.00
chr12	9242951	9243078	127	127	48.00	146.00	84.23	70.00	10697.00
chr3	49702661	49702751	90	90	74.00	156.00	114.97	107.00	10347.00
chr19	35820359	35820837	478	478	0.00	29.00	11.46	8.00	5476.00
chr1	201456762	201457615	853	853	2.00	72.00	33.07	30.00	28205.00
chr16	2334279	2334438	159	159	142.00	196.00	174.90	177.00	27809.00
chr10	73578373	73578481	108	108	3941.00	4969.00	4368.13	4286.00	471758.00
chr16	18530550	18530756	206	206	0.00	276.00	119.62	154.00	24641.00
chr16	16369094	16369300	206	206	0.00	272.00	116.61	150.00	24021.00
chr13	113975636	113975785	149	149	12.00	1156.00	495.05	22.00	73763.00
chr11	119293822	119294227	405	405	0.00	2122.00	205.86	23.00	83374.00
chr5	150505962	150506041	79	79	672.00	926.00	781.44	759.00	61734.00
chr22	44224939	44225078	139	139	578.00	842.00	711.43	713.00	98889.00
chr15	41865199	41865309	110	110	192.00	264.00	222.55	223.00	24481.00
chr17	25633807	25636298	2491	2491	0.00	629.00	102.46	60.00	255223.00
chr15	72495155	72495529	374	374	0.00	3310.00	1194.10	13.00	446595.00
chr9	42540272	42542124	1852	1852	0.00	17.00	5.25	5.00	9720.00
chr11	119290760	119291704	944	944	0.00	3538.00	1146.12	50.00	1081939.00
chr19	5219949	5220165	216	216	36.00	98.00	59.90	63.00	12938.00
chr15	63910769	63911153	384	384	0.00	3.00	0.81	0.00	312.00
chr17	74393879	74393969	90	90	65.00	137.00	99.24	102.00	8932.00
chr10	104129467	104129532	65	65	28.00	61.00	40.18	36.00	2612.00
chr3	142454224	142454620	396	396	0.00	12.00	3.06	0.00	1212.00
chr12	121205196	121205396	200	200	158.00	243.00	206.18	212.50	41235.00
chr3	31705570	31705724	154	154	13.00	35.00	24.70	25.00	3804.00
chr6	118635190	118636593	1403	1403	4.00	92.00	35.10	33.00	49252.00
chr8	10339867	10340829	962	962	0.00	31.00	9.07	7.00	8725.00
chr19	16952578	16952779	201	201	39.00	100.00	68.57	68.00	13782.00
chr8	110984486	110985016	530	530	7.00	79.00	24.97	18.00	13234.00
chr9	128001219	128001610	391	391	262.00	499.00	398.27	412.00	155722.00
chr11	73070878	73070997	119	119	35.00	68.00	56.38	59.00	6709.00
chr10	104130140	104130235	95	95	14.00	73.00	50.64	61.00	4811.00
chr5	95733039	95733173	134	134	0.00	13.00	5.92	8.00	793.00
chr19	59059400	59059547	147	147	315.00	407.00	360.50	361.00	52994.00
chr5	139943169	139943255	86	86	0.00	143.00	110.62	122.00	9513.00
chr17	73487771	73487981	210	210	94.00	192.00	132.29	128.00	27780.00
chr1	154315588	154315777	189	189	28.00	72.00	53.90	56.00	10187.00
chr14	95652726	95653070	344	344	0.00	22.00	11.93	11.00	4104.00
chr12	123639801	123640772	971	971	0.00	39.00	13.65	8.00	13251.00
chr22	47064870	47065171	301	301	0.00	0.00	0.00	0.00	0.00
chr5	24535220	24535388	168	168	9.00	25.00	17.96	18.00	3018.00
chr12	6806452	6806958	506	506	225.00	653.00	414.58	392.50	209780.00
chr22	29881711	29881836	125	125	121.00	220.00	183.56	195.00	22945.00
chr7	75894681	75894786	105	105	62.00	192.00	155.80	155.00	16359.00
chr12	121089007	121095893	6886	6886	0.00	138.00	14.31	8.00	98547.00
chr1	207940357	207942365	2008	2008	1.00	254.00	36.07	16.00	72425.00
chr7	154681166	154681240	74	74	423.00	541.00	492.69	497.00	36459.00
chr5	131696513	131697529	1016	1016	0.00	7.00	2.11	0.00	2142.00
chr11	1776135	1776258	123	123	822.00	1148.00	945.15	915.00	116254.00
chr8	11706554	11706673	119	119	470.00	742.00	611.12	599.00	72723.00
chr11	18759426	18759511	85	85	303.00	430.00	367.62	361.00	31248.00
chr16	61689373	61689625	252	252	23.00	118.00	57.00	40.00	14363.00
chr15	51750702	51750824	122	122	100.00	164.00	133.07	140.00	16234.00
chr9	35555056	35555698	642	642	149.00	380.00	254.36	239.00	163301.00
chr2	198356200	198356621	421	421	0.00	12.00	5.49	6.00	2313.00
chr9	131001723	131001794	71	71	1413.00	2049.00	1710.00	1712.00	121410.00
chr19	5214371	5214491	120	120	135.00	222.00	180.86	190.00	21703.00
chr22	35719488	35719623	135	135	103.00	182.00	142.54	145.00	19243.00
chr12	121678738	121679829	1091	1091	0.00	23.00	5.06	4.00	5518.00
chr14	23820960	23821064	104	104	862.00	1239.00	1054.74	1101.00	109693.00
chr1	32205710	32205779	69	69	446.00	581.00	500.62	492.00	34543.00
chr3	33420176	33420326	150	150	2.00	166.00	56.19	9.00	8429.00
chr9	114820707	114820966	259	259	9.00	47.00	28.27	34.00	7321.00
chr15	41865876	41866023	147	147	0.00	503.00	366.27	400.00	53841.00
chr19	55554308	55554637	329	329	0.00	15.00	3.94	0.00	1296.00
chr1	116933403	116933513	110	110	724.00	1055.00	877.05	865.00	96475.00
chr19	15374230	15374359	129	129	43.00	83.00	60.04	58.00	7745.00
chr12	56090682	56090852	170	170	125.00	192.00	156.05	158.00	26529.00
chr14	69445668	69445876	208	208	17.00	51.00	37.38	40.00	7775.00
chr12	57603474	57603651	177	177	285.00	476.00	377.81	368.00	66872.00
chr22	32897492	32898946	1454	1454	6.00	96.00	47.35	45.00	68845.00
chr16	16367702	16367764	62	62	1.00	95.00	47.52	43.50	2946.00
chr19	5245786	5246056	270	270	18.00	67.00	45.44	49.00	12269.00
chr16	74345440	74345829	389	389	0.00	4.00	1.08	0.00	420.00
chr6	107096899	107097076	177	177	0.00	54.00	25.26	33.00	4471.00
chr1	29641883	29642019	136	136	177.00	242.00	208.39	210.50	28341.00
chr8	97342440	97342509	69	69	204.00	248.00	223.07	222.00	15392.00
chr8	68116914	68117054	140	140	70.00	170.00	123.34	135.00	17267.00
chr22	22037470	22037546	76	76	18.00	40.00	29.36	28.00	2231.00
chr22	50682147	50683420	1273	1273	8.00	104.00	35.44	30.00	45115.00
chr20	44048971	44049069	98	98	222.00	317.00	285.18	290.00	27948.00
chr1	36904356	36904511	155	155	45.00	81.00	61.95	63.00	9603.00
chr12	71054719	71054877	158	158	15.00	75.00	53.35	57.00	8430.00
chr15	50654364	50655515	1151	1151	0.00	19.00	5.16	5.00	5940.00
chr2	234198499	234198620	121	121	75.00	123.00	96.53	95.00	11680.00
chr9	128001699	128001812	113	113	283.00	358.00	317.35	315.00	35860.00
chr8	38272296	38272419	123	123	217.00	297.00	254.67	254.00	31324.00
chr11	73068069	73068179	110	110	20.00	39.00	29.17	31.00	3209.00
chr16	28123137	28123327	190	190	182.00	340.00	256.92	268.00	48814.00
chr12	49424062	49424222	160	160	22.00	54.00	41.09	42.00	6575.00
chr19	50302885	50303023	138	138	465.00	692.00	574.00	576.50	79212.00
chr19	42480567	42480718	151	151	2014.00	2711.00	2379.15	2441.00	359251.00
chr3	197904395	197905301	906	906	0.00	6.00	1.33	0.00	1203.00
chr13	100189992	100190117	125	125	106.00	183.00	143.72	146.00	17965.00
chr19	14268062	14268272	210	210	205.00	320.00	255.90	255.00	53738.00
chr10	93786886	93787057	171	171	75.00	129.00	105.27	104.00	18002.00
chr1	109808726	109808828	102	102	94.00	159.00	127.91	132.00	13047.00
chr4	134075461	134075520	59	59	200.00	281.00	243.20	243.00	14349.00
chr1	22052268	22053864	1596	1596	0.00	37.00	9.29	8.00	14824.00
chr9	140056855	140056968	113	113	920.00	1443.00	1174.43	1204.00	132711.00
chr19	42482087	42482224	137	137	1551.00	2463.00	1901.36	1887.00	260487.00
chr19	4556962	4557025	63	63	659.00	801.00	720.38	712.00	45384.00
chr19	14266921	14267013	92	92	271.00	398.00	331.39	336.50	30488.00
chr22	42273851	42274127	276	276	0.00	663.00	331.68	442.00	91545.00
chr1	205549788	205550049	261	261	11.00	145.00	66.77	58.00	17428.00
chr1	110765585	110766522	937	937	41.00	228.00	117.03	106.00	109661.00
chr19	55553595	55554158	563	563	2.00	41.00	16.13	14.00	9084.00
chr7	150929881	150931360	1479	1479	0.00	101.00	32.38	29.00	47888.00
chr3	124215157	124215260	103	103	249.00	386.00	319.72	335.00	32931.00
chr16	58220658	58220760	102	102	64.00	120.00	89.79	88.00	9159.00
chr3	10381925	10382033	108	108	127.00	198.00	166.35	166.00	17966.00
chr10	11356101	11356221	120	120	46.00	117.00	85.76	94.00	10291.00
chr22	42294652	42294785	133	133	708.00	935.00	853.08	876.00	113460.00
chr1	2005531	2005714	183	183	2.00	63.00	23.95	21.00	4383.00
chr12	113722522	113722576	54	54	19.00	53.00	34.02	32.00	1837.00
chr9	131502198	131502398	200	200	1.00	761.00	600.55	641.00	120111.00
chr19	40873602	40873786	184	184	1123.00	1811.00	1544.31	1619.50	284153.00
chr2	220162606	220162825	219	219	192.00	434.00	270.39	232.00	59215.00
chr16	28270027	28270355	328	328	5.00	42.00	21.22	21.00	6959.00
chr4	3225718	3225858	140	140	115.00	191.00	149.56	144.00	20938.00
chr17	44127898	44128070	172	172	27.00	80.00	53.33	51.00	9172.00
chr3	47462043	47462262	219	219	69.00	363.00	153.60	111.00	33639.00
chr6	99873090	99873182	92	92	0.00	78.00	25.51	21.00	2347.00
chr7	142561723	142562504	781	781	135.00	426.00	237.73	219.00	185664.00
chr1	159169540	159169666	126	126	988.00	1683.00	1413.24	1488.50	178068.00
chr19	7606869	7606953	84	84	79.00	101.00	91.44	94.00	7681.00
chr16	2811561	2818298	6737	6737	0.00	387.00	105.01	79.00	707468.00
chr3	47450652	47450807	155	155	21.00	77.00	46.12	44.00	7149.00
chr11	118403631	118403922	291	291	98.00	248.00	167.29	154.00	48680.00
chr1	205555161	205555335	174	174	105.00	186.00	138.14	135.00	24036.00
chr12	125603186	125603311	125	125	39.00	78.00	55.54	55.00	6942.00
chr11	86658288	86659498	1210	1210	9.00	159.00	48.33	34.00	58481.00
chr22	37764946	37768745	3799	3799	6.00	633.00	140.93	96.00	535384.00
chr10	46345664	46346215	551	551	0.00	8.00	1.69	0.00	932.00
chr22	33673045	33673241	196	196	354.00	598.00	502.54	513.00	98497.00
chr9	140042599	140042666	67	67	0.00	66.00	48.13	50.00	3225.00
chr3	48717233	48717320	87	87	226.00	340.00	298.09	302.00	25934.00
chr11	60681600	60681740	140	140	10.00	55.00	23.44	15.50	3282.00
chr10	93784512	93784724	212	212	43.00	129.00	83.32	84.00	17663.00
chr12	7289424	7290372	948	948	0.00	211.00	50.54	8.00	47916.00
chr3	132387062	132387526	464	464	0.00	29.00	13.57	19.00	6296.00
chr16	2335442	2335647	205	205	122.00	261.00	190.03	197.00	38957.00
chr16	1794782	1797276	2494	2494	0.00	265.00	36.36	14.00	90672.00
chr16	3786036	3786204	168	168	2.00	46.00	20.33	13.00	3415.00
chr9	141131209	141131766	557	557	0.00	6.00	2.16	3.00	1203.00
chr14	92965028	92966015	987	987	0.00	49.00	14.01	11.00	13829.00
chr19	54692070	54692200	130	130	187.00	439.00	298.13	262.00	38757.00
chr15	43866006	43866230	224	224	26.00	115.00	62.25	60.00	13944.00
chr3	40231316	40231954	638	638	61.00	164.00	125.25	130.00	79911.00
chr3	50148937	50149455	518	518	0.00	40.00	16.73	14.00	8667.00
chr4	81117505	81117755	250	250	0.00	38.00	21.21	20.00	5302.00
chr10	46740404	46740638	234	234	0.00	11.00	3.00	1.50	701.00
chr3	124210169	124210271	102	102	126.00	222.00	177.56	180.00	18111.00
chr11	107488830	107488932	102	102	66.00	107.00	95.51	100.00	9742.00
chr9	130591965	130592106	141	141	18.00	54.00	40.58	42.00	5722.00
chr1	20981932	20982027	95	95	318.00	485.00	397.80	385.00	37791.00
chr12	75875613	75875859	246	246	9.00	44.00	16.96	13.00	4172.00
chr22	32046684	32046764	80	80	34.00	58.00	43.11	42.00	3449.00
chr11	70331418	70331658	240	240	6.00	48.00	20.97	18.00	5032.00
chr14	51079976	51080069	93	93	209.00	305.00	236.06	228.00	21954.00
chr17	80041077	80041301	224	224	212.00	649.00	419.69	387.50	94011.00
chr7	158540884	158540971	87	87	98.00	162.00	135.32	136.00	11773.00
chr1	21553651	21553719	68	68	152.00	187.00	175.31	177.00	11921.00
chr2	219206256	219206349	93	93	56.00	94.00	79.66	84.00	7408.00
chr17	18444211	18445242	1031	1031	0.00	14.00	3.40	3.00	3501.00
chr12	57599340	57599460	120	120	175.00	269.00	209.88	207.50	25186.00
chr11	64417919	64418110	191	191	221.00	312.00	270.30	272.00	51628.00
chr19	3274926	3275650	724	724	0.00	8.00	1.09	0.00	786.00
chr16	18532086	18532305	219	219	103.00	404.00	229.81	207.00	50328.00
chr17	3776702	3776756	54	54	478.00	569.00	521.28	517.00	28149.00
chr1	116932670	116933033	363	363	0.00	996.00	399.66	597.00	145078.00
chr16	1505731	1505796	65	65	71.00	104.00	85.86	87.00	5581.00
chr1	9794029	9794200	171	171	769.00	1054.00	875.02	855.00	149629.00
chr10	73579221	73579379	158	158	2275.00	2840.00	2472.72	2454.50	390690.00
chr11	6411684	6412146	462	462	19.00	113.00	73.70	79.00	34049.00
chr1	159163212	159163350	138	138	550.00	770.00	616.01	612.00	85010.00
chr16	1816723	1816804	81	81	601.00	751.00	667.04	666.00	54030.00
chr7	91722399	91722630	231	231	0.00	54.00	33.99	34.00	7852.00
chr7	44281816	44281939	123	123	631.00	882.00	776.73	800.00	95538.00
chr2	220467189	220467297	108	108	17.00	44.00	33.01	33.00	3565.00
chr16	4494664	4494729	65	65	249.00	312.00	279.28	278.00	18153.00
chr15	34681844	34681986	142	142	0.00	89.00	61.60	68.50	8747.00
chr9	139995935	139996124	189	189	122.00	205.00	161.21	161.00	30469.00
chr3	180324040	180324160	120	120	28.00	59.00	43.30	45.00	5196.00
chr3	42678359	42681242	2883	2883	19.00	162.00	73.12	71.00	210809.00
chr7	131812776	131815333	2557	2557	0.00	94.00	14.47	8.00	37003.00
chr20	1585387	1585522	135	135	20.00	193.00	114.26	122.00	15425.00
chr3	126751229	126751442	213	213	224.00	376.00	294.38	298.00	62703.00
chr15	63920875	63921014	139	139	173.00	223.00	194.35	193.00	27014.00
chr16	2040128	2040202	74	74	80.00	121.00	103.19	110.00	7636.00
chr9	74324174	74324390	216	216	15.00	60.00	33.81	35.00	7304.00
chr20	44521858	44521950	92	92	272.00	355.00	305.36	299.00	28093.00
chr9	139911647	139911798	151	151	168.00	330.00	268.48	280.00	40540.00
chr9	140055507	140055649	142	142	221.00	541.00	352.84	347.50	50103.00
chr12	120148055	120148191	136	136	52.00	87.00	68.88	69.00	9367.00
chr12	50474280	50474372	92	92	100.00	165.00	123.59	121.00	11370.00
chr15	63125702	63125828	126	126	89.00	259.00	192.75	211.00	24286.00
chr9	20907148	20907241	93	93	17.00	40.00	32.56	35.00	3028.00
chr16	87874655	87874761	106	106	62.00	91.00	79.01	78.00	8375.00
chr2	162833269	162833460	191	191	0.00	388.00	188.90	237.00	36080.00
chr8	11704560	11704677	117	117	691.00	1066.00	855.98	797.00	100150.00
chr15	63926931	63927087	156	156	86.00	157.00	116.76	117.00	18214.00
chr6	31668718	31668805	87	87	59.00	95.00	80.30	79.00	6986.00
chr7	148910792	148910906	114	114	18.00	43.00	33.47	34.00	3816.00
chr14	42355808	42357213	1405	1405	0.00	132.00	25.70	16.00	36110.00
chr10	88678928	88679226	298	298	26.00	59.00	44.10	44.00	13143.00
chr3	140998219	140998346	127	127	67.00	125.00	88.09	85.00	11188.00
chr1	144859758	144859998	240	240	89.00	193.00	130.95	130.00	31427.00
chr9	96054772	96055455	683	683	102.00	358.00	196.52	186.00	134220.00
chr19	7604803	7604944	141	141	47.00	106.00	74.33	74.00	10481.00
chr12	30906277	30907432	1155	1155	0.00	77.00	18.19	9.00	21005.00
chr9	131112762	131112854	92	92	113.00	159.00	133.43	131.50	12276.00
chr20	61981328	61982379	1051	1051	18.00	88.00	44.97	42.00	47266.00
chr7	38431348	38431618	270	270	160.00	255.00	211.36	212.00	57066.00
chr20	44521036	44521123	87	87	124.00	159.00	141.80	142.00	12337.00
chr11	64418726	64419108	382	382	110.00	270.00	154.71	143.00	59101.00
chr12	120148344	120150270	1926	1926	0.00	121.00	14.83	4.00	28560.00
chr12	6930971	6931066	95	95	2.00	284.00	146.34	141.00	13902.00
chr16	2339434	2339621	187	187	51.00	114.00	82.39	77.00	15407.00
chr2	27700083	27700187	104	104	4.00	16.00	7.77	4.00	808.00
chr14	69805367	69805494	127	127	104.00	228.00	168.61	158.00	21413.00
chr12	9242497	9242619	122	122	70.00	120.00	100.02	102.00	12202.00
chr3	58256658	58256791	133	133	91.00	144.00	107.86	106.00	14346.00
chr10	79744927	79745098	171	171	13.00	97.00	59.47	66.00	10170.00
chr1	159161725	159161866	141	141	308.00	408.00	353.84	353.00	49892.00
chr16	31085202	31085519	317	317	5.00	26.00	12.12	11.00	3842.00
chr1	171755018	171755218	200	200	41.00	79.00	57.35	57.00	11471.00
chr9	130988124	130989280	1156	1156	0.00	977.00	103.21	4.00	119310.00
chr15	63127935	63127998	63	63	86.00	162.00	119.79	118.00	7547.00
chr19	1917676	1917821	145	145	17.00	261.00	191.68	207.00	27793.00
chr22	25315792	25315960	168	168	55.00	118.00	74.15	68.00	12458.00
chr2	207943790	207945085	1295	1295	1.00	78.00	36.38	35.00	47112.00
chr11	47330706	47330952	246	246	0.00	234.00	86.31	4.00	21233.00
chr3	142743978	142746095	2117	2117	0.00	182.00	16.65	6.00	35254.00
chr7	44839492	44839694	202	202	0.00	42.00	23.07	23.00	4661.00
chr22	31688260	31688471	211	211	20.00	108.00	67.67	79.00	14278.00
chr11	66333492	66333638	146	146	450.00	627.00	549.62	553.50	80244.00
chr9	131114916	131115026	110	110	140.00	191.00	161.82	162.00	17800.00
chr1	20206	21013	807	807	0.00	38.00	7.95	1.00	6415.00
chr11	108216469	108216635	166	166	10.00	26.00	17.02	16.00	2825.00
chr1	209778880	209779019	139	139	81.00	113.00	96.46	94.00	13408.00
chr1	202935876	202936026	150	150	136.00	398.00	264.35	268.00	39652.00
chr12	57600255	57600524	269	269	193.00	314.00	244.59	244.00	65795.00
chr19	15233503	15233615	112	112	124.00	166.00	149.88	151.00	16786.00
chr8	68115317	68115486	169	169	58.00	132.00	95.02	98.00	16058.00
chr19	13419229	13419342	113	113	0.00	7.00	3.38	2.00	382.00
chr6	33266815	33267130	315	315	1.00	10.00	3.99	3.00	1258.00
chr16	89780611	89781646	1035	1035	0.00	23.00	8.78	8.00	9092.00
chr12	109964162	109964221	59	59	52.00	110.00	86.66	77.00	5113.00
chr22	24491893	24492045	152	152	65.00	152.00	97.43	90.00	14809.00
chr2	242592926	242593025	99	99	175.00	268.00	225.95	221.00	22369.00
chr1	21937944	21938074	130	130	269.00	509.00	383.87	396.00	49903.00
chr2	223789173	223789313	140	140	186.00	289.00	242.85	248.50	33999.00
chr20	3772318	3772535	217	217	0.00	0.00	0.00	0.00	0.00
chr16	18531918	18532001	83	83	173.00	221.00	202.59	207.00	16815.00
chr1	43396296	43396537	241	241	281.00	495.00	385.35	394.00	92870.00
chr2	100037960	100038115	155	155	35.00	70.00	51.63	54.00	8003.00
chr16	1500497	1500770	273	273	0.00	252.00	127.10	165.00	34699.00
chr19	40876016	40876144	128	128	1502.00	1890.00	1697.32	1726.50	217257.00
chr5	168112691	168112932	241	241	22.00	108.00	63.46	65.00	15295.00
chr2	127825738	127825831	93	93	604.00	722.00	658.65	656.00	61254.00
chr1	19232015	19234990	2975	2975	9.00	201.00	71.66	63.00	213186.00
chr16	1391129	1391196	67	67	70.00	113.00	93.75	90.00	6281.00
chr6	33410665	33411689	1024	1024	6.00	376.00	187.99	208.00	192503.00
chr9	95872033	95872266	233	233	0.00	30.00	15.75	20.00	3669.00
chr1	53378627	53378839	212	212	0.00	16.00	7.73	8.00	1639.00
chr2	80531276	80531693	417	417	0.00	41.00	13.59	11.00	5666.00
chr7	44286718	44286791	73	73	349.00	525.00	451.86	458.00	32986.00
chr7	157369304	157369471	167	167	489.00	812.00	695.92	712.00	116219.00
chr11	18755079	18755191	112	112	0.00	425.00	263.92	348.50	29559.00
chr6	86237979	86238080	101	101	130.00	265.00	204.43	206.00	20647.00
chr8	145000951	145001050	99	99	44.00	64.00	54.09	52.00	5355.00
chr19	45167680	45167966	286	286	0.00	39.00	20.85	23.00	5962.00
chr10	48930165	48930400	235	235	0.00	8.00	2.41	1.00	567.00
chr16	87871450	87871547	97	97	92.00	117.00	106.73	107.00	10353.00
chr1	109815454	109815649	195	195	278.00	483.00	358.55	349.00	69918.00
chr1	208215442	208215711	269	269	24.00	65.00	42.57	40.00	11451.00
chr2	260866	261451	585	585	0.00	35.00	13.65	12.00	7983.00
chr5	180481266	180481724	458	458	0.00	25.00	12.02	13.00	5505.00
chr7	73119479	73119631	152	152	2.00	1028.00	422.97	2.00	64292.00
chr15	34677248	34677358	110	110	226.00	369.00	279.92	264.00	30791.00
chr16	57687114	57687247	133	133	27.00	117.00	83.16	90.00	11060.00
chr15	50649406	50649592	186	186	0.00	12.00	2.84	0.00	528.00
chr22	21071995	21072066	71	71	1003.00	1185.00	1099.93	1101.00	78095.00
chr5	179200882	179201561	679	679	20.00	68.00	41.73	42.00	28335.00
chr10	98763824	98763979	155	155	71.00	159.00	119.91	126.00	18586.00
chr14	102963315	102963457	142	142	144.00	263.00	195.26	191.50	27727.00
chr1	21932558	21933138	580	580	0.00	982.00	191.97	1.00	111340.00
chr16	28118842	28118998	156	156	247.00	372.00	307.83	301.00	48021.00
chr1	241767561	241767881	320	320	25.00	81.00	46.59	43.00	14910.00
chr11	66812063	66812184	121	121	66.00	121.00	96.98	98.00	11735.00
chr11	12248571	12248678	107	107	397.00	501.00	449.28	452.00	48073.00
chr9	130588788	130588951	163	163	25.00	70.00	45.34	47.00	7390.00
chr22	21068915	21068988	73	73	962.00	1229.00	1112.88	1111.00	81240.00
chr1	43424304	43424531	227	227	11.00	389.00	259.57	302.00	58922.00
chr14	105852021	105853670	1649	1649	2.00	331.00	36.18	29.00	59668.00
chr15	34823469	34823579	110	110	210.00	349.00	258.79	248.50	28467.00
chr11	171365	172282	917	917	0.00	20.00	2.85	0.00	2617.00
chr22	24493976	24494155	179	179	70.00	205.00	143.66	150.00	25716.00
chr15	79291060	79291167	107	107	224.00	310.00	273.94	275.00	29312.00
chr16	2145904	2146194	290	290	0.00	15.00	6.29	5.00	1825.00
chr9	131503050	131503166	116	116	566.00	681.00	624.45	623.50	72436.00
chr11	61301983	61302579	596	596	0.00	14.00	3.05	0.00	1818.00
chr22	25308609	25308719	110	110	27.00	55.00	36.40	37.00	4004.00
chr12	63977826	63979986	2160	2160	0.00	46.00	10.47	8.00	22618.00
chr19	46928844	46930933	2089	2089	8.00	379.00	159.96	150.00	334156.00
chr16	56969146	56969224	78	78	130.00	195.00	154.87	149.00	12080.00
chr17	40665787	40665996	209	209	0.00	1046.00	542.33	863.00	113348.00
chr9	131669435	131671600	2165	2165	8.00	517.00	186.22	165.00	403173.00
chr2	220164026	220164271	245	245	0.00	294.00	88.71	9.00	21733.00
chr19	7589846	7590052	206	206	95.00	209.00	138.39	140.00	28509.00
chr6	91260186	91260268	82	82	64.00	180.00	108.09	107.00	8863.00
chr9	124543742	124543830	88	88	472.00	595.00	514.25	505.00	45254.00
chr12	54071005	54071170	165	165	0.00	20.00	10.93	13.00	1803.00
chr2	40443	41212	769	769	0.00	29.00	10.67	9.00	8202.00
chr11	67852159	67852747	588	588	0.00	19.00	5.31	6.00	3124.00
chr8	8233762	8234810	1048	1048	0.00	55.00	19.64	18.00	20586.00
chr2	175671113	175672148	1035	1035	0.00	12.00	1.17	0.00	1212.00
chr7	138984922	138985438	516	516	0.00	9.00	3.58	4.00	1848.00
chr22	40816850	40817104	254	254	93.00	188.00	137.84	133.50	35012.00
chr19	14263120	14263249	129	129	526.00	671.00	591.77	593.00	76338.00
chr19	16962222	16962345	123	123	71.00	147.00	100.00	97.00	12300.00
chr1	109813838	109813918	80	80	256.00	367.00	306.65	312.00	24532.00
chr3	49898148	49898562	414	414	0.00	624.00	260.87	393.00	108002.00
chr17	17131202	17131510	308	308	9.00	174.00	99.83	98.00	30747.00
chr1	21936067	21936139	72	72	231.00	338.00	282.83	273.00	20364.00
chr3	130424404	130424615	211	211	34.00	112.00	76.23	79.00	16085.00
chr12	56532710	56532797	87	87	142.00	204.00	164.52	162.00	14313.00
chr16	29888591	29888788	197	197	477.00	693.00	583.90	595.00	115029.00
chr2	114394588	114396196	1608	1608	10.00	85.00	38.74	38.00	62288.00
chr3	124180736	124180803	67	67	74.00	113.00	91.43	88.00	6126.00
chr9	111798485	111798660	175	175	52.00	92.00	76.10	79.00	13317.00
chr10	73847897	73848372	475	475	4.00	356.00	158.32	143.00	75204.00
chr22	21075585	21075706	121	121	580.00	841.00	707.46	710.00	85603.00
chr22	20920753	20921104	351	351	35.00	134.00	86.72	94.00	30437.00
chr9	140953020	140953185	165	165	9.00	31.00	18.67	17.00	3080.00
chr22	41620970	41621075	105	105	59.00	78.00	67.07	66.00	7042.00
chr11	6243671	6243839	168	168	46.00	96.00	70.10	73.00	11776.00
chr15	74704225	74704353	128	128	158.00	268.00	226.31	241.00	28968.00
chr3	48719780	48719985	205	205	149.00	328.00	244.02	250.00	50024.00
chr1	222833247	222833348	101	101	110.00	152.00	130.33	130.00	13163.00
chr1	6583675	6584824	1149	1149	3.00	134.00	42.01	41.00	48267.00
chr11	126135857	126135976	119	119	126.00	232.00	167.18	154.00	19894.00
chr8	75156763	75157410	647	647	20.00	81.00	53.64	55.00	34708.00
chr15	83345212	83345389	177	177	140.00	190.00	165.41	166.00	29278.00
chr14	68031638	68032561	923	923	0.00	32.00	7.86	6.00	7256.00
chr19	42479780	42479949	169	169	2067.00	3359.00	2551.63	2456.00	431225.00
chr16	31503329	31503407	78	78	298.00	377.00	339.38	344.00	26472.00
chr17	1564564	1564700	136	136	92.00	136.00	111.61	109.00	15179.00
chr16	58717858	58718082	224	224	0.00	18.00	7.29	9.00	1633.00
chr14	71575320	71575763	443	443	63.00	225.00	128.41	145.00	56887.00
chr1	202934498	202934628	130	130	167.00	335.00	227.66	212.00	29596.00
chr7	73118477	73118586	109	109	805.00	974.00	867.83	856.00	94593.00
chr19	13365908	13366073	165	165	31.00	73.00	53.45	52.00	8819.00
chr10	102265117	102265958	841	841	0.00	41.00	12.75	12.00	10724.00
chr9	139983320	139983457	137	137	41.00	129.00	67.87	68.00	9298.00
chr18	29206245	29206347	102	102	27.00	67.00	46.90	46.00	4784.00
chr12	120578662	120578827	165	165	33.00	62.00	47.82	50.00	7890.00
chr5	757516	758226	710	710	0.00	16.00	5.40	6.00	3837.00
chr8	21632483	21632567	84	84	4.00	15.00	9.94	8.00	835.00
chr4	54011499	54011749	250	250	59.00	102.00	81.10	82.00	20275.00
chr8	141680613	141681365	752	752	1.00	32.00	11.10	8.00	8348.00
chr11	57367351	57367850	499	499	28.00	103.00	63.24	57.00	31558.00
chr12	63980009	63980784	775	775	0.00	17.00	7.60	9.00	5892.00
chr9	140057042	140057203	161	161	0.00	1724.00	1374.71	1470.00	221329.00
chr2	7055953	7056098	145	145	47.00	92.00	68.32	68.00	9907.00
chr12	52387768	52389043	1275	1275	3.00	262.00	136.16	139.00	173605.00
chr19	50104931	50105175	244	244	46.00	150.00	77.62	68.00	18940.00
chr19	5218430	5218543	113	113	122.00	228.00	190.80	198.00	21560.00
chr16	29898969	29899138	169	169	115.00	328.00	206.38	189.00	34879.00
chr7	99030900	99031041	141	141	22.00	52.00	39.83	42.00	5616.00
chr17	36692926	36693212	286	286	0.00	10.00	3.05	1.00	871.00
chr15	73857770	73859335	1565	1565	0.00	79.00	14.22	12.00	22262.00
chr6	44104085	44104176	91	91	64.00	98.00	82.24	83.00	7484.00
chr1	21938518	21938602	84	84	302.00	464.00	379.45	388.00	31874.00
chr19	13423482	13423595	113	113	0.00	6.00	4.04	6.00	456.00
chr16	70292882	70293089	207	207	600.00	962.00	788.56	804.00	163232.00
chr18	61060641	61060782	141	141	85.00	154.00	122.53	122.00	17277.00
chr16	22269814	22270016	202	202	0.00	28.00	15.92	15.50	3216.00
chr1	21554423	21554534	111	111	69.00	179.00	111.22	91.00	12345.00
chr9	140057255	140057455	200	200	20.00	1750.00	1255.57	1550.00	251114.00
chr7	1488255	1488397	142	142	62.00	135.00	105.72	113.00	15012.00
chr14	100166351	100166438	87	87	720.00	996.00	851.14	826.00	74049.00
chr9	101065522	101065705	183	183	186.00	258.00	222.99	226.00	40807.00
chr5	68411752	68412041	289	289	10.00	68.00	31.31	30.00	9050.00
chr1	2452539	2452754	215	215	14.00	40.00	26.19	24.00	5630.00
chr1	21564626	21564737	111	111	80.00	125.00	97.92	98.00	10869.00
chr13	42037713	42039066	1353	1353	0.00	39.00	9.90	8.00	13392.00
chr2	114350236	114350443	207	207	0.00	3.00	0.76	0.00	158.00
chr1	21939668	21939722	54	54	351.00	408.00	375.76	371.00	20291.00
chr9	139353895	139354007	112	112	26.00	86.00	56.62	65.00	6342.00
chr7	102176367	102176618	251	251	5.00	66.00	38.12	36.00	9568.00
chr3	51411753	51412018	265	265	0.00	159.00	52.36	7.00	13875.00
chr17	73888091	73888266	175	175	23.00	58.00	41.93	43.00	7338.00
chr13	103297258	103297435	177	177	0.00	116.00	62.90	73.00	11133.00
chr15	63922664	63922834	170	170	122.00	279.00	202.98	222.00	34506.00
chr3	33400774	33400849	75	75	72.00	132.00	106.09	111.00	7957.00
chr22	50671744	50671955	211	211	37.00	79.00	57.73	55.00	12181.00
chr1	21190968	21191205	237	237	89.00	308.00	211.78	232.00	50193.00
chr5	14481649	14481727	78	78	120.00	156.00	138.00	138.50	10764.00
chr15	101605556	101606410	854	854	0.00	45.00	13.19	11.00	11261.00
chr17	80040402	80040554	152	152	412.00	586.00	499.55	485.50	75932.00
chr2	132269293	132270897	1604	1604	0.00	36.00	11.64	10.00	18677.00
chr11	1778553	1778786	233	233	1117.00	1731.00	1437.23	1466.00	334875.00
chr11	1469616	1469808	192	192	0.00	19.00	5.03	2.00	966.00
chr12	120138549	120138630	81	81	96.00	140.00	120.37	126.00	9750.00
chr7	901016	901101	85	85	242.00	325.00	281.45	275.00	23923.00
chr19	13372263	13372424	161	161	9.00	46.00	28.15	28.00	4532.00
chr17	40843154	40843311	157	157	81.00	111.00	97.62	99.00	15326.00
chr17	80039476	80039719	243	243	327.00	528.00	425.58	440.00	103415.00
chr17	16681109	16687365	6256	6256	0.00	34.00	7.14	5.00	44662.00
chr1	116935475	116935610	135	135	786.00	1042.00	908.59	904.00	122659.00
chr6	128294808	128294972	164	164	126.00	192.00	160.17	160.00	26268.00
chr5	109189927	109190617	690	690	0.00	16.00	5.48	7.00	3780.00
chr15	40757533	40757634	101	101	32.00	120.00	92.11	100.00	9303.00
chr2	220164706	220164981	275	275	217.00	459.00	370.71	391.00	101944.00
chr3	164905164	164908639	3475	3475	0.00	105.00	17.11	7.00	59458.00
chr11	60699157	60699356	199	199	114.00	368.00	302.69	306.00	60236.00
chr2	96680301	96680717	416	416	3.00	36.00	19.28	20.50	8020.00
chr17	40845314	40845554	240	240	111.00	214.00	154.47	147.50	37074.00
chr12	125264513	125265391	878	878	5.00	83.00	41.56	43.00	36493.00
chr1	156623704	156624158	454	454	0.00	16.00	4.77	5.00	2166.00
chr6	108370456	108370622	166	166	122.00	190.00	160.95	163.00	26717.00
chr11	19180486	19180587	101	101	13.00	23.00	16.60	18.00	1677.00
chr19	42489069	42489338	269	269	221.00	466.00	375.05	401.00	100888.00
chr2	198274493	198274731	238	238	49.00	140.00	99.27	100.00	23627.00
chr6	47220991	47221257	266	266	208.00	492.00	343.27	319.00	91309.00
chr19	40872679	40872822	143	143	713.00	1202.00	956.31	964.00	136752.00
chr19	54693278	54693627	349	349	0.00	159.00	66.36	50.00	23160.00
chr12	81929	82174	245	245	0.00	28.00	13.04	16.00	3195.00
chr21	45513943	45514114	171	171	69.00	153.00	115.50	118.00	19750.00
chr3	124201630	124201747	117	117	0.00	232.00	160.76	201.00	18809.00
chr17	79805118	79805223	105	105	359.00	537.00	459.53	471.00	48251.00
chr20	46307419	46307548	129	129	92.00	170.00	124.50	115.00	16061.00
chr17	38187790	38187873	83	83	40.00	79.00	65.22	66.00	5413.00
chr2	207452814	207452878	64	64	157.00	199.00	174.81	173.00	11188.00
chr17	45695715	45695823	108	108	276.00	388.00	344.21	348.00	37175.00
chr7	44283023	44283126	103	103	488.00	688.00	577.27	562.00	59459.00
chr20	62274975	62275284	309	309	2.00	2897.00	1442.58	2376.00	445758.00
chr11	108202605	108202764	159	159	5.00	24.00	15.21	16.00	2419.00
chr9	140051314	140051489	175	175	259.00	339.00	304.22	306.00	53239.00
chr22	45574118	45574781	663	663	17.00	99.00	53.72	48.00	35616.00
chr15	79312382	79312446	64	64	66.00	117.00	100.06	105.00	6404.00
chr1	21940120	21940199	79	79	232.00	342.00	290.90	296.00	22981.00
chr17	3775847	3775921	74	74	345.00	512.00	455.22	474.50	33686.00
chr7	73133931	73134019	88	88	10.00	600.00	195.57	147.00	17210.00
chr11	72292920	72292991	71	71	676.00	836.00	740.15	728.00	52551.00
chr7	43547616	43547730	114	114	42.00	82.00	59.03	59.00	6729.00
chr16	58713760	58714145	385	385	0.00	34.00	13.89	10.00	5346.00
chr22	21083600	21083794	194	194	406.00	541.00	463.41	466.00	89901.00
chr11	66457275	66457414	139	139	547.00	852.00	677.90	677.00	94228.00
chr15	91561034	91561115	81	81	10.00	37.00	17.49	15.00	1417.00
chr11	2968525	2969001	476	476	0.00	12.00	7.47	8.00	3557.00
chr19	34869838	34869910	72	72	1009.00	1427.00	1210.92	1201.00	87186.00
chr9	121970996	121971219	223	223	166.00	365.00	270.06	268.00	60224.00
chr3	47449772	47449980	208	208	22.00	115.00	69.88	77.00	14534.00
chr12	57601820	57601999	179	179	257.00	423.00	347.15	358.00	62139.00
chr16	2345590	2345741	151	151	64.00	120.00	88.62	88.00	13381.00
chr12	50471782	50471910	128	128	74.00	116.00	95.16	97.00	12181.00
chr1	109814221	109814344	123	123	296.00	636.00	501.58	513.00	61694.00
chr19	16942304	16942458	154	154	49.00	90.00	68.69	69.00	10578.00
chr11	66333301	66333398	97	97	553.00	698.00	624.14	629.00	60542.00
chr5	74026084	74026223	139	139	170.00	249.00	219.11	224.00	30456.00
chr5	68417520	68417722	202	202	71.00	135.00	107.69	106.00	21754.00
chr19	15272262	15272525	263	263	38.00	102.00	80.54	85.00	21181.00
chr3	45872404	45872482	78	78	144.00	175.00	162.74	162.00	12694.00
chr7	73123374	73123452	78	78	605.00	1019.00	825.05	833.50	64354.00
chr5	14498197	14498360	163	163	137.00	186.00	160.71	159.00	26196.00
chr14	93180167	93180230	63	63	102.00	133.00	111.10	106.00	6999.00
chr9	130984739	130984875	136	136	1127.00	1587.00	1376.65	1386.00	187225.00
chr13	31216764	31216894	130	130	24.00	42.00	33.72	31.00	4383.00
chr12	112614399	112614506	107	107	82.00	175.00	134.93	147.00	14438.00
chr12	57602865	57602982	117	117	289.00	396.00	340.86	342.00	39881.00
chr14	72976861	72976987	126	126	25.00	62.00	43.23	44.00	5447.00
chr1	155209406	155209553	147	147	58.00	100.00	75.24	72.00	11060.00
chr10	49633930	49634113	183	183	90.00	160.00	127.99	131.00	23422.00
chr16	84100093	84100218	125	125	172.00	298.00	223.05	216.00	27881.00
chr1	155207924	155208097	173	173	72.00	150.00	107.90	107.00	18667.00
chr12	2786898	2787033	135	135	5.00	18.00	12.79	14.00	1727.00
chr2	233755457	233756197	740	740	0.00	604.00	98.68	5.00	73025.00
chr14	60631894	60632099	205	205	35.00	142.00	59.19	52.00	12133.00
chr1	11151549	11151654	105	105	24.00	82.00	64.81	70.00	6805.00
chr4	134076071	134076178	107	107	184.00	304.00	231.19	230.00	24737.00
chr15	91420364	91420441	77	77	36.00	49.00	42.82	42.00	3297.00
chr5	114961533	114961755	222	222	9.00	101.00	49.55	53.00	11000.00
chr16	1814047	1814211	164	164	0.00	428.00	219.66	335.00	36025.00
chr18	44250463	44252581	2118	2118	0.00	57.00	22.55	21.00	47758.00
chr6	158049380	158049518	138	138	137.00	246.00	187.14	182.00	25825.00
chr19	7675585	7675679	94	94	24.00	86.00	52.54	47.00	4939.00
chr13	99461604	99461719	115	115	17.00	278.00	236.03	239.00	27144.00
chr11	130010829	130011467	638	638	3.00	1516.00	166.48	17.00	106212.00
chr11	107526658	107526792	134	134	219.00	355.00	270.96	260.50	36309.00
chr16	1391294	1391490	196	196	86.00	122.00	106.20	107.00	20815.00
chr1	38182716	38184158	1442	1442	1.00	135.00	75.57	80.00	108968.00
chr5	179231023	179231323	300	300	0.00	5.00	1.04	1.00	312.00
chr14	69814593	69814719	126	126	224.00	298.00	265.63	265.50	33469.00
chr14	69349174	69349309	135	135	126.00	208.00	165.76	164.00	22377.00
chr19	7614792	7614998	206	206	120.00	201.00	167.27	166.00	34458.00
chr1	228270375	228270466	91	91	4.00	1019.00	334.38	151.00	30429.00
chr1	38186022	38186315	293	293	4.00	77.00	24.12	12.00	7067.00
chr13	77641715	77641999	284	284	129.00	231.00	158.54	152.00	45024.00
chr14	100157417	100157498	81	81	303.00	459.00	382.51	374.00	30983.00
chr13	32978280	32979333	1053	1053	0.00	57.00	11.38	7.00	11985.00
chr12	7301567	7301794	227	227	259.00	452.00	345.66	347.00	78464.00
chr9	123583116	123583257	141	141	54.00	137.00	106.56	118.00	15025.00
chr17	26883183	26883284	101	101	175.00	312.00	232.99	225.00	23532.00
chr12	6972993	6973137	144	144	263.00	372.00	303.51	297.00	43706.00
chr20	34322310	34322637	327	327	0.00	25.00	9.27	10.00	3030.00
chr19	7606407	7606570	163	163	79.00	154.00	115.61	119.00	18844.00
chr16	2333186	2333373	187	187	0.00	350.00	250.72	289.00	46884.00
chr12	113825548	113825711	163	163	138.00	224.00	176.47	172.00	28764.00
chr7	4802013	4807749	5736	5736	0.00	134.00	32.71	25.00	187627.00
chr1	43394880	43394985	105	105	520.00	833.00	690.99	744.00	72554.00
chr19	4554399	4554488	89	89	646.00	984.00	858.57	888.00	76413.00
chr16	31719139	31719372	233	233	3.00	24.00	12.89	11.00	3003.00
chr5	134060669	134061744	1075	1075	4.00	103.00	52.65	53.00	56602.00
chr1	202936318	202936371	53	53	12.00	127.00	73.70	107.00	3906.00
chr2	220087366	220087615	249	249	190.00	346.00	258.23	248.00	64300.00
chr2	36764494	36764689	195	195	46.00	152.00	84.00	68.00	16380.00
chr7	43519208	43519343	135	135	14.00	29.00	21.89	21.00	2955.00
chr10	51249585	51249993	408	408	0.00	0.00	0.00	0.00	0.00
chr6	32123647	32123755	108	108	84.00	142.00	114.85	112.00	12404.00
chr3	118624442	118624692	250	250	4.00	63.00	25.79	18.00	6447.00
chr1	190129797	190130020	223	223	3.00	52.00	26.25	25.00	5853.00
chr9	131004491	131004624	133	133	0.00	2757.00	2186.09	2544.00	290750.00
chr22	33679187	33679334	147	147	155.00	339.00	235.88	247.00	34675.00
chr15	74709931	74710016	85	85	39.00	104.00	68.75	63.00	5844.00
chr7	6470110	6470238	128	128	37.00	95.00	72.24	73.00	9247.00
chr1	6640600	6641359	759	759	26.00	140.00	64.94	56.00	49291.00
chr16	31510622	31510728	106	106	176.00	306.00	226.21	219.00	23978.00
chr4	103710287	103711803	1516	1516	0.00	40.00	14.51	14.00	21992.00
chr19	2862339	2862746	407	407	27.00	127.00	67.03	58.00	27283.00
chr2	15467873	15467994	121	121	36.00	63.00	50.84	51.00	6152.00
chr2	36780721	36781492	771	771	0.00	38.00	16.67	17.00	12853.00
chr10	81070680	81070941	261	261	40.00	69.00	53.62	55.00	13995.00
chr2	217234866	217235986	1120	1120	4.00	54.00	24.97	26.00	27968.00
chr10	93786348	93786508	160	160	37.00	94.00	63.16	64.00	10105.00
chr17	20268785	20269076	291	291	0.00	10.00	4.78	4.00	1390.00
chr9	131002006	131002062	56	56	0.00	2354.00	2041.93	2195.50	114348.00
chr1	155208307	155208441	134	134	69.00	117.00	103.96	105.00	13930.00
chr2	162833877	162834373	496	496	0.00	334.00	29.33	6.00	14548.00
chr9	35799614	35799728	114	114	1.00	16.00	8.38	12.00	955.00
chr20	62517856	62519234	1378	1378	14.00	212.00	54.24	50.00	74746.00
chr22	35942847	35943127	280	280	104.00	256.00	193.56	212.00	54198.00
chr13	26436438	26436546	108	108	8.00	77.00	41.19	44.00	4449.00
chr14	69371371	69371453	82	82	77.00	103.00	91.26	91.00	7483.00
chr7	44031274	44031581	307	307	0.00	20.00	7.57	5.00	2324.00
chr11	12274988	12275291	303	303	0.00	14.00	5.33	2.00	1615.00
chr5	1334403	1334498	95	95	305.00	400.00	346.82	342.00	32948.00
chr19	34868639	34868786	147	147	1062.00	1566.00	1334.44	1360.00	196162.00
chr16	1815960	1816143	183	183	324.00	567.00	459.17	446.00	84028.00
chr10	73578787	73578868	81	81	2475.00	3954.00	3211.47	3215.00	260129.00
chr17	37420427	37420640	213	213	29.00	65.00	44.99	45.00	9583.00
chr5	60835422	60835586	164	164	54.00	88.00	68.20	68.00	11184.00
chr15	79296143	79296517	374	374	101.00	308.00	204.62	196.00	76529.00
chr19	13039568	13039661	93	93	346.00	453.00	403.92	404.00	37565.00
chr12	49421585	49421713	128	128	20.00	43.00	31.37	31.00	4015.00
chr1	1661057	1662583	1526	1526	7.00	446.00	105.81	55.00	161466.00
chr2	207457340	207457460	120	120	203.00	264.00	237.70	240.00	28524.00
chr11	64542462	64543441	979	979	0.00	12.00	3.71	0.00	3636.00
chr20	61910250	61910347	97	97	100.00	179.00	139.64	136.00	13545.00
chr11	62394042	62394156	114	114	286.00	450.00	363.16	361.00	41400.00
chr5	37301538	37301652	114	114	7.00	25.00	11.96	13.00	1364.00
chr16	4733843	4733933	90	90	211.00	265.00	240.19	242.00	21617.00
chr15	43693913	43694048	135	135	70.00	104.00	83.53	79.00	11276.00
chr11	18764538	18764622	84	84	184.00	266.00	229.63	237.00	19289.00
chr17	57842331	57842499	168	168	147.00	280.00	209.68	198.00	35226.00
chr9	96076729	96078064	1335	1335	0.00	18.00	4.99	4.00	6665.00
chr11	12246219	12246367	148	148	209.00	358.00	284.44	310.50	42097.00
chr12	7030743	7031565	822	822	11.00	3324.00	1186.42	57.00	975238.00
chr3	14523178	14523349	171	171	7.00	33.00	17.43	15.00	2981.00
chr5	758508	759483	975	975	0.00	11.00	1.20	0.00	1174.00
chr12	22635490	22635677	187	187	23.00	74.00	44.58	38.00	8337.00
chr5	14479369	14479459	90	90	46.00	82.00	65.96	69.00	5936.00
chr6	143655214	143656079	865	865	0.00	37.00	6.41	0.00	5546.00
chr7	75508360	75508578	218	218	183.00	1453.00	1077.08	1179.50	234803.00
chr11	60697981	60698131	150	150	185.00	288.00	232.13	224.00	34820.00
chr1	151400598	151400889	291	291	15.00	79.00	53.30	60.00	15511.00
chr5	172196431	172197309	878	878	15.00	1009.00	278.21	46.00	244271.00
chr3	49152660	49152794	134	134	49.00	73.00	57.49	57.00	7703.00
chr7	5518281	5519950	1669	1669	6.00	179.00	82.27	75.00	137304.00
chr17	16691106	16691449	343	343	0.00	39.00	13.71	15.00	4704.00
chr2	220086993	220087172	179	179	254.00	570.00	464.40	482.00	83127.00
chr10	51746916	51748006	1090	1090	1.00	43.00	18.97	17.00	20682.00
chr12	7302118	7302289	171	171	416.00	769.00	601.05	614.00	102779.00
chr11	59562844	59562955	111	111	21.00	79.00	43.58	43.00	4837.00
chr12	6100984	6101184	200	200	6.00	47.00	28.23	31.00	5645.00
chr19	5683274	5683627	353	353	4.00	68.00	37.81	38.00	13346.00
chr12	2786259	2786387	128	128	10.00	39.00	24.06	25.00	3080.00
chr15	26812727	26812880	153	153	56.00	98.00	79.35	81.00	12140.00
chr1	149007980	149008798	818	818	0.00	1.00	0.12	0.00	101.00
chr19	54965608	54965861	253	253	54.00	115.00	86.00	88.00	21759.00
chr8	27293259	27293310	51	51	250.00	372.00	327.63	341.00	16709.00
chr15	23014437	23014528	91	91	163.00	209.00	184.42	183.00	16782.00
chr1	111717500	111717585	85	85	68.00	134.00	92.82	94.00	7890.00
chr6	150157220	150157433	213	213	166.00	323.00	246.03	235.00	52405.00
chr13	114566547	114566670	123	123	55.00	103.00	85.16	85.00	10475.00
chr16	58539291	58539605	314	314	0.00	65.00	24.49	17.00	7691.00
chr1	21936612	21936768	156	156	265.00	527.00	376.85	369.00	58789.00
chr1	17322880	17322991	111	111	219.00	409.00	302.06	305.00	33529.00
chr11	60699455	60699599	144	144	288.00	496.00	379.72	373.00	54679.00
chr5	6749669	6749770	101	101	36.00	53.00	45.26	45.00	4571.00
chr16	2156805	2156949	144	144	47.00	94.00	71.06	71.00	10233.00
chr15	34690834	34690930	96	96	16.00	43.00	32.41	34.00	3111.00
chr3	11074933	11075425	492	492	0.00	225.00	47.80	11.00	23519.00
chr5	74655222	74655381	159	159	116.00	200.00	146.33	140.00	23266.00
chr20	20022968	20023160	192	192	24.00	76.00	45.69	43.00	8772.00
chr2	39055481	39055578	97	97	13.00	39.00	25.15	26.00	2440.00
chr19	16793231	16793528	297	297	1.00	122.00	36.44	21.00	10822.00
chr2	219205450	219205509	59	59	53.00	73.00	62.34	62.00	3678.00
chr17	74087429	74087729	300	300	2.00	39.00	17.02	17.00	5106.00
chr3	184058150	184060036	1886	1886	8.00	1235.00	161.18	30.00	303980.00
chr6	90333128	90333263	135	135	28.00	50.00	41.43	41.00	5593.00
chr12	125267019	125267429	410	410	0.00	97.00	30.29	10.00	12419.00
chr1	207942580	207943104	524	524	14.00	81.00	39.81	39.00	20862.00
chr4	89356876	89357043	167	167	3.00	57.00	23.59	19.00	3940.00
chr7	101995498	101995736	238	238	0.00	10.00	3.12	2.00	742.00
chr3	11067458	11067562	104	104	107.00	157.00	132.59	132.50	13789.00
chr5	95734582	95734740	158	158	8.00	22.00	15.94	17.00	2519.00
chr6	152529106	152529341	235	235	31.00	87.00	65.49	67.00	15389.00
chr5	102295578	102295763	185	185	101.00	178.00	140.58	140.00	26007.00
chr22	21072980	21073110	130	130	523.00	1122.00	790.82	785.50	102806.00
chr12	121855306	121855714	408	408	45.00	282.00	117.39	90.00	47894.00
chr1	160326389	160326544	155	155	49.00	126.00	77.82	71.00	12062.00
chr11	60670930	60671007	77	77	308.00	427.00	367.94	372.00	28331.00
chr17	79804822	79804948	126	126	512.00	686.00	593.69	600.00	74805.00
chr16	18527204	18527332	128	128	478.00	847.00	687.94	707.00	88056.00
chr16	16372518	16372646	128	128	475.00	842.00	690.03	706.00	88324.00
chr2	32750530	32750695	165	165	8.00	83.00	41.11	32.00	6783.00
chr14	69369193	69369279	86	86	73.00	108.00	87.26	84.00	7504.00
chr7	66418212	66418356	144	144	137.00	263.00	212.56	217.50	30609.00
chr6	44107988	44108097	109	109	67.00	195.00	145.25	157.00	15832.00
chr7	70885893	70886091	198	198	217.00	325.00	277.88	275.00	55020.00
chr8	27295281	27295397	116	116	187.00	311.00	235.03	228.50	27264.00
chr7	73122918	73123018	100	100	859.00	1043.00	959.38	967.00	95938.00
chr15	34698874	34699071	197	197	34.00	99.00	63.78	66.00	12564.00
chr8	22009343	22009513	170	170	191.00	348.00	265.99	251.00	45218.00
chr7	1526557	1526737	180	180	72.00	137.00	105.88	110.00	19058.00
chr5	178053946	178054065	119	119	6.00	23.00	16.31	20.00	1941.00
chr12	6103027	6103369	342	342	2.00	44.00	15.05	15.00	5147.00
chr2	3479491	3480482	991	991	0.00	21.00	9.04	9.00	8956.00
chr3	33883388	33883566	178	178	85.00	169.00	132.30	140.00	23549.00
chr19	11019778	11019883	105	105	100.00	175.00	153.70	156.00	16139.00
chr7	98446205	98446318	113	113	1154.00	1913.00	1577.87	1652.00	178299.00
chr8	106813274	106813932	658	658	0.00	17.00	6.58	5.00	4327.00
chr2	223795338	223795530	192	192	361.00	624.00	487.02	484.50	93507.00
chr7	75511146	75511554	408	408	914.00	2262.00	1338.96	1291.50	546296.00
chr21	40184926	40185038	112	112	87.00	159.00	120.64	113.00	13512.00
chr19	53383575	53385236	1661	1661	0.00	67.00	17.41	15.00	28919.00
chr19	14208130	14208295	165	165	53.00	1295.00	805.39	974.00	132890.00
chr15	91461013	91461618	605	605	0.00	363.00	87.61	0.00	53003.00
chr8	145278010	145278133	123	123	37.00	64.00	46.61	46.00	5733.00
chr16	28132990	28133083	93	93	169.00	253.00	215.58	208.00	20049.00
chr11	125280091	125280221	130	130	36.00	75.00	56.64	57.00	7363.00
chr15	63128089	63128317	228	228	52.00	257.00	174.68	194.00	39828.00
chr9	131181435	131181557	122	122	0.00	216.00	191.52	202.00	23366.00
chr19	3281196	3281343	147	147	126.00	253.00	184.25	197.00	27085.00
chr11	6240200	6240280	80	80	61.00	98.00	78.94	80.00	6315.00
chr20	31019123	31019287	164	164	23.00	45.00	34.71	34.00	5692.00
chr6	46825865	46827260	1395	1395	7.00	71.00	28.19	27.00	39325.00
chr12	1672006	1672666	660	660	5.00	52.00	22.07	20.00	14568.00
chr12	9098824	9099001	177	177	141.00	229.00	186.37	185.00	32987.00
chr7	121738503	121738630	127	127	18.00	42.00	34.21	35.00	4345.00
chr19	40875814	40875935	121	121	1409.00	1721.00	1563.27	1578.00	189156.00
chr20	3581592	3581671	79	79	129.00	190.00	163.00	166.00	12877.00
chr17	7226965	7227042	77	77	40.00	71.00	49.75	45.00	3831.00
chr2	74331800	74332809	1009	1009	2.00	50.00	17.53	14.00	17692.00
chr1	209785136	209785610	474	474	1.00	384.00	247.81	254.00	117461.00
chr9	35546426	35548532	2106	2106	13.00	179.00	88.52	86.00	186413.00
chr17	80040198	80040290	92	92	364.00	478.00	412.04	396.50	37908.00
chr11	73074791	73075284	493	493	0.00	127.00	29.90	13.00	14739.00
chr20	44674976	44675075	99	99	60.00	102.00	87.33	85.00	8646.00
chr20	5892091	5892328	237	237	35.00	159.00	112.02	116.00	26549.00
chr17	20316581	20317594	1013	1013	0.00	27.00	6.65	5.00	6732.00
chr12	99478702	99478801	99	99	23.00	107.00	60.64	50.00	6003.00
chr17	40842756	40842960	204	204	53.00	111.00	81.49	80.00	16624.00
chr11	107501142	107501288	146	146	38.00	91.00	65.23	58.00	9523.00
chr11	85429236	85429532	296	296	0.00	14.00	4.78	4.00	1414.00
chr20	9449217	9449319	102	102	29.00	50.00	40.57	42.00	4138.00
chr14	23371395	23371591	196	196	9.00	56.00	31.55	32.00	6184.00
chr7	716865	716957	92	92	834.00	1432.00	1196.65	1243.00	110092.00
chr10	48862360	48862682	322	322	0.00	118.00	34.30	15.00	11046.00
chr10	68686678	68688210	1532	1532	0.00	75.00	25.93	22.00	39731.00
chr5	179674854	179674926	72	72	64.00	122.00	97.12	102.00	6993.00
chr1	209773327	209773456	129	129	69.00	148.00	120.59	125.00	15556.00
chr17	45691034	45691091	57	57	269.00	322.00	302.49	300.00	17242.00
chr1	19669871	19670118	247	247	0.00	16.00	7.61	8.00	1880.00
chr17	45664025	45664710	685	685	0.00	162.00	30.21	12.00	20697.00
chr19	2337634	2338840	1206	1206	0.00	83.00	20.78	14.00	25055.00
chr8	22011480	22011552	72	72	160.00	219.00	194.68	199.50	14017.00
