#chrom	start	end	size	num_data	min	max	mean	median	sum
chr12	1940100	1940691	591	591	12.00	100.00	46.85	46.00	27690.00
chr1	27480473	27481381	908	908	1.00	70.00	29.04	28.00	26365.00
chr15	63112684	63112809	125	125	252.00	357.00	321.62	328.00	40202.00
chr5	149231737	149232254	517	517	0.00	22.00	5.89	4.00	3045.00
chr5	140865429	140867182	1753	1753	4.00	68.00	23.55	22.00	41278.00
chr1	32209793	32209958	165	165	181.00	654.00	452.90	474.00	74728.00
chr16	87873307	87873431	124	124	215.00	430.00	349.35	371.50	43320.00
chr17	34157438	34158175	737	737	0.00	33.00	13.25	12.00	9763.00
chr2	127815619	127816088	469	469	36.00	158.00	102.29	99.00	47976.00
chr1	208212965	208213112	147	147	32.00	61.00	47.12	46.00	6927.00
chr22	19703883	19704666	783	783	0.00	49.00	21.36	20.00	16723.00
chr16	87872319	87872423	104	104	214.00	332.00	252.93	248.00	26305.00
chr9	140055740	140055868	128	128	742.00	1193.00	1016.76	1026.00	130145.00
chr22	21096515	21096643	128	128	148.00	315.00	222.63	227.00	28497.00
chr9	140056321	140056540	219	219	0.00	1445.00	896.74	1103.00	196387.00
chr11	78379981	78380253	272	272	2.00	36.00	17.97	17.00	4888.00
chr3	11070420	11070533	113	113	717.00	969.00	864.11	871.00	97644.00
chr1	109812554	109813222	668	668	6.00	901.00	383.94	555.50	256471.00
chr2	220161954	220162155	201	201	519.00	1017.00	840.78	899.00	168997.00
chr15	74706887	74707086	199	199	289.00	518.00	409.80	415.00	81551.00
chr17	7318829	7319426	597	597	294.00	580.00	436.68	439.00	260696.00
chr1	21560050	21560154	104	104	124.00	183.00	160.55	161.50	16697.00
chr1	25573799	25573952	153	153	11.00	596.00	359.88	459.00	55061.00
chr14	93198993	93199160	167	167	168.00	244.00	212.80	215.00	35538.00
chr1	205554003	205554119	116	116	98.00	177.00	124.30	118.00	14419.00
chr1	9795005	9795232	227	227	962.00	1848.00	1406.96	1523.00	319379.00
chr17	42426525	42426670	145	145	127.00	302.00	233.87	246.00	33911.00
chr18	70205887	70206179	292	292	0.00	45.00	13.38	7.00	3908.00
chr1	205553082	205553251	169	169	153.00	234.00	203.92	205.00	34462.00
chr9	140056623	140056766	143	143	8.00	1301.00	923.96	1061.00	132126.00
chr6	33412147	33412394	247	247	0.00	775.00	444.89	570.00	109889.00
chr12	89992366	89992547	181	181	21.00	837.00	561.63	583.00	101655.00
chr2	220088827	220089576	749	749	164.00	440.00	272.41	265.00	204032.00
chr14	100763073	100765222	2149	2149	41.00	393.00	139.57	129.00	299931.00
chr1	110740697	110742543	1846	1846	10.00	543.00	261.25	240.00	482273.00
chr1	149878201	149879758	1557	1557	0.00	609.00	156.41	43.00	243532.00
chr3	197264139	197265259	1120	1120	0.00	53.00	13.68	10.00	15320.00
chr8	56449623	56450530	907	907	1.00	60.00	20.24	18.00	18362.00
chr9	139354208	139354326	118	118	59.00	128.00	86.03	76.00	10152.00
chr1	32204908	32205236	328	328	663.00	1018.00	824.45	816.00	270419.00
chr7	75608768	75608897	129	129	158.00	243.00	192.20	187.00	24794.00
chr19	45161029	45161178	149	149	62.00	177.00	125.80	133.00	18744.00
chr19	5243911	5244493	582	582	46.00	228.00	111.51	97.00	64897.00
chr6	32119585	32119717	132	132	12.00	889.00	403.15	398.50	53216.00
chr3	42670878	42672067	1189	1189	0.00	92.00	30.99	19.00	36850.00
chr11	45892392	45892485	93	93	221.00	313.00	261.76	259.00	24344.00
chr17	80040789	80040991	202	202	645.00	1042.00	808.61	788.50	163339.00
chr2	74902875	74903036	161	161	67.00	131.00	98.02	98.00	15781.00
chr17	38335969	38337946	1977	1977	0.00	237.00	25.37	16.00	50153.00
chr16	87870103	87870253	150	150	485.00	615.00	561.69	564.50	84254.00
chr1	32205947	32206142	195	195	540.00	941.00	745.84	711.00	145439.00
chr6	44117553	44117702	149	149	24.00	377.00	249.58	328.00	37188.00
chr1	159163659	159163830	171	171	720.00	1065.00	870.21	906.00	148806.00
chr3	445565	446023	458	458	5.00	49.00	26.39	32.00	12085.00
chr2	25048913	25048995	82	82	215.00	296.00	249.59	249.00	20466.00
chr10	99504485	99504672	187	187	90.00	178.00	133.13	136.00	24895.00
chr4	54364807	54365010	203	203	7.00	48.00	22.83	19.00	4634.00
chr17	1634367	1634552	185	185	16.00	98.00	49.36	37.00	9131.00
chr7	72416124	72416247	123	123	177.00	296.00	236.69	237.00	29113.00
chr1	208212169	208212329	160	160	27.00	118.00	71.92	69.00	11507.00
chr9	140952500	140952702	202	202	11.00	51.00	33.44	32.50	6755.00
chr6	44197325	44197528	203	203	42.00	136.00	94.70	103.00	19224.00
chr6	44197643	44198218	575	575	3.00	130.00	58.49	41.00	33630.00
chr11	118981972	118982084	112	112	284.00	487.00	405.94	419.50	45465.00
chr5	150503846	150503952	106	106	0.00	2001.00	1209.30	1471.00	128186.00
chr11	118981761	118981878	117	117	177.00	307.00	235.36	223.00	27537.00
chr11	126314873	126315000	127	127	157.00	280.00	208.14	195.00	26434.00
chr1	159165808	159166244	436	436	0.00	976.00	182.96	10.00	79769.00
chr7	134893542	134893750	208	208	29.00	149.00	96.16	102.00	20001.00
chr9	121976196	121976433	237	237	136.00	442.00	280.14	302.00	66392.00
chr19	54691042	54691169	127	127	389.00	677.00	529.03	510.00	67187.00
chr22	38621430	38621600	170	170	622.00	871.00	757.42	793.00	128762.00
chr13	42035681	42036205	524	524	11.00	57.00	28.03	26.00	14690.00
chr20	1915360	1915413	53	53	15.00	1695.00	1204.09	1517.00	63817.00
chr5	14496987	14497126	139	139	136.00	230.00	195.14	198.00	27124.00
chr12	56528125	56528212	87	87	108.00	145.00	123.60	122.00	10753.00
chr3	47466974	47467101	127	127	109.00	151.00	129.01	130.00	16384.00
chr17	7415476	7415663	187	187	197.00	360.00	267.83	260.00	50085.00
chr3	33588037	33589252	1215	1215	29.00	211.00	114.46	110.00	139065.00
chr7	887833	888615	782	782	13.00	254.00	64.32	51.00	50300.00
chr10	24813251	24813693	442	442	7.00	110.00	57.30	57.00	25327.00
chr1	109812045	109812213	168	168	382.00	553.00	444.90	440.50	74743.00
chr19	15276597	15276902	305	305	286.00	466.00	376.36	373.00	114790.00
chr16	2334779	2334999	220	220	283.00	479.00	360.09	346.00	79219.00
chr16	68404761	68405261	500	500	50.00	184.00	111.24	113.00	55620.00
chr4	110969111	110969871	760	760	17.00	138.00	69.44	68.00	52773.00
chr1	145693161	145693996	835	835	0.00	83.00	38.85	39.00	32440.00
chr7	44282848	44282932	84	84	622.00	894.00	781.83	788.00	65674.00
chr2	220164315	220164508	193	193	3.00	452.00	185.78	10.00	35855.00
chr12	50472203	50472360	157	157	239.00	333.00	284.92	284.00	44733.00
chr2	220163768	220163833	65	65	432.00	643.00	530.20	555.00	34463.00
chr2	222289928	222290862	934	934	78.00	308.00	164.38	161.00	153533.00
chr12	57599133	57599268	135	135	328.00	506.00	405.99	400.00	54809.00
chr7	157475416	157475629	213	213	329.00	468.00	413.38	424.00	88051.00
chr1	32203800	32203927	127	127	1013.00	1321.00	1169.12	1177.00	148478.00
chr1	109811731	109811912	181	181	385.00	570.00	480.83	488.00	87031.00
chr9	140052830	140052975	145	145	634.00	1028.00	824.32	880.00	119526.00
chr2	220161706	220161854	148	148	790.00	1196.00	992.51	1016.50	146892.00
chr16	29896906	29897070	164	164	256.00	435.00	348.44	353.00	57144.00
chr16	47143393	47143622	229	229	76.00	136.00	98.70	96.00	22603.00
chr11	993753	993985	232	232	207.00	528.00	404.70	441.00	93890.00
chr9	124059698	124061137	1439	1439	5.00	238.00	122.31	124.00	176000.00
chr9	140350140	140350634	494	494	1.00	141.00	74.29	72.00	36700.00
chr11	14504577	14504697	120	120	142.00	258.00	194.87	205.00	23384.00
chr3	49898612	49898733	121	121	585.00	783.00	692.29	686.00	83767.00
chr9	131811659	131811777	118	118	84.00	184.00	126.54	114.00	14932.00
chr9	131810705	131810818	113	113	115.00	178.00	141.26	140.00	15962.00
chr1	223400935	223401080	145	145	254.00	399.00	340.53	350.00	49377.00
chr12	125612185	125612820	635	635	0.00	218.00	50.40	28.00	32003.00
chr2	220088590	220088744	154	154	314.00	457.00	389.18	387.00	59933.00
chr9	70888487	70888750	263	263	0.00	5.00	1.12	0.00	295.00
chr14	69813756	69813898	142	142	158.00	320.00	224.69	230.00	31906.00
chr2	47399145	47399890	745	745	20.00	613.00	100.74	102.00	75054.00
chr11	62688689	62689041	352	352	0.00	131.00	27.32	11.00	9617.00
chr6	43745205	43745407	202	202	3.00	166.00	106.59	107.00	21531.00
chr3	11072492	11072997	505	505	6.00	894.00	208.00	56.00	105041.00
chr7	2696031	2696168	137	137	270.00	367.00	320.33	320.00	43885.00
chr16	14969196	14969279	83	83	403.00	619.00	515.46	531.00	42783.00
chr17	7377847	7378026	179	179	0.00	11.00	4.91	6.00	879.00
chr12	65639640	65639719	79	79	53.00	150.00	83.24	76.00	6576.00
chr12	50294912	50295108	196	196	2300.00	3198.00	2689.41	2699.50	527124.00
chr19	42485653	42485788	135	135	1098.00	1454.00	1282.10	1309.00	173084.00
chr10	99509230	99509343	113	113	193.00	257.00	224.76	226.00	25398.00
chr22	38883877	38888120	4243	4243	120.00	1889.00	598.18	509.00	2538078.00
chr12	49416372	49416658	286	286	132.00	221.00	170.27	170.50	48698.00
chr6	24843089	24843782	693	693	27.00	150.00	73.43	69.00	50887.00
chr5	176295561	176295665	104	104	182.00	236.00	213.64	216.00	22219.00
chr10	99510087	99510227	140	140	156.00	428.00	240.81	220.00	33714.00
chr1	159173658	159174770	1112	1112	4.00	171.00	57.42	55.00	63847.00
chr11	1780745	1780869	124	124	2671.00	3507.00	3176.78	3262.50	393921.00
chr19	42486059	42486258	199	199	704.00	1623.00	1181.35	1169.00	235089.00
chr3	47465422	47465535	113	113	147.00	258.00	195.65	199.00	22109.00
chr1	21573713	21573856	143	143	70.00	188.00	122.29	123.00	17487.00
chr11	65320330	65320453	123	123	240.00	352.00	278.94	270.00	34310.00
chr3	47462420	47462519	99	99	203.00	318.00	272.12	277.00	26940.00
chr2	219204751	219204864	113	113	60.00	96.00	77.45	80.00	8752.00
chr1	43906123	43906257	134	134	63.00	113.00	86.16	85.00	11546.00
chr7	38785158	38785840	682	682	18.00	584.00	92.45	43.00	63048.00
chr2	153499932	153500058	126	126	125.00	208.00	167.38	173.50	21090.00
chr1	32203011	32203132	121	121	0.00	1174.00	876.91	1007.00	106106.00
chr22	42290823	42290941	118	118	798.00	1466.00	1215.63	1219.00	143444.00
chr19	47940718	47940818	100	100	233.00	344.00	299.09	302.50	29909.00
chr4	119539150	119539274	124	124	5.00	32.00	18.20	15.00	2257.00
chr17	44117067	44117250	183	183	126.00	229.00	171.02	170.00	31297.00
chr19	42485873	42485983	110	110	881.00	1198.00	1043.45	1036.00	114780.00
chr6	44114583	44114664	81	81	123.00	323.00	195.95	161.00	15872.00
chr19	47941105	47941292	187	187	18.00	425.00	257.99	357.00	48244.00
chr11	73074250	73074500	250	250	172.00	361.00	271.92	276.00	67979.00
chr3	33418764	33418825	61	61	243.00	291.00	267.75	265.00	16333.00
chr1	700258	700505	247	247	10.00	82.00	35.94	32.00	8878.00
chr9	74319510	74319719	209	209	27.00	66.00	45.61	49.00	9532.00
chr16	2336694	2336968	274	274	139.00	549.00	352.65	346.50	96625.00
chr20	3575125	3575219	94	94	122.00	196.00	152.50	152.00	14335.00
chr9	139231377	139231529	152	152	76.00	188.00	141.61	150.50	21525.00
chr5	140515951	140516498	547	547	16.00	92.00	45.09	42.00	24666.00
chr1	21938208	21938309	101	101	483.00	623.00	528.90	523.00	53419.00
chr3	155659188	155659936	748	748	3.00	124.00	70.50	74.00	52735.00
chr16	27483068	27483241	173	173	160.00	338.00	235.71	217.00	40778.00
chr11	994071	994245	174	174	213.00	351.00	280.56	275.00	48818.00
chr7	71175745	71175913	168	168	630.00	964.00	807.57	831.50	135672.00
chr12	121204065	121204175	110	110	327.00	579.00	476.32	511.50	52395.00
chr7	73118679	73118753	74	74	798.00	955.00	872.51	872.00	64566.00
chr9	140972565	140972710	145	145	2.00	42.00	9.12	6.00	1323.00
chr12	121683329	121684024	695	695	0.00	32.00	10.63	9.00	7388.00
chr16	74493579	74493687	108	108	446.00	544.00	498.51	496.50	53839.00
chr2	36771518	36771641	123	123	162.00	329.00	245.85	245.00	30240.00
chr7	94187181	94187996	815	815	9.00	70.00	38.53	39.00	31402.00
chr14	94156951	94157239	288	288	0.00	45.00	19.81	21.00	5704.00
chr7	121739000	121739524	524	524	10.00	93.00	53.96	55.00	28273.00
chr1	19549117	19549328	211	211	135.00	283.00	201.52	199.00	42520.00
chr19	5214571	5214747	176	176	125.00	409.00	241.79	212.00	42555.00
chr19	42557753	42557861	108	108	283.00	543.00	429.55	425.00	46391.00
chr15	102510686	102510925	239	239	5.00	116.00	66.23	68.00	15829.00
chr5	167673761	167675376	1615	1615	3.00	116.00	34.65	27.00	55963.00
chr7	44282158	44282253	95	95	646.00	978.00	824.28	815.00	78307.00
chr2	160621061	160621717	656	656	0.00	351.00	46.27	28.00	30356.00
chr5	10426501	10426634	133	133	492.00	628.00	550.82	546.00	73259.00
chr16	1814301	1814460	159	159	630.00	827.00	737.94	740.00	117332.00
chr11	21581734	21581928	194	194	110.00	180.00	145.38	150.00	28203.00
chr3	126749085	126749255	170	170	184.00	383.00	290.24	300.50	49341.00
chr11	12237765	12237866	101	101	97.00	166.00	137.62	140.00	13900.00
chr6	31750872	31750963	91	91	84.00	143.00	121.51	121.00	11057.00
chr3	53124201	53124398	197	197	5.00	45.00	23.17	21.00	4565.00
chr2	220161470	220161544	74	74	969.00	1135.00	1042.41	1033.00	77138.00
chr2	128951046	128951785	739	739	30.00	175.00	93.73	87.00	69263.00
chr5	24535811	24535931	120	120	42.00	113.00	79.29	80.00	9515.00
chr1	44083406	44083582	176	176	315.00	477.00	398.09	408.00	70063.00
chr1	32207653	32207818	165	165	427.00	580.00	474.64	475.00	78316.00
chr12	7293754	7294000	246	246	8.00	304.00	182.18	251.50	44816.00
chr3	131442289	131442469	180	180	67.00	122.00	89.87	87.50	16176.00
chr3	49898871	49899298	427	427	21.00	688.00	318.07	441.00	135816.00
chr16	66432358	66432464	106	106	96.00	169.00	129.51	118.00	13728.00
chr1	20982593	20982680	87	87	529.00	832.00	658.74	641.00	57310.00
chr16	68398653	68398809	156	156	119.00	193.00	146.26	142.00	22817.00
chr17	16676818	16678279	1461	1461	0.00	96.00	36.67	30.00	53582.00
chr1	109814899	109815027	128	128	1019.00	1279.00	1133.11	1129.00	145038.00
chr1	21940478	21940582	104	104	595.00	800.00	698.80	706.00	72675.00
chr20	57468284	57468793	509	509	8.00	62.00	25.91	23.00	13186.00
chr3	127358087	127358366	279	279	396.00	871.00	644.44	640.00	179800.00
chr3	126735359	126735527	168	168	43.00	116.00	72.55	65.00	12189.00
chr10	103869140	103869264	124	124	573.00	722.00	640.54	645.00	79427.00
chr20	44520554	44520666	112	112	169.00	400.00	269.52	266.00	30186.00
chr1	32203252	32203356	104	104	867.00	1139.00	1034.66	1060.00	107605.00
chr21	40186196	40186316	120	120	124.00	175.00	154.05	157.00	18486.00
chr5	111067153	111068349	1196	1196	1.00	91.00	33.94	30.00	40595.00
chr9	128002954	128003186	232	232	515.00	875.00	678.42	661.00	157394.00
chr1	43408896	43408992	96	96	587.00	723.00	648.92	651.00	62296.00
chr3	47463931	47464026	95	95	261.00	312.00	287.28	289.00	27292.00
chr2	220161160	220161238	78	78	1038.00	1238.00	1122.35	1091.00	87543.00
chr11	62472772	62473089	317	317	1588.00	2369.00	1947.49	1970.00	617353.00
chr9	130986341	130986906	565	565	0.00	500.00	107.32	20.00	60636.00
chr14	69358769	69359000	231	231	141.00	289.00	200.36	203.00	46284.00
chr11	64416205	64416379	174	174	434.00	566.00	492.60	493.00	85713.00
chr17	8398454	8398559	105	105	136.00	188.00	169.62	173.00	17810.00
chr12	53572943	53574193	1250	1250	6.00	78.00	38.56	40.00	48198.00
chr17	17696544	17701827	5283	5283	7.00	433.00	123.93	109.00	654722.00
chr8	11705187	11705331	144	144	1401.00	1904.00	1659.11	1625.00	238912.00
chr19	54963829	54963931	102	102	385.00	691.00	530.51	511.50	54112.00
chr2	70451682	70456295	4613	4613	1.00	449.00	56.27	38.00	259570.00
chr11	118873959	118874169	210	210	2.00	54.00	35.02	32.00	7354.00
chr10	75548427	75548581	154	154	57.00	107.00	83.65	83.00	12882.00
chr6	33414351	33414563	212	212	477.00	858.00	779.63	792.00	165282.00
chr17	80042910	80043032	122	122	209.00	351.00	282.11	285.00	34417.00
chr11	11470290	11470483	193	193	108.00	247.00	163.25	166.00	31508.00
chr8	23294446	23294771	325	325	113.00	214.00	166.44	164.00	54092.00
chr1	116932060	116932663	603	603	1.00	1251.00	433.04	40.00	261123.00
chr15	83222627	83222741	114	114	163.00	322.00	250.67	247.50	28576.00
chr3	9841562	9841751	189	189	53.00	112.00	81.88	79.00	15476.00
chr1	116937731	116937907	176	176	1180.00	2398.00	1581.37	1460.50	278321.00
chr16	87868019	87868197	178	178	275.00	532.00	388.06	392.00	69075.00
chr3	124209540	124209731	191	191	343.00	491.00	423.35	418.00	80860.00
chr7	71142195	71142291	96	96	570.00	767.00	655.70	650.00	62947.00
chr5	130497324	130497584	260	260	18.00	59.00	36.47	30.00	9482.00
chr13	100199238	100199358	120	120	547.00	689.00	614.20	621.50	73704.00
chr5	139943336	139943506	170	170	19.00	221.00	170.13	172.00	28922.00
chr17	74395529	74396002	473	473	29.00	127.00	80.44	73.00	38046.00
chr14	93179149	93179216	67	67	188.00	253.00	220.54	224.00	14776.00
chr4	160277004	160277310	306	306	25.00	656.00	311.78	295.00	95406.00
chr17	40666306	40666478	172	172	827.00	1659.00	1228.43	1279.00	211290.00
chr15	34828065	34828207	142	142	9.00	223.00	162.05	180.00	23011.00
chr14	100165802	100165876	74	74	587.00	766.00	665.54	657.00	49250.00
chr22	20128089	20128231	142	142	34.00	243.00	152.49	200.50	21654.00
chr12	3392210	3394421	2211	2211	2.00	301.00	117.78	101.00	260410.00
chr17	16687866	16690667	2801	2801	0.00	368.00	92.93	76.00	260285.00
chr6	31664724	31664810	86	86	217.00	403.00	314.16	322.00	27018.00
chr6	30627512	30627611	99	99	56.00	90.00	74.24	77.00	7350.00
chr11	18752834	18755060	2226	2226	0.00	518.00	55.84	15.00	124300.00
chr12	109332602	109332731	129	129	110.00	212.00	169.86	182.00	21912.00
chr6	90072884	90073110	226	226	0.00	34.00	16.99	13.00	3840.00
chr16	2689371	2689711	340	340	0.00	26.00	12.06	10.00	4102.00
chr1	20987373	20987484	111	111	417.00	600.00	525.18	529.00	58295.00
chr14	85985300	85986667	1367	1367	0.00	47.00	6.82	0.00	9328.00
chr13	32863769	32863880	111	111	169.00	324.00	247.89	261.00	27516.00
chr16	1510418	1510528	110	110	127.00	207.00	152.81	150.00	16809.00
chr19	54963269	54963444	175	175	500.00	748.00	621.43	622.00	108751.00
chr6	44224078	44224233	155	155	261.00	359.00	305.97	306.00	47426.00
chr20	3151172	3152285	1113	1113	0.00	45.00	12.27	9.00	13661.00
chr1	892273	892405	132	132	226.00	316.00	257.55	252.00	33996.00
chr16	90192167	90192724	557	557	0.00	65.00	26.08	27.00	14526.00
chr9	111663704	111663810	106	106	67.00	143.00	99.63	96.00	10561.00
chr6	44108764	44108835	71	71	360.00	445.00	396.06	387.00	28120.00
chr1	36028802	36029027	225	225	2539.00	4982.00	3395.35	2923.00	763953.00
chr11	66807259	66807674	415	415	0.00	107.00	55.68	57.00	23106.00
chr1	178426817	178427679	862	862	18.00	99.00	55.11	55.00	47504.00
chr19	42482302	42482478	176	176	1342.00	1889.00	1648.52	1657.50	290139.00
chr1	44084718	44084873	155	155	284.00	886.00	506.29	472.00	78475.00
chr1	109812315	109812442	127	127	405.00	535.00	467.93	472.00	59427.00
chr3	180324268	180324391	123	123	133.00	243.00	191.18	191.00	23515.00
chr15	63933668	63933842	174	174	76.00	127.00	98.07	98.00	17065.00
chr20	44521363	44521519	156	156	330.00	553.00	438.19	418.00	68357.00
chr3	33416779	33416910	131	131	116.00	275.00	176.80	174.00	23161.00
chr1	21934624	21934843	219	219	0.00	948.00	361.15	447.00	79091.00
chr14	69799801	69799886	85	85	102.00	154.00	132.04	135.00	11223.00
chr1	116936134	116936345	211	211	10.00	1778.00	1443.21	1569.00	304518.00
chr14	23634493	23634645	152	152	2.00	28.00	11.82	10.00	1796.00
chr16	1402538	1402947	409	409	0.00	55.00	16.80	6.00	6870.00
chr9	20331	25000	4669	4669	0.00	361.00	29.56	20.00	137997.00
chr17	43545574	43545959	385	385	33.00	130.00	80.44	86.00	30969.00
chr13	100201418	100201476	58	58	542.00	669.00	615.69	615.00	35710.00
chr15	41865505	41865665	160	160	511.00	1173.00	788.83	768.00	126212.00
chr19	19641688	19642196	508	508	0.00	37.00	13.31	10.00	6761.00
chr11	134147593	134148159	566	566	10.00	55.00	24.50	22.00	13866.00
chr2	71656420	71657290	870	870	11.00	146.00	63.11	57.00	54908.00
chr7	97834775	97835016	241	241	101.00	232.00	169.49	165.00	40848.00
chr19	13363804	13363915	111	111	78.00	153.00	112.34	108.00	12470.00
chr18	31328383	31329011	628	628	5.00	48.00	25.08	24.00	15753.00
chr16	66431884	66432009	125	125	55.00	147.00	93.59	82.00	11699.00
chr19	47935155	47935702	547	547	2.00	764.00	304.83	277.00	166743.00
chr12	50291769	50291873	104	104	1843.00	2252.00	2026.83	2023.00	210790.00
chr11	1780198	1780317	119	119	2496.00	3267.00	2810.70	2778.00	334473.00
chr15	65392626	65393167	541	541	6.00	80.00	37.80	37.00	20451.00
chr2	86397871	86397967	96	96	102.00	158.00	134.71	132.00	12932.00
chr7	97866087	97866233	146	146	90.00	134.00	114.98	115.50	16787.00
chr11	60687157	60687402	245	245	238.00	392.00	323.17	326.00	79177.00
chr21	43307700	43309453	1753	1753	6.00	126.00	51.44	51.00	90177.00
chr14	24619269	24619657	388	388	31.00	152.00	79.90	79.50	31002.00
chr11	65320634	65320727	93	93	216.00	283.00	244.26	245.00	22716.00
chr16	29891184	29891385	201	201	372.00	781.00	587.42	629.00	118072.00
chr1	32207224	32207326	102	102	561.00	916.00	682.73	691.50	69638.00
chr11	72300218	72300394	176	176	0.00	464.00	138.01	11.00	24289.00
chr17	7608878	7609038	160	160	51.00	105.00	81.24	84.00	12999.00
chr19	7607646	7607814	168	168	186.00	413.00	329.71	370.00	55392.00
chr19	54966129	54966271	142	142	255.00	520.00	433.75	469.00	61592.00
chr12	57995027	57995131	104	104	157.00	227.00	196.15	193.00	20400.00
chr1	27428875	27429049	174	174	104.00	171.00	129.21	127.00	22483.00
chr2	27688277	27688385	108	108	34.00	61.00	45.61	46.00	4926.00
chr16	2691449	2692254	805	805	0.00	80.00	25.60	23.00	20608.00
chr9	131503813	131503933	120	120	458.00	690.00	604.11	624.00	72493.00
chr16	2347766	2347922	156	156	196.00	281.00	232.99	234.00	36347.00
chr17	80039884	80040036	152	152	526.00	707.00	589.72	579.00	89638.00
chr1	32204432	32204538	106	106	646.00	1232.00	893.94	934.00	94758.00
chr12	9242951	9243078	127	127	367.00	526.00	442.84	441.00	56241.00
chr3	49702661	49702751	90	90	136.00	200.00	166.43	167.00	14979.00
chr19	35820359	35820837	478	478	70.00	231.00	155.50	158.00	74327.00
chr1	201456762	201457615	853	853	46.00	265.00	158.20	162.00	134943.00
chr16	2334279	2334438	159	159	287.00	466.00	369.52	373.00	58754.00
chr10	73578373	73578481	108	108	8410.00	10520.00	9289.56	9204.50	1003273.00
chr16	18530550	18530756	206	206	0.00	536.00	295.69	431.50	60912.00
chr16	16369094	16369300	206	206	0.00	515.00	280.03	406.00	57687.00
chr13	113975636	113975785	149	149	9.00	2669.00	1111.33	20.00	165588.00
chr11	119293822	119294227	405	405	5.00	3605.00	324.73	20.00	131514.00
chr5	150505962	150506041	79	79	952.00	1157.00	1029.63	1017.00	81341.00
chr22	44224939	44225078	139	139	742.00	1043.00	893.88	902.00	124249.00
chr15	41865199	41865309	110	110	484.00	647.00	579.49	591.50	63744.00
chr17	25633807	25636298	2491	2491	31.00	1927.00	578.96	494.00	1442191.00
chr15	72495155	72495529	374	374	15.00	4133.00	1509.86	37.00	564689.00
chr9	42540272	42542124	1852	1852	0.00	35.00	13.69	13.00	25356.00
chr11	119290760	119291704	944	944	11.00	5625.00	1826.47	59.00	1724185.00
chr19	5219949	5220165	216	216	142.00	286.00	207.98	202.00	44924.00
chr15	63910769	63911153	384	384	0.00	24.00	6.03	5.00	2317.00
chr17	74393879	74393969	90	90	98.00	186.00	133.22	137.00	11990.00
chr10	104129467	104129532	65	65	83.00	119.00	97.06	93.00	6309.00
chr3	142454224	142454620	396	396	0.00	11.00	4.96	4.00	1963.00
chr12	121205196	121205396	200	200	340.00	574.00	442.69	463.00	88538.00
chr3	31705570	31705724	154	154	21.00	55.00	35.71	33.50	5500.00
chr6	118635190	118636593	1403	1403	7.00	134.00	59.39	56.00	83322.00
chr8	10339867	10340829	962	962	0.00	48.00	26.42	28.00	25414.00
chr19	16952578	16952779	201	201	129.00	216.00	178.86	181.00	35950.00
chr8	110984486	110985016	530	530	5.00	100.00	38.48	31.00	20396.00
chr9	128001219	128001610	391	391	1035.00	1835.00	1442.16	1438.00	563884.00
chr11	73070878	73070997	119	119	88.00	159.00	132.36	134.00	15751.00
chr10	104130140	104130235	95	95	146.00	181.00	165.18	168.00	15692.00
chr5	95733039	95733173	134	134	3.00	17.00	8.07	8.00	1082.00
chr19	59059400	59059547	147	147	575.00	734.00	662.12	658.00	97331.00
chr5	139943169	139943255	86	86	26.00	174.00	133.21	145.50	11456.00
chr17	73487771	73487981	210	210	237.00	397.00	320.91	330.50	67391.00
chr1	154315588	154315777	189	189	46.00	92.00	75.20	77.00	14213.00
chr14	95652726	95653070	344	344	40.00	102.00	66.70	63.00	22945.00
chr12	123639801	123640772	971	971	5.00	93.00	42.37	43.00	41143.00
chr22	47064870	47065171	301	301	0.00	12.00	2.46	0.00	739.00
chr5	24535220	24535388	168	168	41.00	106.00	79.08	83.00	13285.00
chr12	6806452	6806958	506	506	209.00	664.00	414.22	432.50	209593.00
chr22	29881711	29881836	125	125	176.00	240.00	211.66	216.00	26458.00
chr7	75894681	75894786	105	105	39.00	111.00	91.42	101.00	9599.00
chr12	121089007	121095893	6886	6886	0.00	95.00	17.92	14.00	123386.00
chr1	207940357	207942365	2008	2008	31.00	491.00	169.59	151.00	340542.00
chr7	154681166	154681240	74	74	766.00	945.00	857.41	862.00	63448.00
chr5	131696513	131697529	1016	1016	0.00	53.00	11.78	8.00	11973.00
chr11	1776135	1776258	123	123	2165.00	2815.00	2522.06	2513.00	310213.00
chr8	11706554	11706673	119	119	822.00	1545.00	1132.76	1064.00	134799.00
chr11	18759426	18759511	85	85	346.00	546.00	424.38	413.00	36072.00
chr16	61689373	61689625	252	252	70.00	149.00	106.21	107.00	26765.00
chr15	51750702	51750824	122	122	175.00	270.00	216.84	211.00	26455.00
chr9	35555056	35555698	642	642	337.00	731.00	548.11	528.50	351885.00
chr2	198356200	198356621	421	421	7.00	36.00	23.04	22.00	9701.00
chr9	131001723	131001794	71	71	1553.00	1963.00	1765.08	1769.00	125321.00
chr19	5214371	5214491	120	120	322.00	516.00	450.28	480.00	54034.00
chr22	35719488	35719623	135	135	234.00	464.00	354.59	345.00	47869.00
chr12	121678738	121679829	1091	1091	0.00	58.00	17.85	15.00	19474.00
chr14	23820960	23821064	104	104	1766.00	1953.00	1860.45	1857.50	193487.00
chr1	32205710	32205779	69	69	653.00	831.00	722.96	708.00	49884.00
chr3	33420176	33420326	150	150	6.00	202.00	72.41	13.00	10862.00
chr9	114820707	114820966	259	259	13.00	94.00	49.02	53.00	12696.00
chr15	41865876	41866023	147	147	28.00	1359.00	1003.81	1048.00	147560.00
chr19	55554308	55554637	329	329	1.00	32.00	13.23	14.00	4354.00
chr1	116933403	116933513	110	110	1279.00	1559.00	1422.50	1415.50	156475.00
chr19	15374230	15374359	129	129	151.00	314.00	247.93	255.00	31983.00
chr12	56090682	56090852	170	170	141.00	342.00	260.73	278.00	44324.00
chr14	69445668	69445876	208	208	63.00	218.00	141.25	134.50	29381.00
chr12	57603474	57603651	177	177	553.00	849.00	737.12	763.00	130471.00
chr22	32897492	32898946	1454	1454	1.00	62.00	27.06	23.00	39344.00
chr16	16367702	16367764	62	62	1.00	254.00	128.52	129.00	7968.00
chr19	5245786	5246056	270	270	103.00	197.00	151.23	155.00	40831.00
chr16	74345440	74345829	389	389	0.00	27.00	10.21	9.00	3973.00
chr6	107096899	107097076	177	177	89.00	175.00	130.46	122.00	23092.00
chr1	29641883	29642019	136	136	185.00	292.00	245.51	249.50	33389.00
chr8	97342440	97342509	69	69	266.00	344.00	298.04	293.00	20565.00
chr8	68116914	68117054	140	140	107.00	208.00	163.16	163.00	22843.00
chr22	22037470	22037546	76	76	121.00	170.00	146.43	144.00	11129.00
chr22	50682147	50683420	1273	1273	3.00	244.00	94.82	90.00	120711.00
chr20	44048971	44049069	98	98	858.00	1056.00	963.73	984.50	94446.00
chr1	36904356	36904511	155	155	61.00	121.00	97.21	101.00	15067.00
chr12	71054719	71054877	158	158	29.00	182.00	94.23	111.00	14888.00
chr15	50654364	50655515	1151	1151	0.00	60.00	23.29	22.00	26809.00
chr2	234198499	234198620	121	121	70.00	151.00	126.75	132.00	15337.00
chr9	128001699	128001812	113	113	786.00	1114.00	938.51	970.00	106052.00
chr8	38272296	38272419	123	123	239.00	349.00	300.14	310.00	36917.00
chr11	73068069	73068179	110	110	61.00	107.00	83.23	85.00	9155.00
chr16	28123137	28123327	190	190	431.00	763.00	609.58	641.00	115821.00
chr12	49424062	49424222	160	160	18.00	80.00	52.34	53.00	8375.00
chr19	50302885	50303023	138	138	397.00	618.00	491.63	452.50	67845.00
chr19	42480567	42480718	151	151	2939.00	3481.00	3220.97	3236.00	486366.00
chr3	197904395	197905301	906	906	0.00	47.00	13.13	6.00	11897.00
chr13	100189992	100190117	125	125	351.00	469.00	412.70	417.00	51588.00
chr19	14268062	14268272	210	210	228.00	363.00	306.42	323.00	64349.00
chr10	93786886	93787057	171	171	167.00	282.00	228.40	232.00	39056.00
chr1	109808726	109808828	102	102	194.00	491.00	300.13	284.00	30613.00
chr4	134075461	134075520	59	59	404.00	520.00	463.71	462.00	27359.00
chr1	22052268	22053864	1596	1596	0.00	116.00	38.47	34.00	61398.00
chr9	140056855	140056968	113	113	1148.00	1817.00	1449.88	1437.00	163837.00
chr19	42482087	42482224	137	137	1655.00	3004.00	2267.98	2316.00	310713.00
chr19	4556962	4557025	63	63	734.00	839.00	790.67	790.00	49812.00
chr19	14266921	14267013	92	92	411.00	640.00	542.41	551.00	49902.00
chr22	42273851	42274127	276	276	12.00	861.00	472.61	596.50	130439.00
chr1	205549788	205550049	261	261	51.00	238.00	150.06	141.00	39166.00
chr1	110765585	110766522	937	937	48.00	287.00	137.68	130.00	129009.00
chr19	55553595	55554158	563	563	1.00	43.00	20.31	19.00	11436.00
chr7	150929881	150931360	1479	1479	1.00	182.00	55.44	48.00	81998.00
chr3	124215157	124215260	103	103	400.00	630.00	512.39	500.00	52776.00
chr16	58220658	58220760	102	102	109.00	156.00	131.84	134.00	13448.00
chr3	10381925	10382033	108	108	113.00	278.00	200.19	194.00	21621.00
chr10	11356101	11356221	120	120	89.00	163.00	132.11	136.50	15853.00
chr22	42294652	42294785	133	133	1003.00	1272.00	1133.27	1129.00	150725.00
chr1	2005531	2005714	183	183	8.00	124.00	73.58	94.00	13465.00
chr12	113722522	113722576	54	54	120.00	150.00	132.13	131.00	7135.00
chr9	131502198	131502398	200	200	10.00	1006.00	768.57	824.50	153714.00
chr19	40873602	40873786	184	184	1624.00	2569.00	2184.38	2265.50	401926.00
chr2	220162606	220162825	219	219	294.00	478.00	391.04	377.00	85637.00
chr16	28270027	28270355	328	328	0.00	59.00	25.43	19.00	8340.00
chr4	3225718	3225858	140	140	141.00	210.00	170.60	167.00	23884.00
chr17	44127898	44128070	172	172	146.00	232.00	183.97	184.00	31642.00
chr3	47462043	47462262	219	219	81.00	355.00	194.18	189.00	42526.00
chr6	99873090	99873182	92	92	11.00	440.00	185.55	164.00	17071.00
chr7	142561723	142562504	781	781	53.00	182.00	118.74	123.00	92733.00
chr1	159169540	159169666	126	126	1311.00	2311.00	1800.79	1866.00	226899.00
chr19	7606869	7606953	84	84	166.00	217.00	185.20	186.00	15557.00
chr16	2811561	2818298	6737	6737	8.00	1334.00	536.09	469.00	3611617.00
chr3	47450652	47450807	155	155	107.00	175.00	132.45	133.00	20530.00
chr11	118403631	118403922	291	291	137.00	243.00	180.66	182.00	52573.00
chr1	205555161	205555335	174	174	123.00	249.00	188.35	183.00	32773.00
chr12	125603186	125603311	125	125	57.00	108.00	81.13	76.00	10141.00
chr11	86658288	86659498	1210	1210	6.00	131.00	60.30	59.00	72957.00
chr22	37764946	37768745	3799	3799	16.00	958.00	251.35	205.00	954882.00
chr10	46345664	46346215	551	551	4.00	67.00	24.90	20.00	13721.00
chr22	33673045	33673241	196	196	264.00	613.00	407.29	377.00	79829.00
chr9	140042599	140042666	67	67	0.00	57.00	42.55	44.00	2851.00
chr3	48717233	48717320	87	87	154.00	212.00	180.13	183.00	15671.00
chr11	60681600	60681740	140	140	32.00	247.00	142.66	140.00	19972.00
chr10	93784512	93784724	212	212	131.00	349.00	226.64	217.00	48048.00
chr12	7289424	7290372	948	948	0.00	338.00	72.32	16.00	68564.00
chr3	132387062	132387526	464	464	0.00	62.00	25.27	24.50	11724.00
chr16	2335442	2335647	205	205	283.00	395.00	342.13	340.00	70137.00
chr16	1794782	1797276	2494	2494	0.00	589.00	83.42	42.00	208045.00
chr16	3786036	3786204	168	168	69.00	147.00	103.26	95.50	17348.00
chr9	141131209	141131766	557	557	0.00	49.00	19.19	18.00	10688.00
chr14	92965028	92966015	987	987	14.00	182.00	90.87	88.00	89693.00
chr19	54692070	54692200	130	130	185.00	617.00	363.53	298.00	47259.00
chr15	43866006	43866230	224	224	77.00	153.00	106.62	108.00	23884.00
chr3	40231316	40231954	638	638	38.00	138.00	76.36	66.00	48719.00
chr3	50148937	50149455	518	518	5.00	57.00	35.26	35.00	18265.00
chr4	81117505	81117755	250	250	12.00	56.00	32.88	36.00	8220.00
chr10	46740404	46740638	234	234	0.00	32.00	15.94	13.00	3729.00
chr3	124210169	124210271	102	102	305.00	429.00	386.42	393.00	39415.00
chr11	107488830	107488932	102	102	42.00	65.00	51.09	49.00	5211.00
chr9	130591965	130592106	141	141	166.00	245.00	203.86	203.00	28744.00
chr1	20981932	20982027	95	95	579.00	843.00	742.14	736.00	70503.00
chr12	75875613	75875859	246	246	22.00	173.00	99.80	86.00	24551.00
chr22	32046684	32046764	80	80	31.00	73.00	62.05	68.00	4964.00
chr11	70331418	70331658	240	240	17.00	113.00	71.96	71.50	17271.00
chr14	51079976	51080069	93	93	601.00	896.00	714.77	708.00	66474.00
chr17	80041077	80041301	224	224	463.00	1157.00	757.43	665.00	169664.00
chr7	158540884	158540971	87	87	267.00	362.00	317.86	323.00	27654.00
chr1	21553651	21553719	68	68	322.00	415.00	359.15	351.00	24422.00
chr2	219206256	219206349	93	93	88.00	161.00	122.23	123.00	11367.00
chr17	18444211	18445242	1031	1031	0.00	94.00	25.89	15.00	26691.00
chr12	57599340	57599460	120	120	256.00	364.00	319.41	330.00	38329.00
chr11	64417919	64418110	191	191	442.00	614.00	537.27	541.00	102619.00
chr19	3274926	3275650	724	724	0.00	49.00	15.46	13.00	11193.00
chr16	18532086	18532305	219	219	405.00	764.00	571.93	564.00	125253.00
chr17	3776702	3776756	54	54	282.00	392.00	317.78	301.50	17160.00
chr1	116932670	116933033	363	363	2.00	1363.00	636.80	1037.00	231160.00
chr16	1505731	1505796	65	65	246.00	302.00	277.11	278.00	18012.00
chr1	9794029	9794200	171	171	1435.00	1901.00	1624.33	1629.00	277761.00
chr10	73579221	73579379	158	158	5038.00	7369.00	5954.86	6010.00	940868.00
chr11	6411684	6412146	462	462	136.00	344.00	232.17	228.00	107262.00
chr1	159163212	159163350	138	138	686.00	1128.00	825.71	823.00	113948.00
chr16	1816723	1816804	81	81	707.00	1020.00	881.28	898.00	71384.00
chr7	91722399	91722630	231	231	32.00	229.00	128.23	121.00	29622.00
chr7	44281816	44281939	123	123	892.00	1129.00	1006.62	1002.00	123814.00
chr2	220467189	220467297	108	108	17.00	72.00	40.07	39.50	4328.00
chr16	4494664	4494729	65	65	336.00	442.00	372.26	369.00	24197.00
chr15	34681844	34681986	142	142	1.00	354.00	239.98	255.00	34077.00
chr9	139995935	139996124	189	189	142.00	276.00	209.06	210.00	39512.00
chr3	180324040	180324160	120	120	127.00	227.00	181.03	174.00	21724.00
chr3	42678359	42681242	2883	2883	61.00	352.00	202.45	201.00	583658.00
chr7	131812776	131815333	2557	2557	0.00	146.00	33.20	21.00	84880.00
chr20	1585387	1585522	135	135	16.00	440.00	271.53	301.00	36656.00
chr3	126751229	126751442	213	213	179.00	307.00	234.87	230.00	50027.00
chr15	63920875	63921014	139	139	264.00	404.00	329.03	321.00	45735.00
chr16	2040128	2040202	74	74	91.00	121.00	106.09	110.00	7851.00
chr9	74324174	74324390	216	216	27.00	62.00	45.65	45.00	9860.00
chr20	44521858	44521950	92	92	475.00	608.00	538.67	536.00	49558.00
chr9	139911647	139911798	151	151	1468.00	1811.00	1640.48	1636.00	247713.00
chr9	140055507	140055649	142	142	396.00	798.00	608.39	641.50	86392.00
chr12	120148055	120148191	136	136	60.00	143.00	91.36	92.00	12425.00
chr12	50474280	50474372	92	92	295.00	364.00	333.14	332.50	30649.00
chr15	63125702	63125828	126	126	187.00	277.00	219.29	219.00	27631.00
chr9	20907148	20907241	93	93	70.00	117.00	92.60	90.00	8612.00
chr16	87874655	87874761	106	106	235.00	342.00	286.22	277.00	30339.00
chr2	162833269	162833460	191	191	0.00	715.00	392.35	573.00	74939.00
chr8	11704560	11704677	117	117	994.00	1523.00	1229.38	1219.00	143837.00
chr15	63926931	63927087	156	156	201.00	330.00	265.10	260.00	41355.00
chr6	31668718	31668805	87	87	203.00	398.00	288.44	295.00	25094.00
chr7	148910792	148910906	114	114	42.00	108.00	88.74	96.00	10116.00
chr14	42355808	42357213	1405	1405	4.00	145.00	66.67	54.00	93677.00
chr10	88678928	88679226	298	298	96.00	203.00	141.71	143.00	42230.00
chr3	140998219	140998346	127	127	67.00	160.00	111.76	117.00	14194.00
chr1	144859758	144859998	240	240	155.00	294.00	235.07	247.50	56416.00
chr9	96054772	96055455	683	683	111.00	283.00	219.37	227.00	149827.00
chr19	7604803	7604944	141	141	131.00	220.00	173.06	167.00	24402.00
chr12	30906277	30907432	1155	1155	0.00	64.00	27.21	26.00	31427.00
chr9	131112762	131112854	92	92	134.00	255.00	205.86	219.00	18939.00
chr20	61981328	61982379	1051	1051	32.00	159.00	83.04	82.00	87277.00
chr7	38431348	38431618	270	270	143.00	352.00	209.98	185.00	56694.00
chr20	44521036	44521123	87	87	323.00	438.00	382.59	380.00	33285.00
chr11	64418726	64419108	382	382	298.00	600.00	454.59	447.00	173654.00
chr12	120148344	120150270	1926	1926	0.00	220.00	26.46	9.00	50956.00
chr12	6930971	6931066	95	95	11.00	841.00	423.94	435.00	40274.00
chr16	2339434	2339621	187	187	147.00	236.00	196.20	197.00	36690.00
chr2	27700083	27700187	104	104	8.00	42.00	27.54	25.00	2864.00
chr14	69805367	69805494	127	127	88.00	168.00	125.98	127.00	15999.00
chr12	9242497	9242619	122	122	369.00	501.00	451.50	448.00	55083.00
chr3	58256658	58256791	133	133	246.00	471.00	362.44	341.00	48204.00
chr10	79744927	79745098	171	171	45.00	109.00	75.49	70.00	12908.00
chr1	159161725	159161866	141	141	339.00	522.00	453.52	465.00	63946.00
chr16	31085202	31085519	317	317	8.00	64.00	24.84	18.00	7875.00
chr1	171755018	171755218	200	200	84.00	165.00	126.77	129.00	25353.00
chr9	130988124	130989280	1156	1156	0.00	1028.00	104.31	13.00	120579.00
chr15	63127935	63127998	63	63	226.00	316.00	266.70	256.00	16802.00
chr19	1917676	1917821	145	145	9.00	704.00	555.82	620.00	80594.00
chr22	25315792	25315960	168	168	65.00	175.00	112.48	116.50	18897.00
chr2	207943790	207945085	1295	1295	38.00	227.00	123.35	120.00	159737.00
chr11	47330706	47330952	246	246	10.00	596.00	250.15	28.00	61536.00
chr3	142743978	142746095	2117	2117	2.00	358.00	51.70	37.00	109450.00
chr7	44839492	44839694	202	202	9.00	49.00	28.94	29.50	5845.00
chr22	31688260	31688471	211	211	30.00	541.00	312.42	354.00	65920.00
chr11	66333492	66333638	146	146	1011.00	1333.00	1211.84	1218.50	176929.00
chr9	131114916	131115026	110	110	202.00	316.00	269.80	270.50	29678.00
chr1	20206	21013	807	807	0.00	140.00	31.00	10.00	25016.00
chr11	108216469	108216635	166	166	71.00	179.00	121.10	123.00	20103.00
chr1	209778880	209779019	139	139	113.00	184.00	154.13	158.00	21424.00
chr1	202935876	202936026	150	150	259.00	454.00	379.91	386.00	56986.00
chr12	57600255	57600524	269	269	295.00	575.00	381.83	366.00	102712.00
chr19	15233503	15233615	112	112	297.00	549.00	405.80	383.50	45450.00
chr8	68115317	68115486	169	169	195.00	374.00	308.25	307.00	52094.00
chr19	13419229	13419342	113	113	4.00	10.00	7.02	8.00	793.00
chr6	33266815	33267130	315	315	6.00	82.00	39.77	37.00	12527.00
chr16	89780611	89781646	1035	1035	0.00	41.00	15.84	14.00	16396.00
chr12	109964162	109964221	59	59	85.00	131.00	103.93	101.00	6132.00
chr22	24491893	24492045	152	152	31.00	119.00	53.57	45.00	8143.00
chr2	242592926	242593025	99	99	226.00	385.00	312.92	296.00	30979.00
chr1	21937944	21938074	130	130	443.00	686.00	586.52	610.50	76248.00
chr2	223789173	223789313	140	140	235.00	399.00	321.08	323.50	44951.00
chr20	3772318	3772535	217	217	0.00	18.00	2.82	0.00	612.00
chr16	18531918	18532001	83	83	438.00	674.00	559.41	575.00	46431.00
chr1	43396296	43396537	241	241	503.00	759.00	596.54	595.00	143767.00
chr2	100037960	100038115	155	155	84.00	180.00	132.79	140.00	20583.00
chr16	1500497	1500770	273	273	10.00	585.00	280.84	344.00	76669.00
chr19	40876016	40876144	128	128	2178.00	2716.00	2426.29	2444.00	310565.00
chr5	168112691	168112932	241	241	55.00	162.00	105.24	105.00	25362.00
chr2	127825738	127825831	93	93	656.00	814.00	728.77	726.00	67776.00
chr1	19232015	19234990	2975	2975	18.00	228.00	105.34	100.00	313386.00
chr16	1391129	1391196	67	67	144.00	214.00	173.39	173.00	11617.00
chr6	33410665	33411689	1024	1024	14.00	575.00	300.61	322.50	307824.00
chr9	95872033	95872266	233	233	7.00	48.00	24.67	27.00	5748.00
chr1	53378627	53378839	212	212	13.00	42.00	28.67	27.50	6077.00
chr2	80531276	80531693	417	417	28.00	90.00	66.65	66.00	27793.00
chr7	44286718	44286791	73	73	544.00	771.00	648.92	645.00	47371.00
chr7	157369304	157369471	167	167	742.00	1106.00	939.11	960.00	156832.00
chr11	18755079	18755191	112	112	0.00	558.00	355.25	491.00	39788.00
chr6	86237979	86238080	101	101	416.00	523.00	463.69	462.00	46833.00
chr8	145000951	145001050	99	99	95.00	149.00	121.95	119.00	12073.00
chr19	45167680	45167966	286	286	9.00	49.00	30.53	31.00	8731.00
chr10	48930165	48930400	235	235	0.00	37.00	19.66	16.00	4621.00
chr16	87871450	87871547	97	97	323.00	588.00	469.22	501.00	45514.00
chr1	109815454	109815649	195	195	643.00	1066.00	794.94	779.00	155014.00
chr1	208215442	208215711	269	269	24.00	78.00	44.67	43.00	12016.00
chr2	260866	261451	585	585	0.00	70.00	23.31	18.00	13639.00
chr5	180481266	180481724	458	458	0.00	43.00	13.74	11.00	6291.00
chr7	73119479	73119631	152	152	0.00	1159.00	481.97	14.00	73259.00
chr15	34677248	34677358	110	110	322.00	460.00	387.86	384.00	42665.00
chr16	57687114	57687247	133	133	333.00	488.00	417.47	421.00	55523.00
chr15	50649406	50649592	186	186	7.00	41.00	22.92	22.00	4264.00
chr22	21071995	21072066	71	71	1226.00	1486.00	1330.56	1310.00	94470.00
chr5	179200882	179201561	679	679	5.00	131.00	88.75	88.00	60262.00
chr10	98763824	98763979	155	155	185.00	322.00	248.03	239.00	38444.00
chr14	102963315	102963457	142	142	258.00	373.00	302.06	291.50	42892.00
chr1	21932558	21933138	580	580	0.00	1192.00	253.05	11.00	146770.00
chr16	28118842	28118998	156	156	566.00	712.00	651.01	655.00	101557.00
chr1	241767561	241767881	320	320	16.00	46.00	29.70	29.00	9504.00
chr11	66812063	66812184	121	121	53.00	255.00	159.15	153.00	19257.00
chr11	12248571	12248678	107	107	438.00	656.00	541.53	529.00	57944.00
chr9	130588788	130588951	163	163	159.00	290.00	234.76	243.00	38266.00
chr22	21068915	21068988	73	73	1078.00	1463.00	1300.90	1303.00	94966.00
chr1	43424304	43424531	227	227	14.00	729.00	491.12	599.00	111485.00
chr14	105852021	105853670	1649	1649	59.00	341.00	126.09	120.00	207930.00
chr15	34823469	34823579	110	110	357.00	482.00	423.75	427.50	46612.00
chr11	171365	172282	917	917	0.00	71.00	19.13	10.00	17544.00
chr22	24493976	24494155	179	179	111.00	194.00	157.51	159.00	28195.00
chr15	79291060	79291167	107	107	397.00	481.00	442.02	446.00	47296.00
chr16	2145904	2146194	290	290	0.00	19.00	3.63	0.00	1054.00
chr9	131503050	131503166	116	116	591.00	851.00	714.55	677.00	82888.00
chr11	61301983	61302579	596	596	0.00	11.00	3.86	4.00	2302.00
chr22	25308609	25308719	110	110	54.00	98.00	71.96	71.00	7916.00
chr12	63977826	63979986	2160	2160	0.00	73.00	21.95	18.00	47406.00
chr19	46928844	46930933	2089	2089	14.00	447.00	181.57	174.00	379308.00
chr16	56969146	56969224	78	78	355.00	403.00	379.56	381.00	29606.00
chr17	40665787	40665996	209	209	7.00	1439.00	718.22	1059.00	150109.00
chr9	131669435	131671600	2165	2165	85.00	916.00	350.63	318.00	759114.00
chr2	220164026	220164271	245	245	8.00	636.00	198.33	16.00	48590.00
chr19	7589846	7590052	206	206	85.00	134.00	108.84	108.00	22422.00
chr6	91260186	91260268	82	82	159.00	204.00	177.88	176.00	14586.00
chr9	124543742	124543830	88	88	324.00	481.00	412.89	419.00	36334.00
chr12	54071005	54071170	165	165	10.00	102.00	68.30	61.00	11269.00
chr2	40443	41212	769	769	2.00	59.00	26.84	25.00	20642.00
chr11	67852159	67852747	588	588	0.00	21.00	8.38	9.00	4925.00
chr8	8233762	8234810	1048	1048	1.00	74.00	26.28	18.00	27540.00
chr2	175671113	175672148	1035	1035	0.00	16.00	3.14	2.00	3246.00
chr7	138984922	138985438	516	516	0.00	36.00	15.75	14.00	8128.00
chr22	40816850	40817104	254	254	107.00	238.00	160.78	144.00	40838.00
chr19	14263120	14263249	129	129	731.00	1002.00	894.02	919.00	115329.00
chr19	16962222	16962345	123	123	121.00	193.00	166.66	172.00	20499.00
chr1	109813838	109813918	80	80	489.00	585.00	534.61	538.00	42769.00
chr3	49898148	49898562	414	414	0.00	971.00	417.93	649.00	173025.00
chr17	17131202	17131510	308	308	3.00	137.00	105.59	118.00	32522.00
chr1	21936067	21936139	72	72	291.00	435.00	360.94	353.00	25988.00
chr3	130424404	130424615	211	211	82.00	166.00	117.86	116.00	24869.00
chr12	56532710	56532797	87	87	129.00	244.00	179.06	179.00	15578.00
chr16	29888591	29888788	197	197	570.00	839.00	720.11	725.00	141862.00
chr2	114394588	114396196	1608	1608	8.00	122.00	59.80	54.00	96158.00
chr3	124180736	124180803	67	67	217.00	268.00	239.84	241.00	16069.00
chr9	111798485	111798660	175	175	99.00	163.00	143.10	147.00	25042.00
chr10	73847897	73848372	475	475	37.00	858.00	432.42	494.00	205398.00
chr22	21075585	21075706	121	121	573.00	821.00	695.60	690.00	84168.00
chr22	20920753	20921104	351	351	90.00	329.00	208.22	231.00	73084.00
chr9	140953020	140953185	165	165	12.00	52.00	31.82	28.00	5250.00
chr22	41620970	41621075	105	105	116.00	217.00	149.50	138.00	15698.00
chr11	6243671	6243839	168	168	79.00	206.00	162.32	162.50	27270.00
chr15	74704225	74704353	128	128	329.00	543.00	453.59	481.00	58059.00
chr3	48719780	48719985	205	205	69.00	210.00	132.69	131.00	27201.00
chr1	222833247	222833348	101	101	181.00	306.00	226.77	207.00	22904.00
chr1	6583675	6584824	1149	1149	24.00	103.00	63.83	63.00	73344.00
chr11	126135857	126135976	119	119	172.00	306.00	240.24	230.00	28588.00
chr8	75156763	75157410	647	647	24.00	85.00	51.67	52.00	33430.00
chr15	83345212	83345389	177	177	166.00	272.00	214.85	217.00	38029.00
chr14	68031638	68032561	923	923	30.00	179.00	100.21	105.00	92493.00
chr19	42479780	42479949	169	169	2649.00	4075.00	3305.73	3217.00	558669.00
chr16	31503329	31503407	78	78	426.00	559.00	480.05	475.00	37444.00
chr17	1564564	1564700	136	136	187.00	303.00	248.38	252.00	33780.00
chr16	58717858	58718082	224	224	8.00	47.00	26.93	30.00	6033.00
chr14	71575320	71575763	443	443	122.00	294.00	198.81	178.00	88072.00
chr1	202934498	202934628	130	130	277.00	403.00	325.38	313.50	42300.00
chr7	73118477	73118586	109	109	691.00	910.00	820.50	841.00	89435.00
chr19	13365908	13366073	165	165	29.00	91.00	57.59	50.00	9502.00
chr10	102265117	102265958	841	841	0.00	83.00	48.43	49.00	40726.00
chr9	139983320	139983457	137	137	112.00	265.00	191.51	181.00	26237.00
chr18	29206245	29206347	102	102	27.00	112.00	66.57	58.00	6790.00
chr12	120578662	120578827	165	165	100.00	193.00	147.64	152.00	24361.00
chr5	757516	758226	710	710	1.00	41.00	16.12	17.00	11445.00
chr8	21632483	21632567	84	84	7.00	43.00	27.87	29.00	2341.00
chr4	54011499	54011749	250	250	54.00	142.00	95.10	85.50	23774.00
chr8	141680613	141681365	752	752	53.00	455.00	240.12	246.00	180567.00
chr11	57367351	57367850	499	499	139.00	315.00	239.69	245.00	119604.00
chr12	63980009	63980784	775	775	0.00	41.00	7.88	5.00	6104.00
chr9	140057042	140057203	161	161	0.00	2267.00	1831.68	1946.00	294901.00
chr2	7055953	7056098	145	145	12.00	28.00	19.50	17.00	2827.00
chr12	52387768	52389043	1275	1275	8.00	310.00	179.16	181.00	228423.00
chr19	50104931	50105175	244	244	104.00	324.00	175.64	163.50	42856.00
chr19	5218430	5218543	113	113	351.00	597.00	517.04	532.00	58425.00
chr16	29898969	29899138	169	169	218.00	311.00	257.52	252.00	43521.00
chr7	99030900	99031041	141	141	15.00	44.00	29.27	29.00	4127.00
chr17	36692926	36693212	286	286	9.00	39.00	24.53	26.00	7015.00
chr15	73857770	73859335	1565	1565	0.00	127.00	41.16	26.00	64410.00
chr6	44104085	44104176	91	91	96.00	163.00	127.15	123.00	11571.00
chr1	21938518	21938602	84	84	507.00	724.00	594.90	601.00	49972.00
chr19	13423482	13423595	113	113	6.00	18.00	13.86	12.00	1566.00
chr16	70292882	70293089	207	207	1086.00	1954.00	1532.65	1487.00	317259.00
chr18	61060641	61060782	141	141	278.00	398.00	352.28	365.00	49672.00
chr16	22269814	22270016	202	202	24.00	66.00	46.68	47.00	9430.00
chr1	21554423	21554534	111	111	117.00	322.00	188.06	151.00	20875.00
chr9	140057255	140057455	200	200	0.00	2781.00	1757.16	2135.00	351433.00
chr7	1488255	1488397	142	142	74.00	185.00	145.64	158.50	20681.00
chr14	100166351	100166438	87	87	660.00	855.00	767.07	761.00	66735.00
chr9	101065522	101065705	183	183	217.00	416.00	320.68	341.00	58684.00
chr5	68411752	68412041	289	289	59.00	160.00	108.76	106.00	31432.00
chr1	2452539	2452754	215	215	74.00	132.00	106.49	105.00	22895.00
chr1	21564626	21564737	111	111	107.00	166.00	137.59	138.00	15273.00
chr13	42037713	42039066	1353	1353	17.00	143.00	61.59	58.00	83335.00
chr2	114350236	114350443	207	207	0.00	16.00	6.60	3.00	1367.00
chr1	21939668	21939722	54	54	524.00	648.00	583.06	582.00	31485.00
chr9	139353895	139354007	112	112	64.00	96.00	81.04	80.00	9076.00
chr7	102176367	102176618	251	251	37.00	106.00	68.05	67.00	17081.00
chr3	51411753	51412018	265	265	12.00	294.00	116.77	22.00	30943.00
chr17	73888091	73888266	175	175	41.00	99.00	68.55	70.00	11996.00
chr13	103297258	103297435	177	177	0.00	142.00	62.96	74.00	11144.00
chr15	63922664	63922834	170	170	176.00	390.00	267.81	273.00	45528.00
chr3	33400774	33400849	75	75	64.00	89.00	80.73	84.00	6055.00
chr22	50671744	50671955	211	211	85.00	159.00	131.65	135.00	27779.00
chr1	21190968	21191205	237	237	312.00	545.00	422.66	435.00	100171.00
chr5	14481649	14481727	78	78	149.00	255.00	183.68	181.00	14327.00
chr15	101605556	101606410	854	854	0.00	51.00	19.00	18.00	16229.00
chr17	80040402	80040554	152	152	827.00	1100.00	969.94	970.50	147431.00
chr2	132269293	132270897	1604	1604	5.00	131.00	65.55	68.00	105144.00
chr11	1778553	1778786	233	233	2690.00	3795.00	3187.22	3122.00	742623.00
chr11	1469616	1469808	192	192	3.00	37.00	17.47	15.00	3354.00
chr12	120138549	120138630	81	81	138.00	181.00	161.23	162.00	13060.00
chr7	901016	901101	85	85	418.00	624.00	504.73	506.00	42902.00
chr19	13372263	13372424	161	161	36.00	85.00	63.75	61.00	10263.00
chr17	40843154	40843311	157	157	120.00	215.00	169.59	166.00	26626.00
chr17	80039476	80039719	243	243	398.00	658.00	524.83	522.00	127533.00
chr17	16681109	16687365	6256	6256	7.00	273.00	91.60	83.00	573030.00
chr1	116935475	116935610	135	135	1371.00	1678.00	1524.51	1517.00	205809.00
chr6	128294808	128294972	164	164	246.00	344.00	295.70	296.00	48494.00
chr5	109189927	109190617	690	690	5.00	200.00	82.30	75.50	56785.00
chr15	40757533	40757634	101	101	65.00	138.00	110.18	114.00	11128.00
chr2	220164706	220164981	275	275	349.00	738.00	527.57	536.00	145081.00
chr3	164905164	164908639	3475	3475	1.00	323.00	70.41	40.00	244680.00
chr11	60699157	60699356	199	199	116.00	476.00	407.74	416.00	81141.00
chr2	96680301	96680717	416	416	24.00	89.00	57.30	59.00	23837.00
chr17	40845314	40845554	240	240	164.00	327.00	216.39	217.00	51934.00
chr12	125264513	125265391	878	878	32.00	158.00	88.33	88.00	77557.00
chr1	156623704	156624158	454	454	0.00	58.00	25.54	24.00	11595.00
chr6	108370456	108370622	166	166	190.00	472.00	289.05	246.00	47983.00
chr11	19180486	19180587	101	101	69.00	113.00	85.04	81.00	8589.00
chr19	42489069	42489338	269	269	294.00	771.00	535.57	571.00	144068.00
chr2	198274493	198274731	238	238	375.00	538.00	439.75	426.50	104661.00
chr6	47220991	47221257	266	266	300.00	731.00	526.09	549.50	139940.00
chr19	40872679	40872822	143	143	1343.00	1759.00	1519.20	1494.00	217245.00
chr19	54693278	54693627	349	349	0.00	224.00	106.63	87.00	37213.00
chr12	81929	82174	245	245	3.00	26.00	15.36	14.00	3764.00
chr21	45513943	45514114	171	171	296.00	477.00	391.77	402.00	66992.00
chr3	124201630	124201747	117	117	0.00	419.00	270.46	318.00	31644.00
chr17	79805118	79805223	105	105	934.00	1197.00	1015.72	999.00	106651.00
chr20	46307419	46307548	129	129	212.00	306.00	266.11	266.00	34328.00
chr17	38187790	38187873	83	83	165.00	270.00	222.64	217.00	18479.00
chr2	207452814	207452878	64	64	206.00	254.00	231.28	231.00	14802.00
chr17	45695715	45695823	108	108	435.00	669.00	556.19	544.50	60069.00
chr7	44283023	44283126	103	103	731.00	976.00	842.59	826.00	86787.00
chr20	62274975	62275284	309	309	0.00	3902.00	1991.49	3265.00	615369.00
chr11	108202605	108202764	159	159	102.00	172.00	139.58	145.00	22194.00
chr9	140051314	140051489	175	175	378.00	671.00	500.09	489.00	87516.00
chr22	45574118	45574781	663	663	37.00	152.00	97.73	102.00	64796.00
chr15	79312382	79312446	64	64	114.00	145.00	131.17	131.00	8395.00
chr1	21940120	21940199	79	79	515.00	674.00	594.29	601.00	46949.00
chr17	3775847	3775921	74	74	232.00	337.00	293.57	312.00	21724.00
chr7	73133931	73134019	88	88	3.00	574.00	199.18	159.00	17528.00
chr11	72292920	72292991	71	71	669.00	799.00	727.62	731.00	51661.00
chr7	43547616	43547730	114	114	13.00	31.00	25.08	27.00	2859.00
chr16	58713760	58714145	385	385	13.00	70.00	37.57	36.00	14464.00
chr22	21083600	21083794	194	194	426.00	818.00	622.29	640.00	120725.00
chr11	66457275	66457414	139	139	686.00	1084.00	874.56	864.00	121564.00
chr15	91561034	91561115	81	81	34.00	62.00	49.10	50.00	3977.00
chr11	2968525	2969001	476	476	17.00	101.00	54.47	52.00	25929.00
chr19	34869838	34869910	72	72	1631.00	2061.00	1775.40	1746.00	127829.00
chr9	121970996	121971219	223	223	381.00	543.00	453.23	453.00	101071.00
chr3	47449772	47449980	208	208	19.00	168.00	109.10	138.50	22692.00
chr12	57601820	57601999	179	179	463.00	845.00	634.05	608.00	113495.00
chr16	2345590	2345741	151	151	205.00	361.00	298.67	302.00	45099.00
chr12	50471782	50471910	128	128	253.00	333.00	295.87	298.00	37871.00
chr1	109814221	109814344	123	123	767.00	1212.00	1024.22	1033.00	125979.00
chr19	16942304	16942458	154	154	82.00	227.00	158.46	168.50	24403.00
chr11	66333301	66333398	97	97	1169.00	1618.00	1322.08	1300.00	128242.00
chr5	74026084	74026223	139	139	176.00	254.00	223.16	228.00	31019.00
chr5	68417520	68417722	202	202	139.00	229.00	180.92	180.00	36546.00
chr19	15272262	15272525	263	263	251.00	566.00	352.08	356.00	92597.00
chr3	45872404	45872482	78	78	136.00	182.00	159.67	159.00	12454.00
chr7	73123374	73123452	78	78	576.00	1013.00	823.62	843.50	64242.00
chr5	14498197	14498360	163	163	163.00	229.00	201.31	201.00	32814.00
chr14	93180167	93180230	63	63	210.00	259.00	238.46	244.00	15023.00
chr9	130984739	130984875	136	136	1150.00	1637.00	1415.96	1425.50	192571.00
chr13	31216764	31216894	130	130	45.00	128.00	81.35	78.00	10575.00
chr12	112614399	112614506	107	107	116.00	350.00	304.39	312.00	32570.00
chr12	57602865	57602982	117	117	566.00	892.00	736.99	728.00	86228.00
chr14	72976861	72976987	126	126	37.00	92.00	69.75	71.00	8789.00
chr1	155209406	155209553	147	147	171.00	402.00	268.01	252.00	39398.00
chr10	49633930	49634113	183	183	57.00	286.00	164.36	170.00	30077.00
chr16	84100093	84100218	125	125	365.00	483.00	430.22	439.00	53778.00
chr1	155207924	155208097	173	173	302.00	387.00	342.49	343.00	59250.00
chr12	2786898	2787033	135	135	4.00	22.00	17.26	17.00	2330.00
chr2	233755457	233756197	740	740	0.00	427.00	68.27	8.00	50523.00
chr14	60631894	60632099	205	205	40.00	352.00	161.02	153.00	33009.00
chr1	11151549	11151654	105	105	111.00	173.00	155.25	157.00	16301.00
chr4	134076071	134076178	107	107	516.00	629.00	559.25	556.00	59840.00
chr15	91420364	91420441	77	77	106.00	212.00	153.38	147.00	11810.00
chr5	114961533	114961755	222	222	31.00	320.00	178.21	189.00	39563.00
chr16	1814047	1814211	164	164	19.00	753.00	350.25	510.50	57441.00
chr18	44250463	44252581	2118	2118	8.00	148.00	62.99	59.00	133412.00
chr6	158049380	158049518	138	138	243.00	522.00	412.82	425.50	56969.00
chr19	7675585	7675679	94	94	38.00	56.00	47.16	46.00	4433.00
chr13	99461604	99461719	115	115	30.00	690.00	585.38	596.00	67319.00
chr11	130010829	130011467	638	638	5.00	2544.00	279.71	28.00	178455.00
chr11	107526658	107526792	134	134	270.00	438.00	357.70	351.50	47932.00
chr16	1391294	1391490	196	196	124.00	188.00	155.67	155.00	30512.00
chr1	38182716	38184158	1442	1442	6.00	212.00	115.69	111.00	166821.00
chr5	179231023	179231323	300	300	1.00	28.00	13.47	11.00	4041.00
chr14	69814593	69814719	126	126	241.00	349.00	305.79	308.00	38529.00
chr14	69349174	69349309	135	135	329.00	453.00	394.90	391.00	53312.00
chr19	7614792	7614998	206	206	245.00	400.00	331.46	326.00	68281.00
chr1	228270375	228270466	91	91	36.00	1533.00	535.09	286.00	48693.00
chr1	38186022	38186315	293	293	0.00	75.00	31.09	35.00	9110.00
chr13	77641715	77641999	284	284	229.00	342.00	284.62	287.00	80833.00
chr14	100157417	100157498	81	81	455.00	674.00	553.06	535.00	44798.00
chr13	32978280	32979333	1053	1053	10.00	133.00	51.28	43.00	53993.00
chr12	7301567	7301794	227	227	432.00	677.00	557.41	537.00	126531.00
chr9	123583116	123583257	141	141	112.00	185.00	145.69	147.00	20542.00
chr17	26883183	26883284	101	101	127.00	171.00	148.09	149.00	14957.00
chr12	6972993	6973137	144	144	666.00	879.00	763.73	756.00	109977.00
chr20	34322310	34322637	327	327	0.00	59.00	24.33	31.00	7957.00
chr19	7606407	7606570	163	163	144.00	294.00	192.84	187.00	31433.00
chr16	2333186	2333373	187	187	1.00	901.00	641.74	754.00	120005.00
chr12	113825548	113825711	163	163	258.00	481.00	379.05	378.00	61785.00
chr7	4802013	4807749	5736	5736	7.00	187.00	60.78	50.00	348617.00
chr1	43394880	43394985	105	105	811.00	1093.00	966.45	1007.00	101477.00
chr19	4554399	4554488	89	89	885.00	1121.00	1017.37	1008.00	90546.00
chr16	31719139	31719372	233	233	4.00	26.00	14.24	13.00	3319.00
chr5	134060669	134061744	1075	1075	24.00	238.00	102.71	104.00	110409.00
chr1	202936318	202936371	53	53	32.00	254.00	159.83	227.00	8471.00
chr2	220087366	220087615	249	249	286.00	513.00	422.60	421.00	105227.00
chr2	36764494	36764689	195	195	203.00	365.00	293.46	306.00	57225.00
chr7	43519208	43519343	135	135	7.00	19.00	10.41	8.00	1406.00
chr10	51249585	51249993	408	408	0.00	6.00	3.13	4.00	1279.00
chr6	32123647	32123755	108	108	172.00	290.00	241.73	244.00	26107.00
chr3	118624442	118624692	250	250	6.00	242.00	102.52	24.00	25630.00
chr1	190129797	190130020	223	223	62.00	127.00	89.21	87.00	19894.00
chr9	131004491	131004624	133	133	24.00	2871.00	2223.19	2555.00	295684.00
chr22	33679187	33679334	147	147	170.00	333.00	261.31	277.00	38413.00
chr15	74709931	74710016	85	85	177.00	254.00	221.59	228.00	18835.00
chr7	6470110	6470238	128	128	34.00	90.00	66.91	75.00	8564.00
chr1	6640600	6641359	759	759	29.00	104.00	62.54	60.00	47470.00
chr16	31510622	31510728	106	106	235.00	324.00	282.55	285.00	29950.00
chr4	103710287	103711803	1516	1516	0.00	66.00	22.02	21.00	33385.00
chr19	2862339	2862746	407	407	17.00	57.00	36.39	39.00	14809.00
chr2	15467873	15467994	121	121	62.00	140.00	104.78	104.00	12678.00
chr2	36780721	36781492	771	771	10.00	155.00	49.40	48.00	38088.00
chr10	81070680	81070941	261	261	97.00	208.00	148.75	140.00	38823.00
chr2	217234866	217235986	1120	1120	10.00	147.00	65.13	60.00	72946.00
chr10	93786348	93786508	160	160	182.00	298.00	222.26	213.00	35562.00
chr17	20268785	20269076	291	291	6.00	81.00	48.69	52.00	14170.00
chr9	131002006	131002062	56	56	0.00	2118.00	1866.80	2000.00	104541.00
chr1	155208307	155208441	134	134	339.00	494.00	412.76	419.00	55310.00
chr2	162833877	162834373	496	496	0.00	386.00	35.05	6.00	17387.00
chr9	35799614	35799728	114	114	13.00	44.00	30.25	29.00	3448.00
chr20	62517856	62519234	1378	1378	42.00	311.00	164.35	162.00	226474.00
chr22	35942847	35943127	280	280	73.00	242.00	181.70	186.00	50877.00
chr13	26436438	26436546	108	108	44.00	79.00	58.30	58.00	6296.00
chr14	69371371	69371453	82	82	234.00	325.00	264.99	265.50	21729.00
chr7	44031274	44031581	307	307	2.00	8.00	5.07	6.00	1556.00
chr11	12274988	12275291	303	303	0.00	30.00	13.13	13.00	3978.00
chr5	1334403	1334498	95	95	253.00	325.00	286.17	277.00	27186.00
chr19	34868639	34868786	147	147	1579.00	2158.00	1897.55	1922.00	278940.00
chr16	1815960	1816143	183	183	445.00	821.00	634.27	624.00	116072.00
chr10	73578787	73578868	81	81	5960.00	9046.00	7423.94	7323.00	601339.00
chr17	37420427	37420640	213	213	21.00	69.00	45.59	43.00	9711.00
chr5	60835422	60835586	164	164	84.00	158.00	117.27	107.00	19232.00
chr15	79296143	79296517	374	374	204.00	667.00	437.71	435.00	163703.00
chr19	13039568	13039661	93	93	430.00	547.00	492.44	493.00	45797.00
chr12	49421585	49421713	128	128	68.00	132.00	101.02	101.00	12931.00
chr1	1661057	1662583	1526	1526	64.00	794.00	347.96	365.00	530992.00
chr2	207457340	207457460	120	120	192.00	300.00	260.08	261.00	31210.00
chr11	64542462	64543441	979	979	19.00	103.00	55.04	54.00	53880.00
chr20	61910250	61910347	97	97	143.00	351.00	216.90	194.00	21039.00
chr11	62394042	62394156	114	114	627.00	757.00	676.67	671.50	77140.00
chr5	37301538	37301652	114	114	44.00	82.00	62.96	61.00	7178.00
chr16	4733843	4733933	90	90	298.00	566.00	462.98	478.00	41668.00
chr15	43693913	43694048	135	135	55.00	132.00	90.22	92.00	12180.00
chr11	18764538	18764622	84	84	178.00	279.00	227.89	227.00	19143.00
chr17	57842331	57842499	168	168	282.00	477.00	379.07	373.50	63684.00
chr9	96076729	96078064	1335	1335	0.00	64.00	16.16	14.00	21573.00
chr11	12246219	12246367	148	148	230.00	338.00	293.45	305.50	43430.00
chr12	7030743	7031565	822	822	4.00	3153.00	1110.90	39.00	913159.00
chr3	14523178	14523349	171	171	65.00	138.00	103.13	102.00	17635.00
chr5	758508	759483	975	975	0.00	23.00	8.97	8.00	8747.00
chr12	22635490	22635677	187	187	51.00	143.00	89.11	81.00	16664.00
chr5	14479369	14479459	90	90	117.00	214.00	168.59	159.00	15173.00
chr6	143655214	143656079	865	865	0.00	64.00	27.76	29.00	24011.00
chr7	75508360	75508578	218	218	210.00	2067.00	1352.67	1532.50	294883.00
chr11	60697981	60698131	150	150	113.00	380.00	226.63	196.00	33994.00
chr1	151400598	151400889	291	291	134.00	325.00	253.84	254.00	73867.00
chr5	172196431	172197309	878	878	60.00	2622.00	832.31	169.00	730768.00
chr3	49152660	49152794	134	134	77.00	193.00	152.76	160.00	20470.00
chr7	5518281	5519950	1669	1669	4.00	139.00	72.42	73.00	120877.00
chr17	16691106	16691449	343	343	8.00	293.00	147.44	195.00	50571.00
chr2	220086993	220087172	179	179	430.00	852.00	700.26	723.00	125347.00
chr10	51746916	51748006	1090	1090	1.00	112.00	38.43	35.00	41884.00
chr12	7302118	7302289	171	171	592.00	1185.00	855.38	851.00	146270.00
chr11	59562844	59562955	111	111	18.00	53.00	34.27	33.00	3804.00
chr12	6100984	6101184	200	200	98.00	213.00	148.29	143.50	29659.00
chr19	5683274	5683627	353	353	1.00	59.00	18.50	6.00	6529.00
chr12	2786259	2786387	128	128	26.00	83.00	54.74	58.00	7007.00
chr15	26812727	26812880	153	153	100.00	145.00	124.56	125.00	19058.00
chr1	149007980	149008798	818	818	0.00	57.00	19.44	18.00	15899.00
chr19	54965608	54965861	253	253	212.00	456.00	308.42	287.00	78029.00
chr8	27293259	27293310	51	51	363.00	508.00	446.76	452.00	22785.00
chr15	23014437	23014528	91	91	113.00	179.00	148.24	147.00	13490.00
chr1	111717500	111717585	85	85	130.00	232.00	194.69	199.00	16549.00
chr6	150157220	150157433	213	213	166.00	507.00	316.81	301.00	67481.00
chr13	114566547	114566670	123	123	49.00	190.00	135.65	143.00	16685.00
chr16	58539291	58539605	314	314	8.00	31.00	21.25	22.00	6673.00
chr1	21936612	21936768	156	156	375.00	736.00	587.51	620.00	91652.00
chr1	17322880	17322991	111	111	292.00	508.00	400.57	399.00	44463.00
chr11	60699455	60699599	144	144	350.00	608.00	450.50	426.00	64872.00
chr5	6749669	6749770	101	101	48.00	129.00	85.94	84.00	8680.00
chr16	2156805	2156949	144	144	130.00	275.00	198.08	171.00	28524.00
chr15	34690834	34690930	96	96	103.00	161.00	126.06	120.50	12102.00
chr3	11074933	11075425	492	492	18.00	1100.00	235.65	68.00	115942.00
chr5	74655222	74655381	159	159	65.00	218.00	130.80	133.00	20797.00
chr20	20022968	20023160	192	192	51.00	138.00	91.60	85.50	17587.00
chr2	39055481	39055578	97	97	36.00	69.00	47.04	45.00	4563.00
chr19	16793231	16793528	297	297	2.00	160.00	46.03	16.00	13671.00
chr2	219205450	219205509	59	59	120.00	145.00	130.86	129.00	7721.00
chr17	74087429	74087729	300	300	20.00	126.00	64.00	53.00	19199.00
chr3	184058150	184060036	1886	1886	1.00	1636.00	207.50	32.00	391342.00
chr6	90333128	90333263	135	135	58.00	132.00	104.38	109.00	14091.00
chr12	125267019	125267429	410	410	41.00	149.00	86.75	85.00	35568.00
chr1	207942580	207943104	524	524	56.00	313.00	188.46	192.00	98751.00
chr4	89356876	89357043	167	167	37.00	137.00	95.37	101.00	15926.00
chr7	101995498	101995736	238	238	10.00	51.00	25.98	22.00	6184.00
chr3	11067458	11067562	104	104	625.00	984.00	808.25	783.50	84058.00
chr5	95734582	95734740	158	158	17.00	39.00	27.56	31.00	4355.00
chr6	152529106	152529341	235	235	168.00	307.00	250.06	256.00	58764.00
chr5	102295578	102295763	185	185	200.00	413.00	329.87	358.00	61026.00
chr22	21072980	21073110	130	130	583.00	1328.00	880.29	803.00	114438.00
chr12	121855306	121855714	408	408	164.00	459.00	240.75	201.00	98227.00
chr1	160326389	160326544	155	155	628.00	782.00	708.34	711.00	109792.00
chr11	60670930	60671007	77	77	627.00	933.00	798.25	833.00	61465.00
chr17	79804822	79804948	126	126	752.00	1003.00	833.87	828.50	105067.00
chr16	18527204	18527332	128	128	932.00	1481.00	1294.72	1313.50	165724.00
chr16	16372518	16372646	128	128	914.00	1468.00	1281.08	1299.50	163978.00
chr2	32750530	32750695	165	165	108.00	225.00	158.61	153.00	26171.00
chr14	69369193	69369279	86	86	264.00	345.00	305.28	307.50	26254.00
chr7	66418212	66418356	144	144	384.00	556.00	483.24	484.00	69587.00
chr6	44107988	44108097	109	109	216.00	367.00	282.29	271.00	30770.00
chr7	70885893	70886091	198	198	325.00	625.00	472.98	441.00	93651.00
chr8	27295281	27295397	116	116	373.00	493.00	415.31	411.00	48176.00
chr7	73122918	73123018	100	100	876.00	1144.00	1051.28	1058.50	105128.00
chr15	34698874	34699071	197	197	0.00	181.00	49.74	11.00	9798.00
chr8	22009343	22009513	170	170	879.00	1463.00	1145.23	1138.50	194689.00
chr7	1526557	1526737	180	180	132.00	289.00	184.87	185.00	33276.00
chr5	178053946	178054065	119	119	20.00	89.00	44.27	41.00	5268.00
chr12	6103027	6103369	342	342	76.00	170.00	121.57	123.00	41578.00
chr2	3479491	3480482	991	991	7.00	87.00	31.09	29.00	30813.00
chr3	33883388	33883566	178	178	170.00	313.00	252.90	272.50	45017.00
chr19	11019778	11019883	105	105	136.00	326.00	206.93	175.00	21728.00
chr7	98446205	98446318	113	113	1589.00	2439.00	2020.73	2046.00	228342.00
chr8	106813274	106813932	658	658	6.00	44.00	22.47	23.00	14784.00
chr2	223795338	223795530	192	192	586.00	771.00	679.38	690.00	130440.00
chr7	75511146	75511554	408	408	1336.00	2364.00	1763.10	1733.50	719343.00
chr21	40184926	40185038	112	112	118.00	172.00	143.74	147.00	16099.00
chr19	53383575	53385236	1661	1661	4.00	80.00	29.37	27.00	48781.00
chr19	14208130	14208295	165	165	17.00	1331.00	804.03	1017.00	132665.00
chr15	91461013	91461618	605	605	68.00	1361.00	451.56	112.00	273192.00
chr8	145278010	145278133	123	123	31.00	69.00	43.03	42.00	5293.00
chr16	28132990	28133083	93	93	415.00	563.00	478.00	464.00	44454.00
chr11	125280091	125280221	130	130	65.00	123.00	98.44	102.00	12797.00
chr15	63128089	63128317	228	228	46.00	513.00	317.34	355.00	72354.00
chr9	131181435	131181557	122	122	29.00	1782.00	1598.22	1674.00	194983.00
chr19	3281196	3281343	147	147	271.00	386.00	314.54	306.00	46238.00
chr11	6240200	6240280	80	80	140.00	182.00	161.18	159.50	12894.00
chr20	31019123	31019287	164	164	55.00	111.00	83.98	81.00	13772.00
chr6	46825865	46827260	1395	1395	11.00	160.00	63.29	60.00	88283.00
chr12	1672006	1672666	660	660	3.00	67.00	24.14	18.00	15934.00
chr12	9098824	9099001	177	177	224.00	417.00	367.94	377.00	65125.00
chr7	121738503	121738630	127	127	63.00	124.00	93.25	95.00	11843.00
chr19	40875814	40875935	121	121	1976.00	2470.00	2226.97	2240.00	269463.00
chr20	3581592	3581671	79	79	161.00	227.00	190.08	190.00	15016.00
chr17	7226965	7227042	77	77	74.00	152.00	114.44	128.00	8812.00
chr2	74331800	74332809	1009	1009	30.00	114.00	65.63	55.00	66220.00
chr1	209785136	209785610	474	474	6.00	472.00	304.83	326.50	144489.00
chr9	35546426	35548532	2106	2106	66.00	555.00	252.59	244.00	531956.00
chr17	80040198	80040290	92	92	578.00	894.00	731.91	700.50	67336.00
chr11	73074791	73075284	493	493	2.00	193.00	65.75	32.00	32415.00
chr20	44674976	44675075	99	99	94.00	160.00	117.38	112.00	11621.00
chr20	5892091	5892328	237	237	37.00	500.00	258.78	286.00	61330.00
chr17	20316581	20317594	1013	1013	16.00	100.00	49.49	48.00	50134.00
chr12	99478702	99478801	99	99	97.00	137.00	116.98	116.00	11581.00
chr17	40842756	40842960	204	204	131.00	197.00	166.71	168.00	34008.00
chr11	107501142	107501288	146	146	38.00	154.00	74.95	58.00	10943.00
chr11	85429236	85429532	296	296	0.00	17.00	6.27	3.00	1855.00
chr20	9449217	9449319	102	102	72.00	115.00	89.09	86.00	9087.00
chr14	23371395	23371591	196	196	186.00	268.00	215.90	213.00	42317.00
chr7	716865	716957	92	92	1290.00	1731.00	1535.02	1538.50	141222.00
chr10	48862360	48862682	322	322	0.00	121.00	58.93	69.50	18976.00
chr10	68686678	68688210	1532	1532	4.00	204.00	66.62	64.00	102061.00
chr5	179674854	179674926	72	72	118.00	161.00	141.68	144.00	10201.00
chr1	209773327	209773456	129	129	75.00	151.00	115.88	116.00	14949.00
chr17	45691034	45691091	57	57	511.00	659.00	589.28	594.00	33589.00
chr1	19669871	19670118	247	247	20.00	67.00	47.49	50.00	11729.00
chr17	45664025	45664710	685	685	5.00	329.00	67.46	34.00	46208.00
chr19	2337634	2338840	1206	1206	10.00	268.00	65.47	58.00	78953.00
chr8	22011480	22011552	72	72	1011.00	1257.00	1159.19	1165.50	83462.00
