#chrom	start	end	size	num_data	min	max	mean	median	sum
chr12	1940100	1940691	591	591	118.00	253.00	178.75	181.00	105643.00
chr1	27480473	27481381	908	908	27.00	139.00	82.74	83.00	75124.00
chr15	63112684	63112809	125	125	472.00	638.00	561.64	563.00	70205.00
chr5	149231737	149232254	517	517	8.00	95.00	39.58	36.00	20462.00
chr5	140865429	140867182	1753	1753	3.00	139.00	61.05	58.00	107013.00
chr1	32209793	32209958	165	165	326.00	801.00	610.17	644.00	100678.00
chr16	87873307	87873431	124	124	429.00	671.00	562.26	568.00	69720.00
chr17	34157438	34158175	737	737	0.00	15.00	4.01	4.00	2954.00
chr2	127815619	127816088	469	469	21.00	149.00	84.27	83.00	39524.00
chr1	208212965	208213112	147	147	106.00	152.00	127.31	128.00	18715.00
chr22	19703883	19704666	783	783	2.00	69.00	30.67	28.00	24017.00
chr16	87872319	87872423	104	104	474.00	643.00	543.83	528.00	56558.00
chr9	140055740	140055868	128	128	1837.00	2641.00	2350.59	2403.50	300875.00
chr22	21096515	21096643	128	128	726.00	1005.00	853.66	852.00	109269.00
chr9	140056321	140056540	219	219	6.00	2986.00	1905.16	2385.00	417231.00
chr11	78379981	78380253	272	272	17.00	72.00	43.48	42.00	11827.00
chr3	11070420	11070533	113	113	776.00	1030.00	900.68	892.00	101777.00
chr1	109812554	109813222	668	668	11.00	1198.00	542.87	830.00	362636.00
chr2	220161954	220162155	201	201	1928.00	3338.00	2832.31	3020.00	569294.00
chr15	74706887	74707086	199	199	276.00	505.00	393.57	406.00	78320.00
chr17	7318829	7319426	597	597	400.00	756.00	575.52	570.00	343584.00
chr1	21560050	21560154	104	104	104.00	160.00	137.15	135.00	14264.00
chr1	25573799	25573952	153	153	31.00	742.00	432.97	527.00	66245.00
chr14	93198993	93199160	167	167	225.00	390.00	319.41	340.00	53341.00
chr1	205554003	205554119	116	116	649.00	786.00	722.30	717.50	83787.00
chr1	9795005	9795232	227	227	2351.00	4160.00	3268.02	3372.00	741840.00
chr17	42426525	42426670	145	145	108.00	311.00	225.72	250.00	32729.00
chr18	70205887	70206179	292	292	0.00	239.00	90.00	16.00	26279.00
chr1	205553082	205553251	169	169	712.00	1030.00	896.89	922.00	151574.00
chr9	140056623	140056766	143	143	15.00	2869.00	2036.90	2381.00	291277.00
chr6	33412147	33412394	247	247	0.00	1305.00	682.82	811.00	168657.00
chr12	89992366	89992547	181	181	0.00	2208.00	1629.40	1836.00	294921.00
chr2	220088827	220089576	749	749	231.00	537.00	371.30	347.00	278104.00
chr14	100763073	100765222	2149	2149	30.00	293.00	81.19	74.00	174488.00
chr1	110740697	110742543	1846	1846	0.00	2115.00	1083.45	1029.00	2000054.00
chr1	149878201	149879758	1557	1557	0.00	2126.00	535.29	22.00	833444.00
chr3	197264139	197265259	1120	1120	0.00	69.00	20.92	20.00	23433.00
chr8	56449623	56450530	907	907	6.00	103.00	48.61	46.00	44093.00
chr9	139354208	139354326	118	118	141.00	193.00	169.66	174.00	20020.00
chr1	32204908	32205236	328	328	1306.00	1752.00	1513.41	1505.50	496397.00
chr7	75608768	75608897	129	129	256.00	331.00	287.23	286.00	37053.00
chr19	45161029	45161178	149	149	143.00	278.00	220.11	227.00	32797.00
chr19	5243911	5244493	582	582	176.00	398.00	274.35	268.00	159673.00
chr6	32119585	32119717	132	132	45.00	1353.00	666.95	711.00	88037.00
chr3	42670878	42672067	1189	1189	0.00	60.00	17.78	15.00	21142.00
chr11	45892392	45892485	93	93	389.00	610.00	488.19	482.00	45402.00
chr17	80040789	80040991	202	202	1128.00	1762.00	1387.23	1372.50	280221.00
chr2	74902875	74903036	161	161	64.00	123.00	87.97	89.00	14163.00
chr17	38335969	38337946	1977	1977	0.00	478.00	39.28	16.00	77651.00
chr16	87870103	87870253	150	150	519.00	701.00	614.61	607.00	92192.00
chr1	32205947	32206142	195	195	1216.00	1494.00	1349.40	1345.00	263133.00
chr6	44117553	44117702	149	149	3.00	950.00	573.57	750.00	85462.00
chr1	159163659	159163830	171	171	2090.00	2655.00	2404.24	2425.00	411125.00
chr3	445565	446023	458	458	8.00	36.00	21.45	20.00	9825.00
chr2	25048913	25048995	82	82	324.00	533.00	438.21	435.50	35933.00
chr10	99504485	99504672	187	187	180.00	311.00	247.81	247.00	46341.00
chr4	54364807	54365010	203	203	142.00	229.00	188.45	187.00	38256.00
chr17	1634367	1634552	185	185	24.00	66.00	43.50	42.00	8047.00
chr7	72416124	72416247	123	123	308.00	459.00	387.77	394.00	47696.00
chr1	208212169	208212329	160	160	110.00	183.00	147.59	153.00	23614.00
chr9	140952500	140952702	202	202	45.00	89.00	66.57	67.00	13448.00
chr6	44197325	44197528	203	203	98.00	177.00	138.64	141.00	28143.00
chr6	44197643	44198218	575	575	26.00	176.00	88.98	73.00	51164.00
chr11	118981972	118982084	112	112	521.00	647.00	569.06	553.00	63735.00
chr5	150503846	150503952	106	106	7.00	4911.00	3296.08	4089.00	349385.00
chr11	118981761	118981878	117	117	434.00	587.00	513.92	506.00	60129.00
chr11	126314873	126315000	127	127	117.00	221.00	151.98	142.00	19302.00
chr1	159165808	159166244	436	436	0.00	2411.00	441.32	3.00	192415.00
chr7	134893542	134893750	208	208	52.00	112.00	85.16	88.00	17713.00
chr9	121976196	121976433	237	237	450.00	1139.00	764.70	719.00	181234.00
chr19	54691042	54691169	127	127	771.00	1325.00	1037.98	1021.00	131824.00
chr22	38621430	38621600	170	170	636.00	929.00	807.69	819.50	137308.00
chr13	42035681	42036205	524	524	0.00	18.00	7.02	7.00	3677.00
chr20	1915360	1915413	53	53	3.00	2245.00	1683.43	2136.00	89222.00
chr5	14496987	14497126	139	139	177.00	310.00	251.96	251.00	35022.00
chr12	56528125	56528212	87	87	95.00	173.00	136.14	146.00	11844.00
chr3	47466974	47467101	127	127	201.00	276.00	238.99	237.00	30352.00
chr17	7415476	7415663	187	187	239.00	443.00	331.89	326.00	62063.00
chr3	33588037	33589252	1215	1215	2.00	63.00	27.26	26.00	33126.00
chr7	887833	888615	782	782	14.00	152.00	59.96	57.00	46886.00
chr10	24813251	24813693	442	442	63.00	258.00	151.13	163.00	66799.00
chr1	109812045	109812213	168	168	691.00	925.00	758.99	736.00	127511.00
chr19	15276597	15276902	305	305	222.00	418.00	304.12	302.00	92757.00
chr16	2334779	2334999	220	220	445.00	708.00	599.75	621.00	131944.00
chr16	68404761	68405261	500	500	114.00	240.00	167.90	161.50	83948.00
chr4	110969111	110969871	760	760	25.00	125.00	78.43	83.00	59605.00
chr1	145693161	145693996	835	835	18.00	80.00	44.38	43.00	37061.00
chr7	44282848	44282932	84	84	1401.00	1763.00	1582.80	1614.50	132955.00
chr2	220164315	220164508	193	193	1.00	1490.00	643.65	16.00	124224.00
chr12	50472203	50472360	157	157	187.00	291.00	241.04	251.00	37844.00
chr2	220163768	220163833	65	65	1319.00	1636.00	1477.86	1502.00	96061.00
chr2	222289928	222290862	934	934	219.00	691.00	530.94	543.00	495902.00
chr12	57599133	57599268	135	135	412.00	547.00	475.29	475.00	64164.00
chr7	157475416	157475629	213	213	883.00	1117.00	998.27	1005.00	212631.00
chr1	32203800	32203927	127	127	1517.00	2276.00	1866.54	1895.00	237051.00
chr1	109811731	109811912	181	181	626.00	844.00	739.15	741.00	133786.00
chr9	140052830	140052975	145	145	1557.00	2306.00	1978.08	2024.00	286821.00
chr2	220161706	220161854	148	148	2660.00	3519.00	3034.74	3037.50	449141.00
chr16	29896906	29897070	164	164	810.00	1118.00	940.71	941.50	154277.00
chr16	47143393	47143622	229	229	140.00	244.00	188.15	186.00	43087.00
chr11	993753	993985	232	232	427.00	992.00	770.85	849.50	178838.00
chr9	124059698	124061137	1439	1439	0.00	82.00	32.18	30.00	46303.00
chr9	140350140	140350634	494	494	8.00	102.00	49.92	46.00	24662.00
chr11	14504577	14504697	120	120	120.00	209.00	164.69	163.50	19763.00
chr3	49898612	49898733	121	121	1483.00	1742.00	1621.53	1610.00	196205.00
chr9	131811659	131811777	118	118	168.00	307.00	215.21	200.00	25395.00
chr9	131810705	131810818	113	113	158.00	322.00	246.81	271.00	27890.00
chr1	223400935	223401080	145	145	758.00	1080.00	919.30	908.00	133298.00
chr12	125612185	125612820	635	635	0.00	503.00	71.46	12.00	45377.00
chr2	220088590	220088744	154	154	360.00	590.00	494.54	492.00	76159.00
chr9	70888487	70888750	263	263	0.00	4.00	1.28	0.00	336.00
chr14	69813756	69813898	142	142	369.00	526.00	454.87	442.50	64591.00
chr2	47399145	47399890	745	745	31.00	1039.00	102.84	85.00	76613.00
chr11	62688689	62689041	352	352	8.00	289.00	88.87	52.00	31282.00
chr6	43745205	43745407	202	202	0.00	351.00	225.32	218.00	45515.00
chr3	11072492	11072997	505	505	0.00	1132.00	222.33	29.00	112276.00
chr7	2696031	2696168	137	137	430.00	647.00	554.11	565.00	75913.00
chr16	14969196	14969279	83	83	698.00	1108.00	920.87	956.00	76432.00
chr17	7377847	7378026	179	179	5.00	19.00	13.05	14.00	2336.00
chr12	65639640	65639719	79	79	124.00	247.00	172.91	168.00	13660.00
chr12	50294912	50295108	196	196	3892.00	5253.00	4416.98	4405.50	865728.00
chr19	42485653	42485788	135	135	4257.00	5384.00	4873.48	4954.00	657920.00
chr10	99509230	99509343	113	113	224.00	326.00	281.59	284.00	31820.00
chr22	38883877	38888120	4243	4243	66.00	1875.00	367.02	259.00	1557274.00
chr12	49416372	49416658	286	286	151.00	289.00	225.16	228.00	64396.00
chr6	24843089	24843782	693	693	82.00	271.00	149.13	137.00	103346.00
chr5	176295561	176295665	104	104	627.00	748.00	683.90	684.50	71126.00
chr10	99510087	99510227	140	140	269.00	532.00	358.76	336.00	50227.00
chr1	159173658	159174770	1112	1112	36.00	268.00	120.38	95.00	133863.00
chr11	1780745	1780869	124	124	2959.00	4137.00	3612.25	3711.00	447919.00
chr19	42486059	42486258	199	199	3192.00	5808.00	4486.54	4459.00	892821.00
chr3	47465422	47465535	113	113	238.00	296.00	266.00	265.00	30058.00
chr1	21573713	21573856	143	143	77.00	146.00	105.89	111.00	15142.00
chr11	65320330	65320453	123	123	170.00	260.00	223.98	228.00	27550.00
chr3	47462420	47462519	99	99	312.00	551.00	466.21	523.00	46155.00
chr2	219204751	219204864	113	113	203.00	299.00	251.39	260.00	28407.00
chr1	43906123	43906257	134	134	29.00	76.00	52.71	49.00	7063.00
chr7	38785158	38785840	682	682	13.00	629.00	70.36	26.00	47983.00
chr2	153499932	153500058	126	126	161.00	222.00	200.90	202.00	25313.00
chr1	32203011	32203132	121	121	13.00	1857.00	1447.03	1675.00	175091.00
chr22	42290823	42290941	118	118	1131.00	2259.00	1879.23	1922.00	221749.00
chr19	47940718	47940818	100	100	585.00	995.00	768.23	772.00	76823.00
chr4	119539150	119539274	124	124	11.00	37.00	22.94	24.00	2845.00
chr17	44117067	44117250	183	183	140.00	215.00	171.40	172.00	31367.00
chr19	42485873	42485983	110	110	3822.00	4804.00	4344.02	4333.50	477842.00
chr6	44114583	44114664	81	81	190.00	257.00	230.10	240.00	18638.00
chr19	47941105	47941292	187	187	0.00	1153.00	656.81	933.00	122824.00
chr11	73074250	73074500	250	250	333.00	594.00	476.29	514.00	119072.00
chr3	33418764	33418825	61	61	605.00	746.00	674.95	672.00	41172.00
chr1	700258	700505	247	247	3.00	49.00	26.72	28.00	6599.00
chr9	74319510	74319719	209	209	111.00	250.00	158.14	145.00	33052.00
chr16	2336694	2336968	274	274	260.00	799.00	594.98	674.50	163024.00
chr20	3575125	3575219	94	94	202.00	281.00	252.44	258.00	23729.00
chr9	139231377	139231529	152	152	176.00	240.00	199.01	196.00	30250.00
chr5	140515951	140516498	547	547	7.00	65.00	28.60	22.00	15642.00
chr1	21938208	21938309	101	101	911.00	1142.00	1048.68	1056.00	105917.00
chr3	155659188	155659936	748	748	19.00	231.00	151.42	166.00	113262.00
chr16	27483068	27483241	173	173	212.00	478.00	345.87	330.00	59836.00
chr11	994071	994245	174	174	391.00	656.00	543.95	551.00	94648.00
chr7	71175745	71175913	168	168	1497.00	2101.00	1840.93	1854.50	309276.00
chr12	121204065	121204175	110	110	636.00	778.00	683.14	674.00	75145.00
chr7	73118679	73118753	74	74	1844.00	2173.00	1980.32	1968.50	146544.00
chr9	140972565	140972710	145	145	97.00	152.00	118.91	119.00	17242.00
chr12	121683329	121684024	695	695	0.00	19.00	8.90	9.00	6184.00
chr16	74493579	74493687	108	108	400.00	488.00	453.69	457.00	48998.00
chr2	36771518	36771641	123	123	385.00	552.00	467.48	470.00	57500.00
chr7	94187181	94187996	815	815	5.00	119.00	52.85	48.00	43075.00
chr14	94156951	94157239	288	288	0.00	47.00	26.68	28.00	7683.00
chr7	121739000	121739524	524	524	6.00	42.00	21.03	22.00	11021.00
chr1	19549117	19549328	211	211	129.00	401.00	252.68	223.00	53315.00
chr19	5214571	5214747	176	176	201.00	711.00	421.64	400.00	74209.00
chr19	42557753	42557861	108	108	712.00	1032.00	863.83	850.50	93294.00
chr15	102510686	102510925	239	239	0.00	102.00	51.63	50.00	12339.00
chr5	167673761	167675376	1615	1615	36.00	241.00	123.60	116.00	199619.00
chr7	44282158	44282253	95	95	1610.00	2154.00	1766.53	1680.00	167820.00
chr2	160621061	160621717	656	656	18.00	437.00	62.75	36.00	41162.00
chr5	10426501	10426634	133	133	730.00	1044.00	879.42	874.00	116963.00
chr16	1814301	1814460	159	159	991.00	1394.00	1161.23	1153.00	184636.00
chr11	21581734	21581928	194	194	287.00	401.00	346.27	355.00	67177.00
chr3	126749085	126749255	170	170	350.00	467.00	414.44	417.50	70454.00
chr11	12237765	12237866	101	101	422.00	591.00	492.38	474.00	49730.00
chr6	31750872	31750963	91	91	171.00	234.00	201.73	204.00	18357.00
chr3	53124201	53124398	197	197	29.00	59.00	42.34	42.00	8340.00
chr2	220161470	220161544	74	74	2907.00	3399.00	3136.72	3125.50	232117.00
chr2	128951046	128951785	739	739	31.00	173.00	83.80	79.00	61928.00
chr5	24535811	24535931	120	120	88.00	185.00	145.31	149.00	17437.00
chr1	44083406	44083582	176	176	542.00	732.00	637.80	649.00	112253.00
chr1	32207653	32207818	165	165	673.00	982.00	851.08	875.00	140429.00
chr12	7293754	7294000	246	246	0.00	1512.00	863.70	1222.00	212471.00
chr3	131442289	131442469	180	180	254.00	337.00	295.10	294.00	53118.00
chr3	49898871	49899298	427	427	87.00	1798.00	878.62	1311.00	375170.00
chr16	66432358	66432464	106	106	71.00	122.00	103.40	107.00	10960.00
chr1	20982593	20982680	87	87	811.00	1142.00	977.22	979.00	85018.00
chr16	68398653	68398809	156	156	209.00	327.00	271.81	277.00	42402.00
chr17	16676818	16678279	1461	1461	7.00	122.00	50.19	43.00	73331.00
chr1	109814899	109815027	128	128	1543.00	1832.00	1700.56	1702.00	217672.00
chr1	21940478	21940582	104	104	1223.00	1559.00	1429.03	1469.50	148619.00
chr20	57468284	57468793	509	509	3.00	72.00	24.39	19.00	12412.00
chr3	127358087	127358366	279	279	483.00	1406.00	1119.37	1159.00	312304.00
chr3	126735359	126735527	168	168	153.00	237.00	202.74	204.00	34060.00
chr10	103869140	103869264	124	124	819.00	1150.00	1002.47	1043.00	124306.00
chr20	44520554	44520666	112	112	408.00	698.00	555.82	548.50	62252.00
chr1	32203252	32203356	104	104	1443.00	1796.00	1663.50	1651.50	173004.00
chr21	40186196	40186316	120	120	455.00	605.00	548.73	553.50	65847.00
chr5	111067153	111068349	1196	1196	2.00	74.00	25.61	20.00	30627.00
chr9	128002954	128003186	232	232	708.00	1036.00	874.96	885.50	202990.00
chr1	43408896	43408992	96	96	723.00	835.00	772.18	772.00	74129.00
chr3	47463931	47464026	95	95	283.00	345.00	306.63	304.00	29130.00
chr2	220161160	220161238	78	78	2916.00	3292.00	3087.40	3068.50	240817.00
chr11	62472772	62473089	317	317	3461.00	5034.00	4294.67	4373.00	1361411.00
chr9	130986341	130986906	565	565	0.00	1401.00	279.59	12.00	157971.00
chr14	69358769	69359000	231	231	391.00	657.00	496.82	484.00	114765.00
chr11	64416205	64416379	174	174	591.00	758.00	682.66	683.00	118783.00
chr17	8398454	8398559	105	105	581.00	852.00	728.69	724.00	76512.00
chr12	53572943	53574193	1250	1250	2.00	104.00	41.56	39.00	51953.00
chr17	17696544	17701827	5283	5283	29.00	552.00	169.22	140.00	894003.00
chr8	11705187	11705331	144	144	2721.00	3874.00	3420.31	3424.00	492525.00
chr19	54963829	54963931	102	102	257.00	359.00	290.08	275.50	29588.00
chr2	70451682	70456295	4613	4613	3.00	300.00	51.71	39.00	238543.00
chr11	118873959	118874169	210	210	5.00	28.00	16.39	20.00	3441.00
chr10	75548427	75548581	154	154	34.00	76.00	55.79	54.00	8592.00
chr6	33414351	33414563	212	212	940.00	1418.00	1223.69	1210.50	259422.00
chr17	80042910	80043032	122	122	477.00	733.00	627.80	663.00	76591.00
chr11	11470290	11470483	193	193	311.00	451.00	373.03	365.00	71994.00
chr8	23294446	23294771	325	325	123.00	391.00	247.37	253.00	80395.00
chr1	116932060	116932663	603	603	4.00	2641.00	983.55	35.00	593082.00
chr15	83222627	83222741	114	114	278.00	365.00	321.56	321.00	36658.00
chr3	9841562	9841751	189	189	37.00	64.00	50.87	49.00	9614.00
chr1	116937731	116937907	176	176	3076.00	5742.00	3932.29	3778.00	692083.00
chr16	87868019	87868197	178	178	383.00	715.00	556.79	561.50	99109.00
chr3	124209540	124209731	191	191	944.00	1255.00	1086.52	1083.00	207526.00
chr7	71142195	71142291	96	96	1240.00	1573.00	1407.49	1385.00	135119.00
chr5	130497324	130497584	260	260	10.00	46.00	29.49	27.00	7667.00
chr13	100199238	100199358	120	120	800.00	952.00	880.73	875.50	105688.00
chr5	139943336	139943506	170	170	13.00	623.00	473.69	498.00	80527.00
chr17	74395529	74396002	473	473	118.00	272.00	206.71	216.00	97772.00
chr14	93179149	93179216	67	67	407.00	496.00	443.72	441.00	29729.00
chr4	160277004	160277310	306	306	63.00	930.00	538.51	646.00	164785.00
chr17	40666306	40666478	172	172	1981.00	3143.00	2581.20	2580.00	443966.00
chr15	34828065	34828207	142	142	13.00	261.00	196.99	218.00	27973.00
chr14	100165802	100165876	74	74	1338.00	1643.00	1524.78	1539.00	112834.00
chr22	20128089	20128231	142	142	33.00	427.00	261.22	363.00	37093.00
chr12	3392210	3394421	2211	2211	20.00	341.00	153.46	148.00	339308.00
chr17	16687866	16690667	2801	2801	0.00	264.00	40.55	31.00	113573.00
chr6	31664724	31664810	86	86	379.00	501.00	461.57	471.00	39695.00
chr6	30627512	30627611	99	99	125.00	252.00	186.53	202.00	18466.00
chr11	18752834	18755060	2226	2226	0.00	1463.00	137.39	34.00	305830.00
chr12	109332602	109332731	129	129	656.00	930.00	787.71	790.00	101614.00
chr6	90072884	90073110	226	226	19.00	70.00	44.59	40.00	10078.00
chr16	2689371	2689711	340	340	19.00	85.00	46.67	47.00	15868.00
chr1	20987373	20987484	111	111	718.00	991.00	872.77	865.00	96878.00
chr14	85985300	85986667	1367	1367	0.00	64.00	18.57	16.00	25387.00
chr13	32863769	32863880	111	111	333.00	549.00	468.73	489.00	52029.00
chr16	1510418	1510528	110	110	149.00	228.00	176.62	171.50	19428.00
chr19	54963269	54963444	175	175	250.00	356.00	304.61	305.00	53307.00
chr6	44224078	44224233	155	155	193.00	296.00	243.70	249.00	37773.00
chr20	3151172	3152285	1113	1113	0.00	54.00	14.85	11.00	16530.00
chr1	892273	892405	132	132	324.00	418.00	364.49	357.50	48113.00
chr16	90192167	90192724	557	557	0.00	25.00	7.39	6.00	4119.00
chr9	111663704	111663810	106	106	179.00	270.00	209.16	204.50	22171.00
chr6	44108764	44108835	71	71	216.00	289.00	241.04	233.00	17114.00
chr1	36028802	36029027	225	225	7131.00	11858.00	8857.76	8322.00	1992995.00
chr11	66807259	66807674	415	415	5.00	284.00	212.88	226.00	88347.00
chr1	178426817	178427679	862	862	41.00	163.00	94.01	93.00	81038.00
chr19	42482302	42482478	176	176	4836.00	6518.00	5347.82	5278.50	941217.00
chr1	44084718	44084873	155	155	303.00	766.00	501.59	496.00	77747.00
chr1	109812315	109812442	127	127	689.00	1009.00	838.39	842.00	106475.00
chr3	180324268	180324391	123	123	126.00	200.00	157.05	152.00	19317.00
chr15	63933668	63933842	174	174	88.00	188.00	135.02	125.00	23493.00
chr20	44521363	44521519	156	156	504.00	792.00	638.57	641.00	99617.00
chr3	33416779	33416910	131	131	304.00	671.00	451.11	444.00	59095.00
chr1	21934624	21934843	219	219	4.00	2066.00	850.51	1075.00	186261.00
chr14	69799801	69799886	85	85	179.00	227.00	208.07	213.00	17686.00
chr1	116936134	116936345	211	211	0.00	3811.00	3118.90	3367.00	658088.00
chr14	23634493	23634645	152	152	68.00	152.00	111.05	117.00	16879.00
chr16	1402538	1402947	409	409	0.00	19.00	7.13	8.00	2916.00
chr9	20331	25000	4669	4669	0.00	219.00	25.16	16.00	117463.00
chr17	43545574	43545959	385	385	32.00	58.00	45.07	46.00	17353.00
chr13	100201418	100201476	58	58	767.00	914.00	839.91	836.50	48715.00
chr15	41865505	41865665	160	160	764.00	1490.00	1040.50	965.50	166480.00
chr19	19641688	19642196	508	508	4.00	21.00	13.25	14.00	6729.00
chr11	134147593	134148159	566	566	8.00	63.00	41.24	46.00	23340.00
chr2	71656420	71657290	870	870	6.00	98.00	45.53	42.00	39608.00
chr7	97834775	97835016	241	241	319.00	501.00	417.69	424.00	100663.00
chr19	13363804	13363915	111	111	93.00	173.00	144.44	155.00	16033.00
chr18	31328383	31329011	628	628	5.00	61.00	33.16	34.00	20827.00
chr16	66431884	66432009	125	125	62.00	117.00	84.65	84.00	10581.00
chr19	47935155	47935702	547	547	0.00	1739.00	747.56	757.00	408918.00
chr12	50291769	50291873	104	104	3015.00	3859.00	3391.10	3338.50	352674.00
chr11	1780198	1780317	119	119	3039.00	4074.00	3491.50	3477.00	415489.00
chr15	65392626	65393167	541	541	0.00	15.00	5.09	5.00	2753.00
chr2	86397871	86397967	96	96	234.00	321.00	272.32	268.00	26143.00
chr7	97866087	97866233	146	146	140.00	226.00	179.20	183.00	26163.00
chr11	60687157	60687402	245	245	233.00	413.00	357.33	371.00	87547.00
chr21	43307700	43309453	1753	1753	19.00	165.00	85.74	82.00	150295.00
chr14	24619269	24619657	388	388	60.00	142.00	101.11	100.00	39232.00
chr11	65320634	65320727	93	93	179.00	252.00	220.43	225.00	20500.00
chr16	29891184	29891385	201	201	1105.00	1649.00	1394.82	1400.00	280359.00
chr1	32207224	32207326	102	102	1131.00	1560.00	1269.87	1269.50	129527.00
chr11	72300218	72300394	176	176	2.00	1066.00	345.73	4.00	60848.00
chr17	7608878	7609038	160	160	154.00	276.00	214.66	216.00	34346.00
chr19	7607646	7607814	168	168	319.00	446.00	386.90	393.50	65000.00
chr19	54966129	54966271	142	142	231.00	368.00	307.20	323.00	43622.00
chr12	57995027	57995131	104	104	384.00	469.00	424.98	426.00	44198.00
chr1	27428875	27429049	174	174	169.00	289.00	199.27	192.00	34673.00
chr2	27688277	27688385	108	108	62.00	94.00	77.91	76.00	8414.00
chr16	2691449	2692254	805	805	15.00	90.00	46.99	43.00	37829.00
chr9	131503813	131503933	120	120	867.00	1323.00	1042.19	1034.00	125063.00
chr16	2347766	2347922	156	156	249.00	347.00	301.02	303.50	46959.00
chr17	80039884	80040036	152	152	904.00	1196.00	1090.71	1095.00	165788.00
chr1	32204432	32204538	106	106	1506.00	2450.00	1957.49	1979.00	207494.00
chr12	9242951	9243078	127	127	757.00	1008.00	876.93	867.00	111370.00
chr3	49702661	49702751	90	90	397.00	500.00	455.66	450.00	41009.00
chr19	35820359	35820837	478	478	13.00	47.00	29.20	29.00	13959.00
chr1	201456762	201457615	853	853	23.00	127.00	71.95	78.00	61375.00
chr16	2334279	2334438	159	159	488.00	712.00	621.90	627.00	98882.00
chr10	73578373	73578481	108	108	13053.00	15540.00	14036.14	13967.50	1515903.00
chr16	18530550	18530756	206	206	1.00	1223.00	642.32	955.00	132317.00
chr16	16369094	16369300	206	206	1.00	1200.00	630.67	940.00	129919.00
chr13	113975636	113975785	149	149	16.00	2767.00	1158.38	60.00	172599.00
chr11	119293822	119294227	405	405	17.00	9168.00	832.02	78.00	336967.00
chr5	150505962	150506041	79	79	2867.00	3590.00	3189.63	3146.00	251981.00
chr22	44224939	44225078	139	139	2353.00	3034.00	2687.57	2641.00	373572.00
chr15	41865199	41865309	110	110	796.00	1056.00	920.98	908.00	101308.00
chr17	25633807	25636298	2491	2491	6.00	991.00	308.61	247.00	768736.00
chr15	72495155	72495529	374	374	0.00	12540.00	4650.54	45.50	1739301.00
chr9	42540272	42542124	1852	1852	0.00	77.00	31.63	29.00	58573.00
chr11	119290760	119291704	944	944	6.00	14323.00	4645.71	65.00	4385550.00
chr19	5219949	5220165	216	216	204.00	412.00	295.22	288.00	63768.00
chr15	63910769	63911153	384	384	0.00	29.00	11.05	13.00	4242.00
chr17	74393879	74393969	90	90	204.00	311.00	245.61	236.00	22105.00
chr10	104129467	104129532	65	65	176.00	215.00	190.71	188.00	12396.00
chr3	142454224	142454620	396	396	0.00	35.00	18.09	19.00	7164.00
chr12	121205196	121205396	200	200	575.00	818.00	683.11	676.00	136622.00
chr3	31705570	31705724	154	154	85.00	172.00	131.71	126.50	20284.00
chr6	118635190	118636593	1403	1403	50.00	336.00	186.63	177.00	261843.00
chr8	10339867	10340829	962	962	2.00	62.00	28.06	28.00	26992.00
chr19	16952578	16952779	201	201	231.00	379.00	306.98	318.00	61703.00
chr8	110984486	110985016	530	530	49.00	292.00	127.47	108.00	67560.00
chr9	128001219	128001610	391	391	1062.00	2167.00	1756.73	1840.00	686881.00
chr11	73070878	73070997	119	119	321.00	408.00	365.60	367.00	43506.00
chr10	104130140	104130235	95	95	170.00	223.00	193.08	193.00	18343.00
chr5	95733039	95733173	134	134	124.00	207.00	171.28	173.00	22952.00
chr19	59059400	59059547	147	147	678.00	891.00	788.15	786.00	115858.00
chr5	139943169	139943255	86	86	27.00	443.00	362.64	403.00	31187.00
chr17	73487771	73487981	210	210	183.00	348.00	274.47	286.50	57639.00
chr1	154315588	154315777	189	189	27.00	103.00	57.27	49.00	10824.00
chr14	95652726	95653070	344	344	12.00	49.00	28.53	26.00	9815.00
chr12	123639801	123640772	971	971	0.00	75.00	40.51	42.00	39340.00
chr22	47064870	47065171	301	301	0.00	18.00	8.27	9.00	2490.00
chr5	24535220	24535388	168	168	86.00	160.00	111.26	109.00	18692.00
chr12	6806452	6806958	506	506	545.00	1584.00	1054.99	1084.50	533826.00
chr22	29881711	29881836	125	125	1340.00	1846.00	1558.47	1544.00	194809.00
chr7	75894681	75894786	105	105	142.00	175.00	159.50	160.00	16748.00
chr12	121089007	121095893	6886	6886	0.00	298.00	32.08	25.00	220885.00
chr1	207940357	207942365	2008	2008	0.00	684.00	99.57	50.00	199927.00
chr7	154681166	154681240	74	74	1704.00	2093.00	1910.15	1909.00	141351.00
chr5	131696513	131697529	1016	1016	0.00	37.00	9.78	8.00	9933.00
chr11	1776135	1776258	123	123	2623.00	3653.00	3149.20	3139.00	387352.00
chr8	11706554	11706673	119	119	2142.00	2918.00	2556.66	2596.00	304242.00
chr11	18759426	18759511	85	85	943.00	1277.00	1116.21	1136.00	94878.00
chr16	61689373	61689625	252	252	229.00	397.00	311.03	315.00	78379.00
chr15	51750702	51750824	122	122	328.00	589.00	479.25	477.50	58469.00
chr9	35555056	35555698	642	642	468.00	1174.00	848.91	852.50	545002.00
chr2	198356200	198356621	421	421	0.00	11.00	4.69	4.00	1975.00
chr9	131001723	131001794	71	71	5561.00	6748.00	6224.31	6261.00	441926.00
chr19	5214371	5214491	120	120	453.00	941.00	727.38	777.00	87286.00
chr22	35719488	35719623	135	135	444.00	611.00	555.15	567.00	74945.00
chr12	121678738	121679829	1091	1091	0.00	52.00	24.30	24.00	26511.00
chr14	23820960	23821064	104	104	4164.00	4901.00	4517.16	4535.50	469785.00
chr1	32205710	32205779	69	69	1164.00	1492.00	1329.83	1339.00	91758.00
chr3	33420176	33420326	150	150	13.00	766.00	281.91	31.00	42286.00
chr9	114820707	114820966	259	259	79.00	196.00	116.47	112.00	30166.00
chr15	41865876	41866023	147	147	56.00	1729.00	1419.02	1498.00	208596.00
chr19	55554308	55554637	329	329	0.00	18.00	6.05	6.00	1990.00
chr1	116933403	116933513	110	110	2323.00	2982.00	2683.44	2706.00	295178.00
chr19	15374230	15374359	129	129	93.00	230.00	174.84	172.00	22555.00
chr12	56090682	56090852	170	170	194.00	369.00	293.14	304.00	49834.00
chr14	69445668	69445876	208	208	96.00	360.00	230.04	237.50	47848.00
chr12	57603474	57603651	177	177	794.00	1052.00	922.22	919.00	163233.00
chr22	32897492	32898946	1454	1454	5.00	150.00	86.97	90.00	126460.00
chr16	16367702	16367764	62	62	4.00	457.00	231.84	244.50	14374.00
chr19	5245786	5246056	270	270	190.00	392.00	284.55	277.00	76828.00
chr16	74345440	74345829	389	389	0.00	10.00	3.24	4.00	1262.00
chr6	107096899	107097076	177	177	64.00	189.00	113.06	123.00	20011.00
chr1	29641883	29642019	136	136	240.00	352.00	287.90	285.00	39154.00
chr8	97342440	97342509	69	69	549.00	765.00	677.64	687.00	46757.00
chr8	68116914	68117054	140	140	146.00	266.00	207.48	209.00	29047.00
chr22	22037470	22037546	76	76	132.00	189.00	169.78	173.00	12903.00
chr22	50682147	50683420	1273	1273	4.00	198.00	106.55	104.00	135642.00
chr20	44048971	44049069	98	98	560.00	672.00	624.98	629.50	61248.00
chr1	36904356	36904511	155	155	114.00	325.00	186.37	158.00	28887.00
chr12	71054719	71054877	158	158	219.00	356.00	279.04	275.00	44088.00
chr15	50654364	50655515	1151	1151	0.00	90.00	18.99	13.00	21862.00
chr2	234198499	234198620	121	121	95.00	226.00	158.36	162.00	19162.00
chr9	128001699	128001812	113	113	959.00	1222.00	1087.72	1101.00	122912.00
chr8	38272296	38272419	123	123	274.00	382.00	328.25	325.00	40375.00
chr11	73068069	73068179	110	110	209.00	273.00	229.61	230.50	25257.00
chr16	28123137	28123327	190	190	579.00	931.00	773.94	771.00	147049.00
chr12	49424062	49424222	160	160	36.00	107.00	68.86	69.00	11018.00
chr19	50302885	50303023	138	138	826.00	1102.00	951.62	947.50	131324.00
chr19	42480567	42480718	151	151	8759.00	10808.00	9888.14	10151.00	1493109.00
chr3	197904395	197905301	906	906	0.00	67.00	15.83	8.00	14342.00
chr13	100189992	100190117	125	125	343.00	456.00	404.45	406.00	50556.00
chr19	14268062	14268272	210	210	412.00	600.00	501.32	494.00	105277.00
chr10	93786886	93787057	171	171	147.00	225.00	186.98	187.00	31974.00
chr1	109808726	109808828	102	102	449.00	772.00	561.93	551.50	57317.00
chr4	134075461	134075520	59	59	334.00	442.00	397.41	400.00	23447.00
chr1	22052268	22053864	1596	1596	0.00	66.00	27.21	27.00	43431.00
chr9	140056855	140056968	113	113	2665.00	3997.00	3448.20	3538.00	389647.00
chr19	42482087	42482224	137	137	6440.00	9847.00	8137.58	8292.00	1114848.00
chr19	4556962	4557025	63	63	1321.00	1472.00	1396.17	1392.00	87959.00
chr19	14266921	14267013	92	92	625.00	876.00	741.04	721.50	68176.00
chr22	42273851	42274127	276	276	9.00	1525.00	865.83	1239.00	238970.00
chr1	205549788	205550049	261	261	130.00	811.00	465.17	431.00	121409.00
chr1	110765585	110766522	937	937	264.00	632.00	414.72	404.00	388592.00
chr19	55553595	55554158	563	563	0.00	41.00	18.45	19.00	10385.00
chr7	150929881	150931360	1479	1479	32.00	237.00	100.38	91.00	148465.00
chr3	124215157	124215260	103	103	768.00	1337.00	1123.71	1148.00	115742.00
chr16	58220658	58220760	102	102	153.00	250.00	211.95	217.00	21619.00
chr3	10381925	10382033	108	108	417.00	667.00	569.76	593.00	61534.00
chr10	11356101	11356221	120	120	202.00	329.00	253.87	244.00	30464.00
chr22	42294652	42294785	133	133	1656.00	2170.00	1964.67	2005.00	261301.00
chr1	2005531	2005714	183	183	30.00	135.00	64.22	64.00	11753.00
chr12	113722522	113722576	54	54	110.00	144.00	129.33	132.50	6984.00
chr9	131502198	131502398	200	200	15.00	1344.00	1095.29	1146.00	219058.00
chr19	40873602	40873786	184	184	3550.00	5214.00	4553.33	4701.50	837813.00
chr2	220162606	220162825	219	219	1111.00	2023.00	1424.27	1332.00	311915.00
chr16	28270027	28270355	328	328	14.00	79.00	43.72	47.50	14341.00
chr4	3225718	3225858	140	140	173.00	335.00	264.01	276.00	36962.00
chr17	44127898	44128070	172	172	129.00	221.00	171.45	171.00	29490.00
chr3	47462043	47462262	219	219	114.00	553.00	254.33	235.00	55698.00
chr6	99873090	99873182	92	92	47.00	376.00	201.00	181.50	18492.00
chr7	142561723	142562504	781	781	304.00	832.00	538.59	495.00	420638.00
chr1	159169540	159169666	126	126	3218.00	4995.00	4401.90	4551.00	554640.00
chr19	7606869	7606953	84	84	230.00	300.00	272.21	270.00	22866.00
chr16	2811561	2818298	6737	6737	10.00	1323.00	486.67	365.00	3278689.00
chr3	47450652	47450807	155	155	92.00	194.00	151.36	150.00	23461.00
chr11	118403631	118403922	291	291	336.00	574.00	472.26	472.00	137427.00
chr1	205555161	205555335	174	174	654.00	820.00	734.89	732.50	127870.00
chr12	125603186	125603311	125	125	194.00	287.00	236.46	235.00	29557.00
chr11	86658288	86659498	1210	1210	17.00	127.00	62.09	61.00	75125.00
chr22	37764946	37768745	3799	3799	0.00	1131.00	450.36	417.00	1710919.00
chr10	46345664	46346215	551	551	0.00	52.00	23.37	20.00	12875.00
chr22	33673045	33673241	196	196	791.00	1414.00	1034.53	959.00	202767.00
chr9	140042599	140042666	67	67	0.00	252.00	202.06	211.00	13538.00
chr3	48717233	48717320	87	87	333.00	412.00	378.24	376.00	32907.00
chr11	60681600	60681740	140	140	22.00	234.00	98.64	77.00	13810.00
chr10	93784512	93784724	212	212	89.00	143.00	117.05	114.00	24814.00
chr12	7289424	7290372	948	948	0.00	1526.00	324.04	10.00	307187.00
chr3	132387062	132387526	464	464	3.00	40.00	17.65	18.00	8188.00
chr16	2335442	2335647	205	205	502.00	801.00	679.96	695.00	139392.00
chr16	1794782	1797276	2494	2494	1.00	1130.00	129.72	49.00	323525.00
chr16	3786036	3786204	168	168	104.00	179.00	143.86	143.00	24168.00
chr9	141131209	141131766	557	557	0.00	16.00	4.16	0.00	2315.00
chr14	92965028	92966015	987	987	5.00	98.00	39.56	30.00	39043.00
chr19	54692070	54692200	130	130	496.00	1339.00	863.69	721.50	112280.00
chr15	43866006	43866230	224	224	179.00	466.00	303.92	279.00	68078.00
chr3	40231316	40231954	638	638	168.00	441.00	343.36	362.00	219063.00
chr3	50148937	50149455	518	518	21.00	72.00	39.57	32.00	20497.00
chr4	81117505	81117755	250	250	39.00	114.00	69.86	63.00	17466.00
chr10	46740404	46740638	234	234	0.00	14.00	5.47	7.00	1281.00
chr3	124210169	124210271	102	102	839.00	1092.00	970.45	969.50	98986.00
chr11	107488830	107488932	102	102	389.00	546.00	465.25	462.00	47455.00
chr9	130591965	130592106	141	141	115.00	180.00	151.44	152.00	21353.00
chr1	20981932	20982027	95	95	816.00	1003.00	903.09	907.00	85794.00
chr12	75875613	75875859	246	246	70.00	173.00	124.29	132.00	30575.00
chr22	32046684	32046764	80	80	62.00	95.00	79.83	81.00	6386.00
chr11	70331418	70331658	240	240	19.00	231.00	108.31	106.00	25994.00
chr14	51079976	51080069	93	93	1075.00	1244.00	1162.94	1167.00	108153.00
chr17	80041077	80041301	224	224	708.00	1808.00	1164.70	963.50	260893.00
chr7	158540884	158540971	87	87	405.00	533.00	486.98	499.00	42367.00
chr1	21553651	21553719	68	68	223.00	282.00	247.60	246.00	16837.00
chr2	219206256	219206349	93	93	246.00	389.00	336.70	324.00	31313.00
chr17	18444211	18445242	1031	1031	0.00	106.00	35.06	28.00	36150.00
chr12	57599340	57599460	120	120	520.00	691.00	587.72	591.50	70526.00
chr11	64417919	64418110	191	191	637.00	823.00	721.03	711.00	137716.00
chr19	3274926	3275650	724	724	6.00	53.00	18.28	15.00	13235.00
chr16	18532086	18532305	219	219	784.00	1441.00	1119.73	1113.00	245221.00
chr17	3776702	3776756	54	54	1289.00	1490.00	1386.96	1374.50	74896.00
chr1	116932670	116933033	363	363	12.00	3167.00	1562.36	2601.00	567135.00
chr16	1505731	1505796	65	65	313.00	395.00	353.06	355.00	22949.00
chr1	9794029	9794200	171	171	3506.00	4081.00	3830.53	3860.00	655021.00
chr10	73579221	73579379	158	158	8522.00	12032.00	9930.04	10123.50	1568947.00
chr11	6411684	6412146	462	462	49.00	298.00	186.30	184.00	86072.00
chr1	159163212	159163350	138	138	2175.00	2724.00	2357.08	2338.00	325277.00
chr16	1816723	1816804	81	81	1427.00	1930.00	1698.93	1733.00	137613.00
chr7	91722399	91722630	231	231	22.00	163.00	114.10	118.00	26356.00
chr7	44281816	44281939	123	123	2020.00	2574.00	2307.56	2326.00	283830.00
chr2	220467189	220467297	108	108	91.00	139.00	112.93	110.50	12196.00
chr16	4494664	4494729	65	65	488.00	590.00	538.09	533.00	34976.00
chr15	34681844	34681986	142	142	13.00	435.00	271.93	288.50	38614.00
chr9	139995935	139996124	189	189	259.00	393.00	315.07	311.00	59549.00
chr3	180324040	180324160	120	120	151.00	273.00	230.91	241.00	27709.00
chr3	42678359	42681242	2883	2883	57.00	359.00	150.97	134.00	435233.00
chr7	131812776	131815333	2557	2557	0.00	223.00	119.22	122.00	304852.00
chr20	1585387	1585522	135	135	42.00	775.00	485.87	536.00	65593.00
chr3	126751229	126751442	213	213	339.00	511.00	423.00	424.00	90100.00
chr15	63920875	63921014	139	139	487.00	687.00	569.81	564.00	79204.00
chr16	2040128	2040202	74	74	320.00	412.00	371.62	380.00	27500.00
chr9	74324174	74324390	216	216	60.00	130.00	92.12	95.50	19899.00
chr20	44521858	44521950	92	92	523.00	747.00	622.02	616.00	57226.00
chr9	139911647	139911798	151	151	609.00	941.00	812.02	825.00	122615.00
chr9	140055507	140055649	142	142	1059.00	1892.00	1505.27	1617.00	213749.00
chr12	120148055	120148191	136	136	251.00	407.00	344.45	347.50	46845.00
chr12	50474280	50474372	92	92	296.00	434.00	368.68	365.00	33919.00
chr15	63125702	63125828	126	126	364.00	566.00	480.60	500.00	60555.00
chr9	20907148	20907241	93	93	134.00	190.00	157.91	153.00	14686.00
chr16	87874655	87874761	106	106	325.00	475.00	417.95	419.00	44303.00
chr2	162833269	162833460	191	191	0.00	1752.00	928.21	1430.00	177288.00
chr8	11704560	11704677	117	117	2141.00	2905.00	2467.72	2444.00	288723.00
chr15	63926931	63927087	156	156	270.00	480.00	347.07	352.00	54143.00
chr6	31668718	31668805	87	87	261.00	424.00	320.41	311.00	27876.00
chr7	148910792	148910906	114	114	45.00	130.00	94.44	97.00	10766.00
chr14	42355808	42357213	1405	1405	42.00	378.00	159.07	143.00	223490.00
chr10	88678928	88679226	298	298	79.00	190.00	121.56	114.00	36225.00
chr3	140998219	140998346	127	127	130.00	241.00	185.72	174.00	23587.00
chr1	144859758	144859998	240	240	304.00	654.00	486.28	515.00	116707.00
chr9	96054772	96055455	683	683	268.00	539.00	405.81	402.00	277166.00
chr19	7604803	7604944	141	141	188.00	257.00	217.23	215.00	30629.00
chr12	30906277	30907432	1155	1155	6.00	222.00	72.15	62.00	83335.00
chr9	131112762	131112854	92	92	267.00	513.00	393.77	361.50	36227.00
chr20	61981328	61982379	1051	1051	66.00	334.00	195.18	182.00	205135.00
chr7	38431348	38431618	270	270	799.00	1135.00	985.75	1001.50	266152.00
chr20	44521036	44521123	87	87	430.00	546.00	476.85	474.00	41486.00
chr11	64418726	64419108	382	382	276.00	646.00	444.94	443.00	169967.00
chr12	120148344	120150270	1926	1926	5.00	557.00	73.70	23.00	141953.00
chr12	6930971	6931066	95	95	23.00	986.00	490.14	535.00	46563.00
chr16	2339434	2339621	187	187	271.00	457.00	375.95	375.00	70302.00
chr2	27700083	27700187	104	104	40.00	85.00	69.48	76.00	7226.00
chr14	69805367	69805494	127	127	207.00	351.00	260.46	238.00	33079.00
chr12	9242497	9242619	122	122	850.00	1056.00	920.93	911.50	112353.00
chr3	58256658	58256791	133	133	395.00	578.00	477.93	457.00	63565.00
chr10	79744927	79745098	171	171	77.00	151.00	112.71	112.00	19274.00
chr1	159161725	159161866	141	141	1321.00	1590.00	1456.90	1470.00	205423.00
chr16	31085202	31085519	317	317	7.00	66.00	33.72	30.00	10690.00
chr1	171755018	171755218	200	200	115.00	185.00	150.68	153.00	30135.00
chr9	130988124	130989280	1156	1156	0.00	4142.00	393.07	17.00	454394.00
chr15	63127935	63127998	63	63	360.00	536.00	429.21	405.00	27040.00
chr19	1917676	1917821	145	145	0.00	357.00	273.63	298.00	39677.00
chr22	25315792	25315960	168	168	166.00	261.00	209.42	204.00	35183.00
chr2	207943790	207945085	1295	1295	31.00	193.00	120.24	124.00	155708.00
chr11	47330706	47330952	246	246	0.00	952.00	431.12	0.00	106055.00
chr3	142743978	142746095	2117	2117	0.00	406.00	47.73	34.00	101048.00
chr7	44839492	44839694	202	202	2.00	28.00	14.46	14.00	2920.00
chr22	31688260	31688471	211	211	3.00	279.00	120.34	109.00	25392.00
chr11	66333492	66333638	146	146	1448.00	1878.00	1616.84	1583.50	236058.00
chr9	131114916	131115026	110	110	400.00	547.00	478.38	473.00	52622.00
chr1	20206	21013	807	807	0.00	139.00	28.49	1.00	22993.00
chr11	108216469	108216635	166	166	71.00	107.00	87.82	87.50	14578.00
chr1	209778880	209779019	139	139	361.00	443.00	402.50	403.00	55948.00
chr1	202935876	202936026	150	150	265.00	410.00	354.92	372.00	53238.00
chr12	57600255	57600524	269	269	626.00	880.00	698.95	686.00	188017.00
chr19	15233503	15233615	112	112	208.00	326.00	262.00	267.00	29344.00
chr8	68115317	68115486	169	169	236.00	406.00	337.83	352.00	57094.00
chr19	13419229	13419342	113	113	29.00	63.00	46.00	44.00	5198.00
chr6	33266815	33267130	315	315	12.00	85.00	42.15	36.00	13277.00
chr16	89780611	89781646	1035	1035	3.00	79.00	31.12	28.00	32212.00
chr12	109964162	109964221	59	59	226.00	271.00	240.88	239.00	14212.00
chr22	24491893	24492045	152	152	80.00	210.00	135.22	132.00	20554.00
chr2	242592926	242593025	99	99	409.00	561.00	480.54	477.00	47573.00
chr1	21937944	21938074	130	130	954.00	1532.00	1261.17	1244.50	163952.00
chr2	223789173	223789313	140	140	540.00	891.00	735.84	720.00	103017.00
chr20	3772318	3772535	217	217	0.00	10.00	1.50	0.00	325.00
chr16	18531918	18532001	83	83	943.00	1394.00	1165.10	1185.00	96703.00
chr1	43396296	43396537	241	241	491.00	785.00	637.14	628.00	153550.00
chr2	100037960	100038115	155	155	91.00	184.00	145.17	152.00	22501.00
chr16	1500497	1500770	273	273	9.00	598.00	343.20	515.00	93693.00
chr19	40876016	40876144	128	128	4027.00	5369.00	4686.97	4767.00	599932.00
chr5	168112691	168112932	241	241	122.00	250.00	192.89	197.00	46486.00
chr2	127825738	127825831	93	93	1278.00	1728.00	1529.76	1514.00	142268.00
chr1	19232015	19234990	2975	2975	23.00	210.00	116.99	116.00	348042.00
chr16	1391129	1391196	67	67	437.00	586.00	510.12	497.00	34178.00
chr6	33410665	33411689	1024	1024	8.00	948.00	502.51	551.00	514571.00
chr9	95872033	95872266	233	233	4.00	14.00	9.06	10.00	2112.00
chr1	53378627	53378839	212	212	3.00	42.00	19.65	20.00	4166.00
chr2	80531276	80531693	417	417	42.00	297.00	202.25	228.00	84337.00
chr7	44286718	44286791	73	73	1315.00	1644.00	1538.89	1557.00	112339.00
chr7	157369304	157369471	167	167	1524.00	1957.00	1764.66	1784.00	294698.00
chr11	18755079	18755191	112	112	8.00	1255.00	858.76	1181.00	96181.00
chr6	86237979	86238080	101	101	568.00	758.00	666.91	660.00	67358.00
chr8	145000951	145001050	99	99	89.00	142.00	115.18	110.00	11403.00
chr19	45167680	45167966	286	286	14.00	78.00	40.36	39.00	11544.00
chr10	48930165	48930400	235	235	0.00	14.00	5.48	7.00	1288.00
chr16	87871450	87871547	97	97	519.00	733.00	654.55	672.00	63491.00
chr1	109815454	109815649	195	195	961.00	1518.00	1133.86	1094.00	221103.00
chr1	208215442	208215711	269	269	84.00	165.00	130.49	131.00	35103.00
chr2	260866	261451	585	585	0.00	61.00	29.05	33.00	16992.00
chr5	180481266	180481724	458	458	3.00	104.00	38.18	30.00	17487.00
chr7	73119479	73119631	152	152	0.00	2524.00	1102.57	38.00	167590.00
chr15	34677248	34677358	110	110	407.00	588.00	495.35	498.50	54488.00
chr16	57687114	57687247	133	133	220.00	333.00	285.59	299.00	37983.00
chr15	50649406	50649592	186	186	2.00	30.00	14.68	17.00	2731.00
chr22	21071995	21072066	71	71	2915.00	3399.00	3138.89	3098.00	222861.00
chr5	179200882	179201561	679	679	10.00	118.00	77.92	80.00	52911.00
chr10	98763824	98763979	155	155	340.00	688.00	538.07	549.00	83401.00
chr14	102963315	102963457	142	142	377.00	483.00	425.81	427.00	60465.00
chr1	21932558	21933138	580	580	0.00	2371.00	486.51	11.00	282176.00
chr16	28118842	28118998	156	156	651.00	920.00	812.44	818.00	126741.00
chr1	241767561	241767881	320	320	148.00	249.00	198.40	195.00	63488.00
chr11	66812063	66812184	121	121	297.00	466.00	397.64	405.00	48114.00
chr11	12248571	12248678	107	107	943.00	1282.00	1124.16	1131.00	120285.00
chr9	130588788	130588951	163	163	138.00	182.00	160.04	158.00	26086.00
chr22	21068915	21068988	73	73	2566.00	3387.00	3073.67	3103.00	224378.00
chr1	43424304	43424531	227	227	50.00	895.00	569.28	684.00	129227.00
chr14	105852021	105853670	1649	1649	17.00	363.00	74.71	64.00	123192.00
chr15	34823469	34823579	110	110	350.00	528.00	439.28	432.00	48321.00
chr11	171365	172282	917	917	0.00	66.00	19.04	20.00	17456.00
chr22	24493976	24494155	179	179	193.00	313.00	259.75	269.00	46496.00
chr15	79291060	79291167	107	107	875.00	1092.00	993.20	995.00	106272.00
chr16	2145904	2146194	290	290	3.00	36.00	17.23	20.00	4997.00
chr9	131503050	131503166	116	116	987.00	1440.00	1260.11	1295.00	146173.00
chr11	61301983	61302579	596	596	0.00	36.00	13.51	13.00	8049.00
chr22	25308609	25308719	110	110	61.00	109.00	81.88	78.50	9007.00
chr12	63977826	63979986	2160	2160	0.00	109.00	27.83	20.00	60121.00
chr19	46928844	46930933	2089	2089	6.00	909.00	452.45	470.00	945169.00
chr16	56969146	56969224	78	78	607.00	770.00	685.10	694.00	53438.00
chr17	40665787	40665996	209	209	8.00	3127.00	1616.65	2608.00	337880.00
chr9	131669435	131671600	2165	2165	75.00	859.00	382.92	367.00	829019.00
chr2	220164026	220164271	245	245	0.00	1724.00	531.26	1.00	130158.00
chr19	7589846	7590052	206	206	129.00	372.00	245.38	201.50	50548.00
chr6	91260186	91260268	82	82	222.00	285.00	251.71	255.00	20640.00
chr9	124543742	124543830	88	88	572.00	825.00	692.94	699.00	60979.00
chr12	54071005	54071170	165	165	2.00	23.00	13.56	15.00	2237.00
chr2	40443	41212	769	769	32.00	116.00	66.27	65.00	50958.00
chr11	67852159	67852747	588	588	2.00	89.00	31.15	16.00	18317.00
chr8	8233762	8234810	1048	1048	4.00	107.00	50.05	52.00	52449.00
chr2	175671113	175672148	1035	1035	0.00	34.00	14.24	15.00	14739.00
chr7	138984922	138985438	516	516	1.00	56.00	28.49	29.00	14699.00
chr22	40816850	40817104	254	254	178.00	312.00	236.13	227.00	59977.00
chr19	14263120	14263249	129	129	1121.00	1447.00	1296.84	1320.00	167292.00
chr19	16962222	16962345	123	123	308.00	452.00	384.25	377.00	47263.00
chr1	109813838	109813918	80	80	839.00	1139.00	985.46	995.50	78837.00
chr3	49898148	49898562	414	414	16.00	2297.00	1044.24	1701.00	432314.00
chr17	17131202	17131510	308	308	6.00	245.00	146.24	151.00	45042.00
chr1	21936067	21936139	72	72	646.00	1016.00	819.92	799.00	59034.00
chr3	130424404	130424615	211	211	90.00	168.00	128.69	126.00	27154.00
chr12	56532710	56532797	87	87	197.00	287.00	238.46	230.00	20746.00
chr16	29888591	29888788	197	197	1513.00	2056.00	1783.97	1766.00	351442.00
chr2	114394588	114396196	1608	1608	8.00	126.00	47.98	48.00	77151.00
chr3	124180736	124180803	67	67	357.00	435.00	398.06	401.00	26670.00
chr9	111798485	111798660	175	175	166.00	287.00	222.39	222.00	38918.00
chr10	73847897	73848372	475	475	47.00	1686.00	926.75	1148.00	440207.00
chr22	21075585	21075706	121	121	1763.00	2304.00	1928.37	1898.00	233333.00
chr22	20920753	20921104	351	351	143.00	414.00	263.31	247.00	92421.00
chr9	140953020	140953185	165	165	44.00	131.00	99.51	114.00	16419.00
chr22	41620970	41621075	105	105	208.00	324.00	261.42	250.00	27449.00
chr11	6243671	6243839	168	168	97.00	212.00	161.46	166.50	27126.00
chr15	74704225	74704353	128	128	459.00	741.00	613.81	632.00	78568.00
chr3	48719780	48719985	205	205	267.00	438.00	337.00	336.00	69085.00
chr1	222833247	222833348	101	101	195.00	297.00	241.49	238.00	24390.00
chr1	6583675	6584824	1149	1149	20.00	134.00	74.03	71.00	85066.00
chr11	126135857	126135976	119	119	523.00	686.00	606.66	618.00	72193.00
chr8	75156763	75157410	647	647	70.00	261.00	159.04	156.00	102897.00
chr15	83345212	83345389	177	177	442.00	614.00	510.41	506.00	90342.00
chr14	68031638	68032561	923	923	3.00	55.00	23.33	22.00	21533.00
chr19	42479780	42479949	169	169	8472.00	12193.00	10015.14	9896.00	1692558.00
chr16	31503329	31503407	78	78	708.00	801.00	756.81	753.50	59031.00
chr17	1564564	1564700	136	136	352.00	436.00	398.38	400.00	54180.00
chr16	58717858	58718082	224	224	23.00	70.00	44.63	44.00	9998.00
chr14	71575320	71575763	443	443	193.00	360.00	264.10	252.00	116995.00
chr1	202934498	202934628	130	130	365.00	513.00	411.26	392.50	53464.00
chr7	73118477	73118586	109	109	1826.00	2248.00	2091.07	2097.00	227927.00
chr19	13365908	13366073	165	165	135.00	203.00	166.10	167.00	27407.00
chr10	102265117	102265958	841	841	0.00	56.00	20.41	17.00	17162.00
chr9	139983320	139983457	137	137	151.00	277.00	223.33	218.00	30596.00
chr18	29206245	29206347	102	102	262.00	455.00	357.13	366.00	36427.00
chr12	120578662	120578827	165	165	70.00	179.00	115.31	108.00	19026.00
chr5	757516	758226	710	710	2.00	45.00	27.10	29.00	19243.00
chr8	21632483	21632567	84	84	55.00	86.00	68.90	71.00	5788.00
chr4	54011499	54011749	250	250	114.00	225.00	161.17	168.00	40292.00
chr8	141680613	141681365	752	752	18.00	102.00	55.83	56.00	41984.00
chr11	57367351	57367850	499	499	137.00	289.00	221.86	223.00	110710.00
chr12	63980009	63980784	775	775	0.00	43.00	15.78	14.00	12229.00
chr9	140057042	140057203	161	161	8.00	4824.00	3994.31	4260.00	643084.00
chr2	7055953	7056098	145	145	67.00	142.00	110.25	112.00	15986.00
chr12	52387768	52389043	1275	1275	25.00	653.00	380.70	379.00	485392.00
chr19	50104931	50105175	244	244	160.00	302.00	211.45	206.00	51593.00
chr19	5218430	5218543	113	113	643.00	1004.00	907.82	934.00	102584.00
chr16	29898969	29899138	169	169	725.00	1036.00	877.71	868.00	148333.00
chr7	99030900	99031041	141	141	21.00	60.00	36.50	36.00	5146.00
chr17	36692926	36693212	286	286	0.00	16.00	8.08	9.00	2312.00
chr15	73857770	73859335	1565	1565	0.00	170.00	62.45	60.00	97729.00
chr6	44104085	44104176	91	91	196.00	285.00	245.86	251.00	22373.00
chr1	21938518	21938602	84	84	994.00	1447.00	1246.39	1198.00	104697.00
chr19	13423482	13423595	113	113	30.00	53.00	42.25	42.00	4774.00
chr16	70292882	70293089	207	207	1422.00	2457.00	1947.50	1942.00	403132.00
chr18	61060641	61060782	141	141	274.00	447.00	370.23	375.00	52202.00
chr16	22269814	22270016	202	202	20.00	63.00	42.31	41.00	8546.00
chr1	21554423	21554534	111	111	112.00	252.00	167.17	150.00	18556.00
chr9	140057255	140057455	200	200	19.00	4458.00	3190.84	3951.00	638168.00
chr7	1488255	1488397	142	142	26.00	66.00	42.94	47.00	6097.00
chr14	100166351	100166438	87	87	1524.00	1708.00	1631.61	1630.00	141950.00
chr9	101065522	101065705	183	183	953.00	1400.00	1143.74	1133.00	209305.00
chr5	68411752	68412041	289	289	70.00	171.00	128.78	134.00	37218.00
chr1	2452539	2452754	215	215	74.00	182.00	127.52	137.00	27417.00
chr1	21564626	21564737	111	111	75.00	140.00	114.98	117.00	12763.00
chr13	42037713	42039066	1353	1353	1.00	81.00	29.51	26.00	39933.00
chr2	114350236	114350443	207	207	1.00	19.00	8.96	6.00	1855.00
chr1	21939668	21939722	54	54	1226.00	1391.00	1292.35	1288.50	69787.00
chr9	139353895	139354007	112	112	98.00	180.00	130.71	129.00	14640.00
chr7	102176367	102176618	251	251	7.00	29.00	16.59	16.00	4163.00
chr3	51411753	51412018	265	265	0.00	418.00	157.69	1.00	41788.00
chr17	73888091	73888266	175	175	76.00	160.00	128.70	132.00	22523.00
chr13	103297258	103297435	177	177	11.00	213.00	90.66	107.00	16047.00
chr15	63922664	63922834	170	170	326.00	567.00	409.81	399.00	69668.00
chr3	33400774	33400849	75	75	289.00	397.00	369.21	379.00	27691.00
chr22	50671744	50671955	211	211	82.00	147.00	120.16	123.00	25354.00
chr1	21190968	21191205	237	237	339.00	941.00	670.95	675.00	159016.00
chr5	14481649	14481727	78	78	331.00	445.00	385.04	397.00	30033.00
chr15	101605556	101606410	854	854	25.00	124.00	74.13	74.00	63306.00
chr17	80040402	80040554	152	152	1197.00	1930.00	1634.54	1647.00	248450.00
chr2	132269293	132270897	1604	1604	11.00	81.00	43.84	42.00	70316.00
chr11	1778553	1778786	233	233	3579.00	5056.00	4208.76	4178.00	980642.00
chr11	1469616	1469808	192	192	14.00	58.00	31.82	32.00	6110.00
chr12	120138549	120138630	81	81	323.00	461.00	394.33	370.00	31941.00
chr7	901016	901101	85	85	441.00	556.00	495.26	501.00	42097.00
chr19	13372263	13372424	161	161	98.00	172.00	139.34	147.00	22434.00
chr17	40843154	40843311	157	157	373.00	698.00	472.45	441.00	74174.00
chr17	80039476	80039719	243	243	904.00	1289.00	1108.51	1133.00	269367.00
chr17	16681109	16687365	6256	6256	0.00	291.00	97.05	98.00	607163.00
chr1	116935475	116935610	135	135	2568.00	3981.00	3418.09	3386.00	461442.00
chr6	128294808	128294972	164	164	286.00	492.00	387.16	380.00	63494.00
chr5	109189927	109190617	690	690	0.00	53.00	19.59	16.00	13520.00
chr15	40757533	40757634	101	101	50.00	258.00	174.83	168.00	17658.00
chr2	220164706	220164981	275	275	1444.00	2452.00	2026.28	2051.00	557228.00
chr3	164905164	164908639	3475	3475	7.00	365.00	127.67	97.00	443654.00
chr11	60699157	60699356	199	199	256.00	669.00	573.59	577.00	114144.00
chr2	96680301	96680717	416	416	0.00	37.00	17.74	17.00	7379.00
chr17	40845314	40845554	240	240	597.00	906.00	767.45	761.00	184187.00
chr12	125264513	125265391	878	878	5.00	65.00	32.17	32.00	28246.00
chr1	156623704	156624158	454	454	7.00	50.00	24.07	21.00	10929.00
chr6	108370456	108370622	166	166	272.00	533.00	396.90	412.00	65886.00
chr11	19180486	19180587	101	101	84.00	168.00	106.09	102.00	10715.00
chr19	42489069	42489338	269	269	1785.00	3484.00	2714.74	2938.00	730266.00
chr2	198274493	198274731	238	238	359.00	554.00	462.34	458.00	110037.00
chr6	47220991	47221257	266	266	506.00	1143.00	839.81	868.00	223390.00
chr19	40872679	40872822	143	143	2805.00	3795.00	3308.86	3330.00	473167.00
chr19	54693278	54693627	349	349	8.00	530.00	240.09	193.00	83791.00
chr12	81929	82174	245	245	0.00	65.00	40.19	46.00	9846.00
chr21	45513943	45514114	171	171	255.00	443.00	356.99	380.00	61045.00
chr3	124201630	124201747	117	117	0.00	1179.00	747.66	927.00	87476.00
chr17	79805118	79805223	105	105	676.00	919.00	769.48	766.00	80795.00
chr20	46307419	46307548	129	129	323.00	426.00	378.41	380.00	48815.00
chr17	38187790	38187873	83	83	244.00	338.00	280.52	272.00	23283.00
chr2	207452814	207452878	64	64	526.00	607.00	568.42	565.50	36379.00
chr17	45695715	45695823	108	108	983.00	1233.00	1111.89	1113.50	120084.00
chr7	44283023	44283126	103	103	1251.00	1668.00	1463.20	1455.00	150710.00
chr20	62274975	62275284	309	309	14.00	6539.00	3279.52	5380.00	1013373.00
chr11	108202605	108202764	159	159	35.00	84.00	56.67	53.00	9011.00
chr9	140051314	140051489	175	175	1173.00	1645.00	1447.45	1451.00	253303.00
chr22	45574118	45574781	663	663	52.00	343.00	172.90	172.00	114633.00
chr15	79312382	79312446	64	64	338.00	400.00	364.20	361.50	23309.00
chr1	21940120	21940199	79	79	1184.00	1352.00	1246.91	1236.00	98506.00
chr17	3775847	3775921	74	74	1099.00	1487.00	1349.19	1375.00	99840.00
chr7	73133931	73134019	88	88	2.00	1346.00	428.59	278.00	37716.00
chr11	72292920	72292991	71	71	1410.00	1895.00	1694.59	1721.00	120316.00
chr7	43547616	43547730	114	114	92.00	225.00	166.94	164.00	19031.00
chr16	58713760	58714145	385	385	26.00	105.00	50.30	43.00	19366.00
chr22	21083600	21083794	194	194	1386.00	1934.00	1696.52	1727.00	329125.00
chr11	66457275	66457414	139	139	1462.00	2014.00	1767.06	1728.00	245622.00
chr15	91561034	91561115	81	81	83.00	142.00	111.58	116.00	9038.00
chr11	2968525	2969001	476	476	8.00	80.00	34.72	34.00	16529.00
chr19	34869838	34869910	72	72	3497.00	4352.00	3829.01	3750.50	275689.00
chr9	121970996	121971219	223	223	801.00	1074.00	945.34	948.00	210810.00
chr3	47449772	47449980	208	208	11.00	154.00	91.21	104.00	18972.00
chr12	57601820	57601999	179	179	769.00	1256.00	978.42	950.00	175138.00
chr16	2345590	2345741	151	151	305.00	444.00	384.66	393.00	58083.00
chr12	50471782	50471910	128	128	232.00	295.00	270.17	272.00	34582.00
chr1	109814221	109814344	123	123	1087.00	1833.00	1580.55	1653.00	194408.00
chr19	16942304	16942458	154	154	187.00	283.00	236.82	232.50	36471.00
chr11	66333301	66333398	97	97	1409.00	1853.00	1591.33	1595.00	154359.00
chr5	74026084	74026223	139	139	401.00	534.00	452.04	442.00	62834.00
chr5	68417520	68417722	202	202	164.00	240.00	202.00	202.00	40803.00
chr19	15272262	15272525	263	263	226.00	408.00	329.57	334.00	86677.00
chr3	45872404	45872482	78	78	386.00	469.00	435.26	434.00	33950.00
chr7	73123374	73123452	78	78	1378.00	2331.00	1935.78	2051.50	150991.00
chr5	14498197	14498360	163	163	324.00	439.00	388.89	389.00	63389.00
chr14	93180167	93180230	63	63	373.00	520.00	442.11	429.00	27853.00
chr9	130984739	130984875	136	136	4419.00	6230.00	5264.51	5136.00	715974.00
chr13	31216764	31216894	130	130	84.00	173.00	128.64	138.00	16723.00
chr12	112614399	112614506	107	107	94.00	379.00	319.78	328.00	34216.00
chr12	57602865	57602982	117	117	863.00	1146.00	1028.39	1035.00	120322.00
chr14	72976861	72976987	126	126	104.00	168.00	138.99	142.00	17513.00
chr1	155209406	155209553	147	147	129.00	460.00	241.71	178.00	35532.00
chr10	49633930	49634113	183	183	256.00	504.00	361.61	363.00	66175.00
chr16	84100093	84100218	125	125	502.00	741.00	615.42	613.00	76927.00
chr1	155207924	155208097	173	173	306.00	665.00	422.62	374.00	73113.00
chr12	2786898	2787033	135	135	67.00	96.00	80.55	81.00	10874.00
chr2	233755457	233756197	740	740	1.00	1313.00	223.26	18.00	165216.00
chr14	60631894	60632099	205	205	42.00	536.00	187.02	169.00	38340.00
chr1	11151549	11151654	105	105	129.00	232.00	178.91	169.00	18786.00
chr4	134076071	134076178	107	107	435.00	542.00	491.55	494.00	52596.00
chr15	91420364	91420441	77	77	310.00	365.00	335.62	339.00	25843.00
chr5	114961533	114961755	222	222	58.00	458.00	258.42	290.50	57369.00
chr16	1814047	1814211	164	164	6.00	1117.00	581.84	905.00	95421.00
chr18	44250463	44252581	2118	2118	23.00	273.00	118.54	111.00	251070.00
chr6	158049380	158049518	138	138	210.00	388.00	276.09	263.00	38101.00
chr19	7675585	7675679	94	94	94.00	153.00	123.00	124.50	11562.00
chr13	99461604	99461719	115	115	3.00	780.00	713.18	720.00	82016.00
chr11	130010829	130011467	638	638	0.00	4451.00	473.26	26.00	301942.00
chr11	107526658	107526792	134	134	1059.00	1261.00	1170.00	1177.50	156780.00
chr16	1391294	1391490	196	196	306.00	587.00	428.71	419.50	84027.00
chr1	38182716	38184158	1442	1442	18.00	319.00	204.20	211.00	294463.00
chr5	179231023	179231323	300	300	9.00	31.00	20.09	19.00	6026.00
chr14	69814593	69814719	126	126	428.00	578.00	512.22	513.50	64540.00
chr14	69349174	69349309	135	135	431.00	764.00	587.55	587.00	79319.00
chr19	7614792	7614998	206	206	368.00	518.00	437.02	435.00	90026.00
chr1	228270375	228270466	91	91	16.00	2109.00	693.04	356.00	63067.00
chr1	38186022	38186315	293	293	0.00	181.00	88.19	109.00	25839.00
chr13	77641715	77641999	284	284	616.00	974.00	803.93	789.00	228315.00
chr14	100157417	100157498	81	81	885.00	1146.00	1021.42	1007.00	82735.00
chr13	32978280	32979333	1053	1053	5.00	205.00	51.43	42.00	54159.00
chr12	7301567	7301794	227	227	1562.00	2112.00	1847.44	1861.00	419370.00
chr9	123583116	123583257	141	141	136.00	201.00	166.01	165.00	23407.00
chr17	26883183	26883284	101	101	340.00	466.00	420.51	423.00	42472.00
chr12	6972993	6973137	144	144	1080.00	1426.00	1237.99	1238.50	178271.00
chr20	34322310	34322637	327	327	0.00	39.00	17.69	19.00	5784.00
chr19	7606407	7606570	163	163	264.00	372.00	313.79	314.00	51147.00
chr16	2333186	2333373	187	187	12.00	1402.00	995.19	1147.00	186101.00
chr12	113825548	113825711	163	163	472.00	678.00	580.69	584.00	94653.00
chr7	4802013	4807749	5736	5736	12.00	242.00	91.55	80.00	525130.00
chr1	43394880	43394985	105	105	847.00	1045.00	962.71	973.00	101085.00
chr19	4554399	4554488	89	89	1219.00	1608.00	1437.76	1465.00	127961.00
chr16	31719139	31719372	233	233	6.00	50.00	27.80	31.00	6478.00
chr5	134060669	134061744	1075	1075	19.00	146.00	85.41	88.00	91819.00
chr1	202936318	202936371	53	53	21.00	272.00	159.83	218.00	8471.00
chr2	220087366	220087615	249	249	502.00	780.00	635.27	635.00	158182.00
chr2	36764494	36764689	195	195	253.00	575.00	421.61	439.00	82213.00
chr7	43519208	43519343	135	135	86.00	169.00	143.49	152.00	19371.00
chr10	51249585	51249993	408	408	0.00	40.00	19.26	16.00	7857.00
chr6	32123647	32123755	108	108	242.00	319.00	262.20	259.00	28318.00
chr3	118624442	118624692	250	250	1.00	141.00	64.29	15.00	16072.00
chr1	190129797	190130020	223	223	63.00	119.00	87.68	86.00	19553.00
chr9	131004491	131004624	133	133	2.00	6778.00	5575.32	6505.00	741517.00
chr22	33679187	33679334	147	147	695.00	931.00	820.20	825.00	120570.00
chr15	74709931	74710016	85	85	315.00	390.00	356.55	356.00	30307.00
chr7	6470110	6470238	128	128	65.00	120.00	86.02	84.00	11011.00
chr1	6640600	6641359	759	759	12.00	131.00	67.81	63.00	51466.00
chr16	31510622	31510728	106	106	427.00	531.00	478.60	482.00	50732.00
chr4	103710287	103711803	1516	1516	9.00	95.00	43.53	42.00	65996.00
chr19	2862339	2862746	407	407	3.00	46.00	21.57	16.00	8779.00
chr2	15467873	15467994	121	121	90.00	139.00	113.39	114.00	13720.00
chr2	36780721	36781492	771	771	0.00	82.00	22.27	18.00	17172.00
chr10	81070680	81070941	261	261	52.00	178.00	111.33	108.00	29057.00
chr2	217234866	217235986	1120	1120	67.00	283.00	136.74	124.00	153149.00
chr10	93786348	93786508	160	160	116.00	201.00	152.04	154.00	24326.00
chr17	20268785	20269076	291	291	0.00	27.00	9.64	8.00	2805.00
chr9	131002006	131002062	56	56	0.00	7004.00	6189.75	6635.50	346626.00
chr1	155208307	155208441	134	134	479.00	763.00	628.06	615.50	84160.00
chr2	162833877	162834373	496	496	0.00	1681.00	139.92	15.00	69399.00
chr9	35799614	35799728	114	114	84.00	161.00	129.03	133.00	14709.00
chr20	62517856	62519234	1378	1378	37.00	436.00	106.40	98.00	146615.00
chr22	35942847	35943127	280	280	175.00	351.00	283.26	290.00	79314.00
chr13	26436438	26436546	108	108	121.00	186.00	158.81	161.00	17151.00
chr14	69371371	69371453	82	82	435.00	607.00	527.40	510.00	43247.00
chr7	44031274	44031581	307	307	0.00	16.00	5.15	4.00	1581.00
chr11	12274988	12275291	303	303	8.00	62.00	34.55	30.00	10469.00
chr5	1334403	1334498	95	95	452.00	576.00	515.08	518.00	48933.00
chr19	34868639	34868786	147	147	3406.00	5100.00	4352.02	4453.00	639747.00
chr16	1815960	1816143	183	183	1156.00	1625.00	1358.77	1362.00	248655.00
chr10	73578787	73578868	81	81	9599.00	14005.00	11726.01	11565.00	949807.00
chr17	37420427	37420640	213	213	46.00	105.00	77.11	81.00	16425.00
chr5	60835422	60835586	164	164	105.00	197.00	152.66	157.00	25036.00
chr15	79296143	79296517	374	374	564.00	1324.00	996.72	1014.50	372774.00
chr19	13039568	13039661	93	93	810.00	1006.00	899.94	898.00	83694.00
chr12	49421585	49421713	128	128	73.00	113.00	93.55	95.00	11974.00
chr1	1661057	1662583	1526	1526	86.00	1368.00	392.12	229.00	598371.00
chr2	207457340	207457460	120	120	684.00	990.00	880.86	906.50	105703.00
chr11	64542462	64543441	979	979	0.00	36.00	10.89	9.00	10663.00
chr20	61910250	61910347	97	97	321.00	415.00	365.26	367.00	35430.00
chr11	62394042	62394156	114	114	758.00	1087.00	869.04	828.50	99071.00
chr5	37301538	37301652	114	114	50.00	92.00	70.03	70.00	7983.00
chr16	4733843	4733933	90	90	538.00	712.00	620.21	632.00	55819.00
chr15	43693913	43694048	135	135	134.00	206.00	169.33	168.00	22859.00
chr11	18764538	18764622	84	84	580.00	699.00	645.38	651.50	54212.00
chr17	57842331	57842499	168	168	285.00	585.00	457.11	463.50	76794.00
chr9	96076729	96078064	1335	1335	1.00	50.00	19.78	19.00	26408.00
chr11	12246219	12246367	148	148	881.00	1024.00	960.99	961.00	142226.00
chr12	7030743	7031565	822	822	2.00	12386.00	4041.58	59.00	3322182.00
chr3	14523178	14523349	171	171	36.00	81.00	62.40	65.00	10670.00
chr5	758508	759483	975	975	0.00	32.00	8.60	7.00	8386.00
chr12	22635490	22635677	187	187	113.00	302.00	200.87	195.00	37563.00
chr5	14479369	14479459	90	90	266.00	465.00	375.32	386.00	33779.00
chr6	143655214	143656079	865	865	0.00	76.00	28.70	27.00	24822.00
chr7	75508360	75508578	218	218	474.00	4461.00	3192.89	3622.00	696049.00
chr11	60697981	60698131	150	150	243.00	578.00	381.17	366.50	57175.00
chr1	151400598	151400889	291	291	165.00	277.00	215.16	216.00	62613.00
chr5	172196431	172197309	878	878	55.00	2451.00	786.78	139.00	690795.00
chr3	49152660	49152794	134	134	137.00	222.00	179.14	181.50	24005.00
chr7	5518281	5519950	1669	1669	68.00	353.00	184.99	173.00	308755.00
chr17	16691106	16691449	343	343	0.00	247.00	116.37	140.00	39916.00
chr2	220086993	220087172	179	179	650.00	1261.00	1024.22	1084.00	183336.00
chr10	51746916	51748006	1090	1090	0.00	67.00	16.63	13.00	18125.00
chr12	7302118	7302289	171	171	1507.00	2684.00	2114.65	2249.00	361605.00
chr11	59562844	59562955	111	111	16.00	77.00	46.22	40.00	5130.00
chr12	6100984	6101184	200	200	139.00	289.00	202.43	186.00	40485.00
chr19	5683274	5683627	353	353	5.00	43.00	23.97	26.00	8462.00
chr12	2786259	2786387	128	128	94.00	144.00	118.43	118.00	15159.00
chr15	26812727	26812880	153	153	397.00	631.00	491.25	465.00	75162.00
chr1	149007980	149008798	818	818	0.00	82.00	38.28	37.00	31310.00
chr19	54965608	54965861	253	253	172.00	375.00	269.19	249.00	68104.00
chr8	27293259	27293310	51	51	995.00	1218.00	1117.69	1107.00	57002.00
chr15	23014437	23014528	91	91	342.00	420.00	383.78	387.00	34924.00
chr1	111717500	111717585	85	85	224.00	379.00	303.00	293.00	25755.00
chr6	150157220	150157433	213	213	649.00	886.00	778.64	782.00	165850.00
chr13	114566547	114566670	123	123	200.00	463.00	347.25	339.00	42712.00
chr16	58539291	58539605	314	314	0.00	65.00	22.93	22.00	7200.00
chr1	21936612	21936768	156	156	866.00	1605.00	1208.83	1197.50	188577.00
chr1	17322880	17322991	111	111	749.00	1363.00	1088.52	1108.00	120826.00
chr11	60699455	60699599	144	144	398.00	795.00	549.01	491.00	79058.00
chr5	6749669	6749770	101	101	93.00	131.00	107.71	108.00	10879.00
chr16	2156805	2156949	144	144	4.00	327.00	141.94	117.00	20440.00
chr15	34690834	34690930	96	96	123.00	167.00	137.58	134.00	13208.00
chr3	11074933	11075425	492	492	9.00	1197.00	225.42	28.00	110908.00
chr5	74655222	74655381	159	159	484.00	686.00	583.21	584.00	92731.00
chr20	20022968	20023160	192	192	98.00	186.00	140.73	141.00	27021.00
chr2	39055481	39055578	97	97	50.00	176.00	118.71	131.00	11515.00
chr19	16793231	16793528	297	297	3.00	418.00	107.35	15.00	31884.00
chr2	219205450	219205509	59	59	299.00	351.00	327.36	326.00	19314.00
chr17	74087429	74087729	300	300	8.00	47.00	29.15	33.00	8745.00
chr3	184058150	184060036	1886	1886	0.00	3044.00	390.22	38.00	735958.00
chr6	90333128	90333263	135	135	133.00	227.00	186.69	187.00	25203.00
chr12	125267019	125267429	410	410	2.00	183.00	61.13	49.00	25065.00
chr1	207942580	207943104	524	524	53.00	165.00	101.05	93.50	52948.00
chr4	89356876	89357043	167	167	71.00	140.00	104.40	100.00	17434.00
chr7	101995498	101995736	238	238	0.00	7.00	3.72	3.00	886.00
chr3	11067458	11067562	104	104	785.00	999.00	891.15	880.00	92680.00
chr5	95734582	95734740	158	158	119.00	196.00	146.97	145.00	23221.00
chr6	152529106	152529341	235	235	286.00	470.00	392.35	402.00	92203.00
chr5	102295578	102295763	185	185	512.00	748.00	640.56	633.00	118504.00
chr22	21072980	21073110	130	130	1691.00	3218.00	2388.51	2372.50	310506.00
chr12	121855306	121855714	408	408	144.00	563.00	247.92	216.00	101152.00
chr1	160326389	160326544	155	155	480.00	632.00	564.15	564.00	87444.00
chr11	60670930	60671007	77	77	999.00	1337.00	1169.06	1187.00	90018.00
chr17	79804822	79804948	126	126	783.00	1121.00	991.59	996.50	124940.00
chr16	18527204	18527332	128	128	1629.00	2718.00	2239.04	2248.50	286597.00
chr16	16372518	16372646	128	128	1604.00	2667.00	2202.31	2211.50	281896.00
chr2	32750530	32750695	165	165	150.00	232.00	184.43	180.00	30431.00
chr14	69369193	69369279	86	86	503.00	632.00	585.28	593.50	50334.00
chr7	66418212	66418356	144	144	395.00	536.00	457.83	452.50	65927.00
chr6	44107988	44108097	109	109	248.00	354.00	305.38	314.00	33286.00
chr7	70885893	70886091	198	198	870.00	1489.00	1123.41	1035.50	222435.00
chr8	27295281	27295397	116	116	871.00	1208.00	990.90	970.00	114944.00
chr7	73122918	73123018	100	100	2004.00	2391.00	2242.75	2243.00	224275.00
chr15	34698874	34699071	197	197	80.00	218.00	125.56	114.00	24736.00
chr8	22009343	22009513	170	170	652.00	1115.00	861.85	856.50	146514.00
chr7	1526557	1526737	180	180	231.00	374.00	288.35	290.00	51903.00
chr5	178053946	178054065	119	119	18.00	157.00	83.35	61.00	9919.00
chr12	6103027	6103369	342	342	111.00	219.00	163.88	172.00	56048.00
chr2	3479491	3480482	991	991	2.00	78.00	29.53	30.00	29265.00
chr3	33883388	33883566	178	178	209.00	385.00	285.03	270.50	50735.00
chr19	11019778	11019883	105	105	282.00	390.00	337.19	337.00	35405.00
chr7	98446205	98446318	113	113	4316.00	6377.00	5438.88	5702.00	614593.00
chr8	106813274	106813932	658	658	23.00	140.00	68.89	63.00	45328.00
chr2	223795338	223795530	192	192	836.00	1154.00	996.97	1004.00	191419.00
chr7	75511146	75511554	408	408	2823.00	4897.00	3834.23	3870.00	1564364.00
chr21	40184926	40185038	112	112	417.00	599.00	513.42	528.00	57503.00
chr19	53383575	53385236	1661	1661	3.00	102.00	44.07	46.00	73200.00
chr19	14208130	14208295	165	165	10.00	2350.00	1418.78	1738.00	234099.00
chr15	91461013	91461618	605	605	2.00	1255.00	374.37	44.00	226493.00
chr8	145278010	145278133	123	123	77.00	115.00	93.85	95.00	11543.00
chr16	28132990	28133083	93	93	522.00	673.00	596.83	591.00	55505.00
chr11	125280091	125280221	130	130	122.00	260.00	215.09	226.50	27962.00
chr15	63128089	63128317	228	228	89.00	848.00	584.83	678.00	133341.00
chr9	131181435	131181557	122	122	8.00	785.00	680.98	697.00	83079.00
chr19	3281196	3281343	147	147	608.00	871.00	761.71	801.00	111971.00
chr11	6240200	6240280	80	80	137.00	174.00	153.18	153.00	12254.00
chr20	31019123	31019287	164	164	41.00	86.00	58.48	56.00	9590.00
chr6	46825865	46827260	1395	1395	78.00	359.00	175.56	166.00	244909.00
chr12	1672006	1672666	660	660	0.00	36.00	19.02	23.00	12553.00
chr12	9098824	9099001	177	177	391.00	600.00	502.41	495.00	88927.00
chr7	121738503	121738630	127	127	67.00	115.00	96.18	96.00	12215.00
chr19	40875814	40875935	121	121	4023.00	5013.00	4492.70	4430.00	543617.00
chr20	3581592	3581671	79	79	175.00	215.00	195.43	193.00	15439.00
chr17	7226965	7227042	77	77	130.00	169.00	144.96	147.00	11162.00
chr2	74331800	74332809	1009	1009	16.00	89.00	47.18	46.00	47607.00
chr1	209785136	209785610	474	474	4.00	922.00	600.94	679.50	284847.00
chr9	35546426	35548532	2106	2106	115.00	678.00	339.18	340.00	714317.00
chr17	80040198	80040290	92	92	1011.00	1322.00	1165.80	1165.00	107254.00
chr11	73074791	73075284	493	493	10.00	535.00	178.68	57.00	88088.00
chr20	44674976	44675075	99	99	490.00	635.00	550.21	547.00	54471.00
chr20	5892091	5892328	237	237	103.00	1677.00	850.83	868.00	201646.00
chr17	20316581	20317594	1013	1013	0.00	37.00	14.35	13.00	14538.00
chr12	99478702	99478801	99	99	366.00	538.00	435.61	413.00	43125.00
chr17	40842756	40842960	204	204	484.00	828.00	671.25	685.50	136936.00
chr11	107501142	107501288	146	146	445.00	669.00	552.68	554.50	80692.00
chr11	85429236	85429532	296	296	0.00	29.00	8.66	7.00	2564.00
chr20	9449217	9449319	102	102	162.00	252.00	210.66	218.50	21487.00
chr14	23371395	23371591	196	196	313.00	582.00	419.61	407.00	82244.00
chr7	716865	716957	92	92	3656.00	5773.00	5001.82	5102.50	460167.00
chr10	48862360	48862682	322	322	0.00	183.00	81.71	95.00	26311.00
chr10	68686678	68688210	1532	1532	27.00	338.00	155.30	145.00	237916.00
chr5	179674854	179674926	72	72	717.00	926.00	824.17	835.00	59340.00
chr1	209773327	209773456	129	129	273.00	386.00	328.38	317.00	42361.00
chr17	45691034	45691091	57	57	900.00	1053.00	975.14	969.00	55583.00
chr1	19669871	19670118	247	247	18.00	56.00	35.51	36.00	8772.00
chr17	45664025	45664710	685	685	7.00	607.00	104.23	31.00	71395.00
chr19	2337634	2338840	1206	1206	3.00	181.00	50.92	47.00	61405.00
chr8	22011480	22011552	72	72	642.00	985.00	833.60	860.00	60019.00
