#chrom	start	end	size	num_data	min	max	mean	median	sum
chr20	60962376	60962444	68	68	8427.00	24668.00	15664.31	16505.50	1065173.00
chr20	60962666	60962730	64	64	23745.00	28765.00	25794.86	25479.50	1650871.00
chr9	140046637	140048246	1609	1609	0.00	14.00	0.90	0.00	1443.00
chr20	60963364	60963575	211	211	46.00	19024.00	5323.02	1302.00	1123157.00
chr4	39457960	39458158	198	198	12.00	18503.00	9834.52	12675.00	1947234.00
chr16	46717400	46717518	118	118	0.00	611.00	401.08	461.50	47327.00
chr5	141348677	141348732	55	55	48.00	218.00	119.13	108.00	6552.00
chr1	27889774	27889872	98	98	0.00	0.00	0.00	0.00	0.00
chr10	85899271	85899349	78	78	37.00	2790.00	1266.33	1156.00	98774.00
chr12	56436208	56436386	178	178	2234.00	7840.00	6108.72	6716.50	1087352.00
chr8	1285747	1287021	1274	1274	0.00	11.00	0.34	0.00	433.00
chr10	71930168	71930259	91	91	20.00	485.00	286.82	277.00	26101.00
chr7	22852591	22852804	213	213	87.00	13800.00	6880.14	6475.00	1465469.00
chr6	34385239	34385324	85	85	305.00	7996.00	3816.14	3970.00	324372.00
chr19	13351029	13351528	499	499	0.00	8.00	0.91	0.00	456.00
chr8	82633461	82633523	62	62	14.00	186.00	133.15	156.50	8255.00
chr7	157639384	157641336	1952	1952	0.00	2.00	0.21	0.00	404.00
chr11	61312182	61313477	1295	1295	0.00	28.00	5.24	0.00	6786.00
chr2	55462563	55463120	557	557	63.00	26341.00	4789.73	109.00	2667879.00
chr15	82822713	82822779	66	66	12992.00	19153.00	16377.70	16568.00	1080928.00
chr15	83207056	83207122	66	66	14670.00	17821.00	16294.64	16490.50	1075446.00
chr20	60962898	60963118	220	220	44.00	23217.00	6687.25	66.00	1471196.00
chr14	50087279	50087341	62	62	35.00	3345.00	1629.34	1617.50	101019.00
chr1	161007431	161007616	185	185	54.00	1305.00	771.18	794.00	142668.00
chr16	56667662	56667871	209	209	168.00	2009.00	1401.98	1646.00	293014.00
chr2	62095273	62095841	568	568	11.00	3209.00	885.27	197.00	502835.00
chr19	50002768	50002948	180	180	12.00	22848.00	10830.97	10874.50	1949574.00
chr5	141350268	141350442	174	174	214.00	374.00	318.22	320.00	55371.00
chr14	50050290	50050393	103	103	67.00	15040.00	6041.40	4065.00	622264.00
chr11	13438704	13438826	122	122	0.00	780.00	576.89	670.50	70381.00
chr2	3113787	3114772	985	985	0.00	0.00	0.00	0.00	0.00
chr4	166234389	166234518	129	129	1434.00	1830.00	1660.98	1661.00	214266.00
chr20	57607274	57607398	124	124	71.00	18692.00	8596.83	7961.50	1066007.00
chr6	52860421	52860742	321	321	0.00	698.00	402.90	425.00	129330.00
chr8	74203786	74203896	110	110	14676.00	21631.00	17991.05	17711.00	1979016.00
chr7	10973076	10973319	243	243	11.00	43633.00	20410.27	21843.00	4959696.00
chr2	76672341	76672528	187	187	0.00	24.00	13.71	14.00	2563.00
chr8	74204007	74204145	138	138	16087.00	20489.00	18451.57	18672.00	2546317.00
chr16	85833245	85833358	113	113	547.00	14392.00	3938.04	2167.00	444998.00
chr10	7830132	7830226	94	94	174.00	2907.00	1467.48	1364.50	137943.00
chr6	35438356	35438556	200	200	86.00	9363.00	5845.76	7686.00	1169152.00
chr17	44450181	44450232	51	51	184.00	1520.00	677.22	689.00	34538.00
chr4	170611680	170611803	123	123	202.00	308.00	244.57	232.00	30082.00
chr6	34741222	34741557	335	335	25.00	2430.00	1544.47	1894.00	517399.00
chr2	220113512	220113621	109	109	16.00	90.00	71.01	77.00	7740.00
chr2	217363965	217364121	156	156	14.00	47208.00	28948.20	34633.50	4515919.00
chr17	4701574	4701786	212	212	36.00	3742.00	2307.11	2675.50	489107.00
chr17	44668087	44668153	66	66	40.00	787.00	285.09	233.00	18816.00
chr4	166248829	166248916	87	87	27.00	399.00	197.67	180.00	17197.00
chr14	50052369	50052767	398	398	0.00	24870.00	5419.39	5.00	2156918.00
chr17	8285460	8285633	173	173	21957.00	42924.00	31654.37	30502.00	5476206.00
chr9	33256798	33256906	108	108	1980.00	2615.00	2418.21	2461.50	261167.00
chr11	17096643	17096744	101	101	5597.00	8421.00	7448.18	7576.00	752266.00
chr3	179332758	179332847	89	89	1731.00	2290.00	1936.97	1953.00	172390.00
chr6	40459174	40459904	730	730	0.00	0.00	0.00	0.00	0.00
chr16	910657	910966	309	309	0.00	6.00	0.43	0.00	132.00
chr4	39456483	39456564	81	81	18110.00	24640.00	20756.72	20120.00	1681294.00
chr5	1815964	1816162	198	198	79.00	5547.00	3119.85	3573.50	617731.00
chr1	40506387	40506473	86	86	14.00	314.00	129.19	119.00	11110.00
chr7	22862295	22862456	161	161	109.00	14353.00	9500.14	10917.00	1529522.00
chr19	13547230	13547514	284	284	0.00	0.00	0.00	0.00	0.00
chr11	125092545	125092689	144	144	0.00	6.00	2.84	3.00	409.00
chr15	55681562	55681631	69	69	166.00	289.00	221.07	209.00	15254.00
chr1	153964041	153964236	195	195	6.00	27667.00	13308.76	18788.00	2595208.00
chr13	27827736	27827980	244	244	0.00	32525.00	7946.39	15.00	1938918.00
chr5	81574138	81574200	62	62	81.00	9613.00	1909.06	288.00	118362.00
chr12	56510998	56511604	606	606	17.00	56959.00	21218.71	8098.50	12858541.00
chr10	120938266	120938323	57	57	45.00	1173.00	626.07	736.00	35686.00
chr13	114561069	114562803	1734	1734	0.00	20.00	2.40	0.00	4158.00
chr3	150340171	150340282	111	111	951.00	1796.00	1406.21	1293.00	156089.00
chr6	75947476	75947704	228	228	24.00	16878.00	8650.88	9834.50	1972401.00
chr1	154245108	154245252	144	144	115.00	991.00	594.06	653.00	85545.00
chr3	42845927	42845995	68	68	227.00	4100.00	1773.22	1483.50	120579.00
chr20	57603638	57603896	258	258	95.00	15595.00	4328.48	1957.00	1116747.00
chr11	61307866	61308833	967	967	0.00	33.00	12.33	10.00	11925.00
chr8	1287087	1289234	2147	2147	0.00	4.00	0.37	0.00	805.00
chr1	95615763	95615822	59	59	40.00	97.00	69.78	70.00	4117.00
chr11	61306915	61307700	785	785	0.00	3.00	0.32	0.00	250.00
chr2	85569254	85569444	190	190	91.00	378.00	271.54	302.00	51593.00
chr16	18796059	18796145	86	86	8185.00	10500.00	9238.67	8962.00	794526.00
chr16	18800302	18800440	138	138	4299.00	14210.00	10508.15	11662.00	1450125.00
chr13	76104249	76104402	153	153	2272.00	3112.00	2588.59	2555.00	396054.00
chr6	160200926	160201119	193	193	2257.00	3460.00	2683.19	2642.00	517855.00
chr3	119217402	119217802	400	400	1.00	965.00	694.98	796.50	277991.00
chr11	77330650	77330740	90	90	1140.00	1500.00	1307.98	1257.00	117718.00
chr17	41150614	41150848	234	234	93.00	26346.00	6474.88	216.00	1515121.00
chr13	27830320	27830529	209	209	52.00	25769.00	17056.59	22766.00	3564827.00
chr10	79231930	79232252	322	322	0.00	0.00	0.00	0.00	0.00
chr11	61556602	61556707	105	105	97.00	2393.00	1133.81	1139.00	119050.00
chr15	34388095	34388215	120	120	803.00	1084.00	929.15	935.50	111498.00
chr13	78473993	78474102	109	109	245.00	307.00	277.83	279.00	30283.00
chr2	217364671	217366694	2023	2023	13.00	45567.00	2976.02	72.00	6020491.00
chr7	45022643	45022921	278	278	46.00	657.00	416.79	468.00	115868.00
chr9	88664910	88665253	343	343	0.00	0.00	0.00	0.00	0.00
chr9	86595417	86595531	114	114	32.00	673.00	367.59	396.00	41905.00
chr9	130210114	130210268	154	154	56.00	11429.00	6224.16	7484.00	958520.00
chr8	53548574	53548629	55	55	811.00	1052.00	939.49	945.00	51672.00
chr7	56169263	56169554	291	291	41.00	9161.00	5833.00	6974.00	1697404.00
chr2	212286731	212286829	98	98	22.00	40.00	30.97	32.00	3035.00
chr12	66563634	66563775	141	141	53.00	875.00	516.45	662.00	72819.00
chr22	39708887	39708989	102	102	4.00	22142.00	8479.60	7316.00	864919.00
chr19	9940640	9940792	152	152	44.00	7282.00	4235.32	4527.50	643769.00
chr22	40742544	40742715	171	171	36.00	202.00	141.67	157.00	24225.00
chr6	52947301	52947416	115	115	715.00	1123.00	883.53	887.00	101606.00
chr12	100613785	100613924	139	139	861.00	1437.00	1107.98	1106.00	154009.00
chr17	36920371	36920474	103	103	214.00	2567.00	1514.32	1625.00	155975.00
chr4	152022126	152022314	188	188	12098.00	15239.00	14108.35	14430.50	2652369.00
chr4	109543106	109543180	74	74	5694.00	19204.00	12087.68	12125.00	894488.00
chr7	103848280	103848438	158	158	18.00	128.00	82.77	96.00	13078.00
chr3	197682531	197683078	547	547	12.00	8392.00	812.01	267.00	444167.00
chr5	43313457	43313578	121	121	9.00	372.00	151.94	118.00	18385.00
chr16	46715990	46716125	135	135	0.00	629.00	387.75	513.00	52346.00
chr6	75953432	75953511	79	79	330.00	10335.00	4739.53	4604.00	374423.00
chr8	99053984	99054085	101	101	97.00	13274.00	7646.09	7482.00	772255.00
chr14	39561744	39561831	87	87	184.00	279.00	218.51	218.00	19010.00
chr12	112842994	112843180	186	186	19.00	13680.00	7825.23	8747.50	1455493.00
chr3	156232152	156232238	86	86	372.00	480.00	435.48	437.00	37451.00
chr1	161127910	161128001	91	91	2480.00	3220.00	2840.13	2880.00	258452.00
chr17	3623600	3623696	96	96	558.00	843.00	713.40	714.50	68486.00
chr4	8488160	8488274	114	114	0.00	14.00	8.18	10.00	932.00
chr1	93297596	93297883	287	287	7.00	5623.00	774.81	32.00	222371.00
chr1	6257711	6257893	182	182	18.00	23243.00	9931.03	10405.00	1807447.00
chr17	30178892	30179327	435	435	102.00	3852.00	2656.72	3005.00	1155672.00
chr6	29913227	29913653	426	426	12.00	6239.00	4452.21	5361.50	1896641.00
chr8	1333882	1335355	1473	1473	0.00	0.00	0.00	0.00	0.00
chr8	104033297	104033453	156	156	60.00	1132.00	620.78	710.50	96842.00
chr12	57106217	57106336	119	119	203.00	9472.00	4839.18	4331.00	575862.00
chr14	92587985	92588235	250	250	346.00	4351.00	1104.55	554.00	276137.00
chr1	165600456	165600530	74	74	288.00	3736.00	1865.08	1914.00	138016.00
chr12	6975147	6975793	646	646	27.00	3850.00	2578.64	2504.00	1665801.00
chr2	201936712	201936782	70	70	212.00	1934.00	864.83	703.50	60538.00
chr14	78174445	78174551	106	106	86.00	3708.00	1819.08	1794.00	192823.00
chr15	101812398	101813061	663	663	10.00	847.00	591.09	666.00	391893.00
chr16	18794052	18794470	418	418	0.00	8150.00	1331.61	88.00	556614.00
chr14	101331603	101331904	301	301	0.00	0.00	0.00	0.00	0.00
chr8	109260841	109260933	92	92	23.00	1026.00	665.74	678.50	61248.00
chr6	33240319	33240503	184	184	27.00	30236.00	11772.66	13881.50	2166170.00
chr15	82823287	82823393	106	106	18148.00	45863.00	34696.80	37003.50	3677861.00
chr15	83207630	83207736	106	106	17927.00	36809.00	27732.97	28493.00	2939695.00
chr9	140049063	140050870	1807	1807	0.00	16.00	1.34	0.00	2421.00
chr9	127623697	127623834	137	137	11337.00	23228.00	18879.07	19612.00	2586433.00
chr4	152024022	152024456	434	434	26.00	23309.00	9987.82	65.00	4334714.00
chr14	39532527	39532617	90	90	155.00	243.00	198.28	191.00	17845.00
chr8	37597882	37597964	82	82	55.00	98.00	71.12	68.00	5832.00
chr2	27994596	27994666	70	70	66.00	2151.00	1073.16	1209.00	75121.00
chr20	57605357	57605484	127	127	15691.00	19904.00	18262.17	18273.00	2319296.00
chr12	21788274	21788643	369	369	22.00	20548.00	12684.62	14054.00	4680625.00
chr11	17098975	17099089	114	114	148.00	11998.00	4136.17	341.50	471523.00
chr15	83654980	83655121	141	141	14.00	334.00	244.63	275.00	34493.00
chr8	1302511	1303663	1152	1152	0.00	15.00	2.36	0.00	2723.00
chr16	56717869	56718106	237	237	127.00	2681.00	1394.84	1535.00	330578.00
chr11	61316511	61317259	748	748	0.00	10.00	1.35	0.00	1010.00
chr8	1407998	1408381	383	383	0.00	2.00	0.53	0.00	202.00
chr9	140833366	140833967	601	601	0.00	18.00	5.88	6.00	3534.00
chr2	114713199	114713283	84	84	2147.00	2888.00	2450.27	2357.00	205823.00
chr6	133137599	133137830	231	231	0.00	25008.00	9329.36	8.00	2155082.00
chr2	47403114	47403667	553	553	26.00	26550.00	1850.67	133.00	1023421.00
chr18	56824839	56824897	58	58	3100.00	3995.00	3553.28	3350.00	206090.00
chr15	49447721	49447789	68	68	13.00	370.00	206.59	232.00	14048.00
chr8	1328506	1329077	571	571	0.00	6.00	1.10	0.00	630.00
chr22	48905128	48905505	377	377	0.00	18.00	5.84	5.00	2201.00
chr19	15366874	15367074	200	200	150.00	317.00	231.90	224.00	46380.00
chr5	31663101	31663338	237	237	0.00	0.00	0.00	0.00	0.00
chr4	6499163	6499319	156	156	0.00	0.00	0.00	0.00	0.00
chr18	47016823	47016922	99	99	12316.00	16402.00	13802.35	13706.00	1366433.00
chr20	32677124	32677711	587	587	40.00	2439.00	1309.16	1680.00	768477.00
chr7	154495717	154496173	456	456	0.00	0.00	0.00	0.00	0.00
chr17	79857795	79858128	333	333	147.00	4395.00	2769.91	3384.00	922380.00
chr14	23495058	23495584	526	526	23.00	4607.00	3061.88	3222.50	1610549.00
chr11	33453866	33455459	1593	1593	0.00	4.00	0.51	0.00	808.00
chr19	24009898	24010069	171	171	97.00	2347.00	1385.68	1420.00	236952.00
chr8	99056316	99057688	1372	1372	11.00	23286.00	2667.22	62.00	3659432.00
chr15	76518189	76518270	81	81	1438.00	1730.00	1628.30	1625.00	131892.00
chr7	2405951	2406083	132	132	309.00	616.00	453.39	441.50	59847.00
chr17	77225977	77226356	379	379	0.00	1.00	0.26	0.00	100.00
chr8	109226835	109226945	110	110	2055.00	2378.00	2216.82	2221.00	243850.00
chr15	66795695	66795867	172	172	5868.00	10031.00	8429.05	8676.00	1449796.00
chr21	35751726	35751815	89	89	691.00	1299.00	1099.92	1127.00	97893.00
chr9	140043870	140044424	554	554	0.00	4.00	0.73	0.00	404.00
chr12	53413693	53413810	117	117	622.00	1008.00	810.89	821.00	94874.00
chr1	93301746	93301949	203	203	6450.00	9230.00	8009.64	8268.00	1625957.00
chr3	53925796	53925885	89	89	88.00	1150.00	649.83	618.00	57835.00
chr3	69120685	69120768	83	83	268.00	330.00	301.24	303.00	25003.00
chr5	36606686	36607116	430	430	0.00	702.00	126.82	25.00	54531.00
chr8	1337727	1339342	1615	1615	0.00	22.00	3.01	0.00	4854.00
chr3	10555942	10556047	105	105	0.00	0.00	0.00	0.00	0.00
chr17	26903528	26903944	416	416	0.00	3799.00	421.12	22.00	175188.00
chr14	70826235	70826428	193	193	26.00	2259.00	915.58	639.00	176706.00
chr11	63743696	63744007	311	311	158.00	13692.00	8204.14	9411.00	2551489.00
chr2	3622881	3622940	59	59	66.00	6405.00	1046.22	236.00	61727.00
chr19	41059346	41059540	194	194	0.00	11.00	3.69	0.00	715.00
chr1	160254844	160254920	76	76	11.00	755.00	396.09	394.00	30103.00
chr13	50125461	50125604	143	143	195.00	339.00	243.73	238.00	34853.00
chr10	74385767	74385864	97	97	0.00	345.00	132.59	82.00	12861.00
chr1	24022192	24022622	430	430	8.00	23745.00	4169.62	31.00	1792935.00
chr5	149822902	149823916	1014	1014	64.00	18008.00	1015.88	139.00	1030099.00
chr3	58417457	58417520	63	63	690.00	919.00	793.06	784.00	49963.00
chr4	8095073	8095888	815	815	0.00	20.00	2.97	0.00	2422.00
chr19	48281945	48282071	126	126	507.00	23936.00	11667.13	14094.50	1470059.00
chr8	1310963	1311278	315	315	0.00	0.00	0.00	0.00	0.00
chr16	56660791	56661007	216	216	200.00	6467.00	3816.42	4312.00	824346.00
chr5	149826985	149827298	313	313	23.00	16969.00	6262.80	97.00	1960256.00
chr18	19353584	19353689	105	105	55.00	121.00	87.46	80.00	9183.00
chr1	117963190	117963308	118	118	22.00	154.00	90.40	106.00	10667.00
chr7	158191496	158192060	564	564	0.00	13.00	1.75	0.00	988.00
chr12	57033663	57033976	313	313	34.00	15352.00	9031.20	12096.00	2826766.00
chr7	54826850	54826915	65	65	100.00	1625.00	963.42	1000.00	62622.00
chr18	3262131	3262235	104	104	17.00	3979.00	1807.62	2000.00	187992.00
chr20	56918773	56918855	82	82	220.00	321.00	267.79	267.00	21959.00
chr2	55460498	55460553	55	55	22918.00	29767.00	26569.09	26744.00	1461300.00
chr9	130213556	130213674	118	118	97.00	14822.00	8927.92	8657.00	1053495.00
chr7	54819984	54820151	167	167	25.00	3462.00	1118.31	729.00	186758.00
chr19	58906048	58906170	122	122	28.00	7256.00	2899.24	2464.50	353707.00
chr2	187531430	187531510	80	80	267.00	388.00	327.16	316.50	26173.00
chr10	51580555	51580696	141	141	501.00	660.00	568.60	566.00	80172.00
chr11	21135134	21135260	126	126	289.00	361.00	327.34	326.00	41245.00
chr4	602915	603654	739	739	0.00	15.00	5.76	5.00	4253.00
chr1	27915783	27915968	185	185	0.00	0.00	0.00	0.00	0.00
chr2	11724902	11725051	149	149	0.00	1.00	0.68	1.00	101.00
chr7	135635346	135635430	84	84	1252.00	1447.00	1340.06	1339.00	112565.00
chr3	13169437	13170032	595	595	0.00	2.00	0.31	0.00	182.00
chr3	197680808	197681018	210	210	17.00	17434.00	9498.60	12608.50	1994705.00
chr9	34613544	34613868	324	324	27.00	4282.00	2627.99	2892.00	851470.00
chr3	62305395	62305507	112	112	644.00	1002.00	872.48	880.50	97718.00
chr4	174308947	174309781	834	834	0.00	2032.00	286.62	39.00	239040.00
chr15	78832790	78832881	91	91	33.00	1383.00	711.67	790.00	64762.00
chr10	714132	714671	539	539	7.00	64.00	30.02	26.00	16182.00
chr8	1312779	1313338	559	559	0.00	0.00	0.00	0.00	0.00
chr17	77366765	77366942	177	177	0.00	0.00	0.00	0.00	0.00
chr2	3623181	3623274	93	93	6723.00	18656.00	12638.70	11685.00	1175399.00
chr14	50272738	50272851	113	113	320.00	469.00	394.35	402.00	44561.00
chr5	52978947	52979164	217	217	61.00	3018.00	1303.54	1175.00	282869.00
chr3	179333770	179333837	67	67	1671.00	2106.00	1929.67	2001.00	129288.00
chr1	162469744	162470057	313	313	5.00	151.00	85.17	81.00	26657.00
chr12	133528347	133528661	314	314	0.00	0.00	0.00	0.00	0.00
chr9	130209952	130210096	144	144	58.00	3779.00	679.01	80.00	97778.00
chr9	114287457	114287542	85	85	1.00	38.00	18.40	18.00	1564.00
chr16	648960	649176	216	216	5.00	50.00	27.58	28.00	5958.00
chr7	70625531	70625736	205	205	0.00	0.00	0.00	0.00	0.00
chr7	140396504	140396642	138	138	322.00	7878.00	4886.79	5477.50	674377.00
chr3	12877458	12877961	503	503	12.00	28163.00	5323.76	51.00	2677851.00
chr8	1356126	1356675	549	549	0.00	23.00	5.52	0.00	3030.00
chr11	64089057	64089265	208	208	516.00	13729.00	9779.89	11718.50	2034217.00
chr8	962950	963753	803	803	0.00	10.00	0.20	0.00	160.00
chr8	1243161	1246013	2852	2852	0.00	333.00	14.77	0.00	42137.00
chr7	99896310	99896623	313	313	0.00	0.00	0.00	0.00	0.00
chr12	6602223	6602450	227	227	233.00	4941.00	2474.41	2292.00	561690.00
chr11	51168440	51168568	128	128	0.00	0.00	0.00	0.00	0.00
chr1	161183653	161184181	528	528	29.00	2938.00	1192.65	492.00	629718.00
chr8	1421477	1421623	146	146	0.00	0.00	0.00	0.00	0.00
chr11	67123414	67123503	89	89	0.00	1.00	0.15	0.00	13.00
chr1	54507396	54507478	82	82	3278.00	5021.00	4287.61	4311.00	351584.00
chr2	183743604	183743742	138	138	0.00	0.00	0.00	0.00	0.00
chr3	12880847	12881029	182	182	22200.00	27732.00	25444.10	25682.00	4630826.00
chr11	61096834	61097056	222	222	304.00	437.00	375.53	381.50	83367.00
chr17	77277626	77277812	186	186	0.00	0.00	0.00	0.00	0.00
chr20	18548083	18548240	157	157	82.00	1938.00	1169.33	1228.00	183585.00
chr3	184023841	184023943	102	102	1017.00	1404.00	1234.67	1248.00	125936.00
chr20	44845850	44845952	102	102	0.00	13.00	7.17	12.00	731.00
chr1	45244201	45244425	224	224	28.00	21032.00	7383.33	5236.00	1653865.00
chr18	35009257	35009508	251	251	0.00	0.00	0.00	0.00	0.00
chr10	60028911	60029064	153	153	125.00	1610.00	865.26	952.00	132385.00
chr7	140705975	140706335	360	360	55.00	1871.00	1074.96	1029.00	386987.00
chr22	18074542	18075502	960	960	25.00	13737.00	5772.99	7922.00	5542075.00
chr1	153946748	153947311	563	563	19.00	3887.00	1667.94	1450.00	939050.00
chr11	32608557	32608690	133	133	652.00	1045.00	860.77	857.00	114482.00
chr1	184695388	184695523	135	135	28.00	65.00	43.15	41.00	5825.00
chr8	10257907	10259478	1571	1571	0.00	0.00	0.00	0.00	0.00
chr3	186502009	186503840	1831	1831	0.00	10188.00	1860.49	37.00	3406562.00
chr7	102996140	102996240	100	100	612.00	821.00	705.40	699.00	70540.00
chr9	35099896	35100169	273	273	142.00	2249.00	1455.32	1555.00	397301.00
chr7	71155616	71155866	250	250	0.00	0.00	0.00	0.00	0.00
chr6	160199201	160199312	111	111	1289.00	1669.00	1523.60	1534.00	169120.00
chr9	101108512	101108977	465	465	0.00	0.00	0.00	0.00	0.00
chr16	56667251	56667317	66	66	1374.00	1874.00	1654.11	1703.00	109171.00
chr8	1391588	1392091	503	503	0.00	22.00	4.40	0.00	2211.00
chr11	62340055	62340214	159	159	3540.00	10528.00	7903.97	8453.00	1256732.00
chr17	79214786	79215080	294	294	63.00	3613.00	2495.18	3007.00	733583.00
chr1	173446461	173446631	170	170	77.00	2712.00	1416.81	1610.00	240857.00
chr8	63930051	63930189	138	138	392.00	721.00	531.22	510.50	73309.00
chr7	131890215	131890326	111	111	0.00	0.00	0.00	0.00	0.00
chr4	42051393	42051496	103	103	566.00	1013.00	812.13	764.00	83649.00
chr2	91781295	91781567	272	272	0.00	0.00	0.00	0.00	0.00
chr8	1301692	1302498	806	806	0.00	6.00	0.74	0.00	594.00
chr3	58415854	58415965	111	111	1144.00	1859.00	1514.41	1440.00	168100.00
chr14	94594850	94595012	162	162	2136.00	4155.00	3467.69	3552.50	561765.00
chr3	197678029	197678195	166	166	73.00	19938.00	14120.84	15889.00	2344059.00
chr6	74227752	74228333	581	581	32.00	77048.00	49995.21	55231.00	29047215.00
chr8	1346274	1346328	54	54	0.00	0.00	0.00	0.00	0.00
chr12	69979239	69979304	65	65	25.00	553.00	292.83	307.00	19034.00
chr5	167913484	167913548	64	64	0.00	108.00	60.67	69.00	3883.00
chr7	157626545	157627221	676	676	0.00	11.00	1.64	0.00	1111.00
chr9	33278110	33278223	113	113	1757.00	2193.00	1983.83	1983.00	224173.00
chr8	67974080	67974367	287	287	56.00	1343.00	956.26	1179.00	274448.00
chr2	232037248	232037521	273	273	18.00	3384.00	1571.68	1480.00	429069.00
chr6	133135870	133135921	51	51	15263.00	25297.00	20090.20	20149.00	1024600.00
chr8	10360310	10361038	728	728	3.00	68.00	34.69	36.00	25251.00
chr5	176279272	176279378	106	106	0.00	0.00	0.00	0.00	0.00
chr22	33164101	33164375	274	274	0.00	0.00	0.00	0.00	0.00
chr14	101330805	101331525	720	720	0.00	0.00	0.00	0.00	0.00
chr20	3529816	3529985	169	169	31.00	64.00	49.23	50.00	8320.00
chr4	57896369	57896565	196	196	1177.00	1815.00	1473.55	1498.00	288816.00
chr7	157662624	157663418	794	794	0.00	7.00	0.34	0.00	266.00
chr19	35230427	35230526	99	99	19.00	147.00	117.94	122.00	11676.00
chr22	32783580	32784086	506	506	17.00	1343.00	924.61	1043.50	467855.00
chr16	18812752	18812882	130	130	14.00	4856.00	2173.37	2044.50	282538.00
chr6	24775236	24775340	104	104	59.00	120.00	89.54	93.00	9312.00
chr1	202931009	202931827	818	818	44.00	1136.00	809.23	855.00	661949.00
chr21	39149654	39149774	120	120	0.00	0.00	0.00	0.00	0.00
chr3	27446320	27446454	134	134	5.00	32.00	20.28	26.00	2718.00
chr8	1325595	1325874	279	279	0.00	0.00	0.00	0.00	0.00
chr7	140404659	140404763	104	104	3768.00	9659.00	6699.93	6827.00	696793.00
chr2	209119662	209119824	162	162	12.00	129.00	73.29	81.00	11873.00
chr12	120881821	120882758	937	937	95.00	607.00	396.76	408.00	371768.00
chr21	35286753	35286804	51	51	4924.00	6959.00	6027.92	5836.00	307424.00
chr14	24587596	24587743	147	147	501.00	866.00	643.88	604.00	94651.00
chr12	111595593	111595735	142	142	0.00	0.00	0.00	0.00	0.00
chr10	85908485	85908594	109	109	3916.00	4993.00	4546.94	4596.00	495616.00
chr9	32552798	32552977	179	179	46.00	702.00	416.56	483.00	74564.00
chr17	49773932	49774148	216	216	0.00	0.00	0.00	0.00	0.00
chr16	3781776	3781938	162	162	115.00	190.00	154.86	156.00	25088.00
chr1	185751175	185751337	162	162	0.00	0.00	0.00	0.00	0.00
chr1	165624604	165624865	261	261	130.00	9148.00	4596.42	4691.00	1199666.00
chr11	68895617	68896008	391	391	0.00	0.00	0.00	0.00	0.00
chr2	135884152	135884226	74	74	110.00	162.00	134.96	138.00	9987.00
chr6	112418243	112418404	161	161	811.00	1928.00	1535.39	1706.00	247197.00
chr17	77527767	77527878	111	111	0.00	0.00	0.00	0.00	0.00
chr17	77629088	77629199	111	111	0.00	0.00	0.00	0.00	0.00
chr2	196582975	196583056	81	81	40.00	301.00	148.41	103.00	12021.00
chr11	70463044	70463452	408	408	0.00	3.00	0.74	0.00	303.00
chr8	97133433	97133638	205	205	0.00	0.00	0.00	0.00	0.00
chr18	3253886	3254048	162	162	694.00	1127.00	835.09	836.00	135285.00
chr8	984873	985055	182	182	0.00	0.00	0.00	0.00	0.00
chr2	172671630	172671712	82	82	365.00	553.00	467.99	470.50	38375.00
chr8	99054872	99055418	546	546	33.00	20575.00	3910.65	77.00	2135217.00
chr3	69126948	69127069	121	121	312.00	508.00	431.32	437.00	52190.00
chr7	157859676	157859927	251	251	7.00	36.00	18.43	17.00	4627.00
chr6	16430725	16431049	324	324	0.00	0.00	0.00	0.00	0.00
chr7	23728887	23729078	191	191	186.00	341.00	252.83	243.00	48290.00
chr7	96747026	96747209	183	183	44.00	611.00	419.03	465.00	76682.00
chr12	6601303	6601633	330	330	65.00	3554.00	2168.88	2620.00	715731.00
chr6	26104168	26104550	382	382	0.00	0.00	0.00	0.00	0.00
chr16	18799384	18799464	80	80	10321.00	14352.00	12641.80	12704.00	1011344.00
chr8	1371931	1372576	645	645	0.00	0.00	0.00	0.00	0.00
chr9	101992618	101992875	257	257	85.00	2531.00	1647.08	1936.00	423299.00
chr5	40834572	40834708	136	136	8728.00	29558.00	22243.44	23464.50	3025108.00
chr8	104053025	104053245	220	220	0.00	1094.00	741.49	931.00	163127.00
chr6	75950705	75950981	276	276	0.00	13233.00	3801.59	44.00	1049240.00
chr2	55148403	55148762	359	359	0.00	0.00	0.00	0.00	0.00
chr21	35287881	35288110	229	229	24.00	4494.00	646.89	83.00	148138.00
chr22	48231302	48231645	343	343	0.00	0.00	0.00	0.00	0.00
chr20	34129819	34129934	115	115	38.00	803.00	455.84	502.00	52422.00
chr19	49121047	49121134	87	87	4292.00	12322.00	8391.18	8231.00	730033.00
chr12	125398915	125399205	290	290	53.00	8659.00	1167.20	192.00	338489.00
chr2	62103229	62103369	140	140	1109.00	1945.00	1538.41	1481.50	215378.00
chr17	77258008	77258121	113	113	0.00	0.00	0.00	0.00	0.00
chr11	14520383	14520556	173	173	5.00	88.00	55.71	64.00	9637.00
chr14	54955642	54955747	105	105	53.00	767.00	399.80	407.00	41979.00
chr7	157861401	157861634	233	233	0.00	13.00	5.64	6.00	1313.00
chr4	39459205	39459316	111	111	22.00	21370.00	17144.43	19872.00	1903032.00
chr10	88822412	88822653	241	241	0.00	1855.00	1107.20	1322.00	266836.00
chr8	1322779	1322945	166	166	0.00	0.00	0.00	0.00	0.00
chr8	1308665	1309830	1165	1165	0.00	0.00	0.00	0.00	0.00
chr7	150488405	150488711	306	306	77.00	754.00	450.80	474.50	137945.00
chr8	42012133	42012478	345	345	135.00	318.00	215.25	205.00	74262.00
chr16	15178498	15178562	64	64	61.00	79.00	70.25	70.00	4496.00
chr8	1339367	1339730	363	363	0.00	6.00	1.50	1.00	544.00
chr18	3694076	3700673	6597	6597	0.00	26.00	1.22	0.00	8071.00
chr12	39698622	39698740	118	118	949.00	1226.00	1040.98	1011.00	122836.00
chr3	17056199	17056544	345	345	0.00	418.00	209.53	332.00	72287.00
chr18	19358063	19358130	67	67	92.00	142.00	109.76	102.00	7354.00
chr8	983340	983799	459	459	0.00	0.00	0.00	0.00	0.00
chr19	13339877	13341023	1146	1146	0.00	305.00	34.59	10.00	39636.00
chr6	151773624	151773721	97	97	20.00	129.00	64.19	69.00	6226.00
chr14	24686065	24686429	364	364	50.00	7189.00	4875.39	5649.50	1774643.00
chr12	57178636	57178800	164	164	115.00	213.00	174.16	183.50	28563.00
chr19	13337665	13337737	72	72	14.00	38.00	27.08	33.00	1950.00
chr1	153642646	153642706	60	60	289.00	689.00	515.20	543.50	30912.00
chr7	158243836	158244365	529	529	0.00	40.00	12.98	8.00	6868.00
chr1	182808477	182808591	114	114	22.00	209.00	109.98	106.00	12538.00
chr11	70407472	70407745	273	273	0.00	0.00	0.00	0.00	0.00
chr17	77223847	77224037	190	190	0.00	0.00	0.00	0.00	0.00
chr8	121457307	121457378	71	71	68.00	219.00	131.07	115.00	9306.00
chr7	101148640	101148738	98	98	0.00	0.00	0.00	0.00	0.00
chr1	234195282	234195479	197	197	0.00	0.00	0.00	0.00	0.00
chr10	116894789	116895609	820	820	0.00	0.00	0.00	0.00	0.00
chr5	43700220	43700339	119	119	577.00	751.00	657.50	662.00	78243.00
chr14	104381402	104381526	124	124	6681.00	13574.00	11335.47	11948.50	1405598.00
chr2	183622418	183622552	134	134	718.00	1062.00	909.71	936.50	121901.00
chr7	157637593	157637734	141	141	0.00	0.00	0.00	0.00	0.00
chr7	100240745	100240949	204	204	83.00	1873.00	1193.29	1421.50	243431.00
chr9	68272817	68273041	224	224	0.00	0.00	0.00	0.00	0.00
chr1	54502282	54502391	109	109	3547.00	4494.00	4019.78	4040.00	438156.00
chr12	56119904	56120045	141	141	7614.00	10362.00	8847.27	8784.00	1247465.00
chr1	204624352	204624481	129	129	0.00	0.00	0.00	0.00	0.00
chr8	48401552	48401786	234	234	0.00	0.00	0.00	0.00	0.00
chr12	130973967	130974226	259	259	0.00	0.00	0.00	0.00	0.00
chr10	51565182	51565296	114	114	2.00	369.00	156.72	142.50	17866.00
chr1	161127406	161127483	77	77	2198.00	2594.00	2364.32	2367.00	182053.00
chr6	33407495	33407947	452	452	0.00	6.00	1.24	0.00	562.00
chr12	96414862	96414915	53	53	210.00	271.00	247.74	250.00	13130.00
chr6	166265710	166267024	1314	1314	0.00	0.00	0.00	0.00	0.00
chr2	201681828	201681964	136	136	511.00	947.00	624.46	565.00	84927.00
chr14	90178862	90179024	162	162	0.00	1.00	0.56	1.00	91.00
chr12	112847209	112847378	169	169	12.00	308.00	215.78	232.00	36466.00
chr3	150964599	150964917	318	318	0.00	0.00	0.00	0.00	0.00
chr11	118886518	118886649	131	131	48.00	19488.00	8482.31	7648.00	1111183.00
chr17	40963672	40963815	143	143	1244.00	1849.00	1567.96	1560.00	224218.00
chr18	3277250	3277412	162	162	4770.00	6119.00	5497.09	5433.50	890528.00
chr5	10250408	10250557	149	149	9.00	556.00	321.92	357.00	47966.00
chr12	46636982	46637097	115	115	23.00	89.00	51.85	53.00	5963.00
chr3	139102139	139102277	138	138	140.00	240.00	184.90	184.00	25516.00
chr9	140791269	140791603	334	334	0.00	0.00	0.00	0.00	0.00
chr19	8386191	8386263	72	72	124.00	1629.00	757.07	773.50	54509.00
chr12	41337796	41337972	176	176	1066.00	1436.00	1282.18	1310.00	225664.00
chr17	41151878	41152197	319	319	10.00	25480.00	9356.03	13744.00	2984572.00
chr8	1566660	1566775	115	115	0.00	0.00	0.00	0.00	0.00
chr14	39530968	39531075	107	107	255.00	386.00	314.32	311.00	33632.00
chr14	50053002	50053106	104	104	150.00	20210.00	8627.07	8496.50	897215.00
chr16	50353797	50353941	144	144	859.00	1123.00	1025.28	1047.00	147640.00
chr16	46711226	46711363	137	137	0.00	783.00	412.39	627.00	56497.00
chr1	26231154	26231229	75	75	8910.00	18207.00	13235.88	13237.00	992691.00
chr6	36944974	36945026	52	52	5854.00	6807.00	6316.85	6422.50	328476.00
chr6	31807319	31807520	201	201	140.00	4060.00	1817.63	1771.00	365344.00
chr9	88190155	88190390	235	235	15.00	918.00	521.15	719.00	122470.00
chr17	8283113	8283254	141	141	22623.00	29634.00	26295.91	26230.00	3707723.00
chr1	176145045	176145143	98	98	39.00	155.00	82.95	79.00	8129.00
chr19	51164998	51165939	941	941	271.00	2361.00	1670.95	1715.00	1572360.00
chr1	117957334	117957453	119	119	93.00	199.00	156.56	148.00	18631.00
chr7	70963377	70963706	329	329	0.00	0.00	0.00	0.00	0.00
chr1	162470702	162470894	192	192	62.00	229.00	134.75	139.00	25872.00
chr8	10325951	10326780	829	829	0.00	20.00	5.52	6.00	4576.00
chr3	136047599	136047699	100	100	638.00	909.00	779.58	791.50	77958.00
chr6	27342972	27343027	55	55	22.00	168.00	106.91	131.00	5880.00
chr14	24587263	24587364	101	101	542.00	814.00	655.05	618.00	66160.00
chr12	69981284	69981396	112	112	895.00	1154.00	986.43	952.50	110480.00
chr6	44214830	44215056	226	226	9.00	4097.00	918.57	18.50	207597.00
chr18	77733338	77733903	565	565	5.00	5430.00	2475.63	2490.00	1398733.00
chr8	1332671	1332837	166	166	0.00	0.00	0.00	0.00	0.00
chr7	140406362	140406444	82	82	65.00	3640.00	1585.79	1393.50	130035.00
chr7	54825187	54825287	100	100	1863.00	3135.00	2834.47	2942.50	283447.00
chr4	83996449	83996942	493	493	53.00	2980.00	1705.40	1883.00	840760.00
chr5	74046403	74046492	89	89	154.00	245.00	195.56	190.00	17405.00
chr1	62166605	62166697	92	92	1381.00	1787.00	1556.04	1515.50	143156.00
chr6	133135686	133135752	66	66	203.00	15126.00	5503.20	1174.00	363211.00
chr6	30688117	30688340	223	223	61.00	3323.00	2216.07	2884.00	494183.00
chr1	205737285	205737743	458	458	119.00	474.00	275.48	267.00	126171.00
chr16	19516202	19516414	212	212	1392.00	2016.00	1666.38	1665.50	353273.00
chr2	55461254	55461340	86	86	25212.00	31200.00	28485.42	28546.00	2449746.00
chr12	45108414	45108524	110	110	0.00	2194.00	1486.74	1713.50	163541.00
chr8	1337494	1337699	205	205	0.00	0.00	0.00	0.00	0.00
chr15	82821159	82821339	180	180	34.00	21236.00	9409.74	8974.50	1693753.00
chr6	75950016	75950101	85	85	11960.00	16463.00	14918.00	15570.00	1268030.00
chr11	133786960	133787104	144	144	0.00	12.00	5.04	6.00	726.00
chr17	37006056	37006467	411	411	86.00	10003.00	1723.28	208.00	708268.00
chr15	83205502	83205682	180	180	17.00	17044.00	6510.03	5301.50	1171806.00
chr12	2741650	2742001	351	351	0.00	0.00	0.00	0.00	0.00
chr8	82598486	82598555	69	69	14.00	170.00	83.62	90.00	5770.00
chr11	61327706	61327983	277	277	0.00	0.00	0.00	0.00	0.00
chr12	32866142	32866305	163	163	503.00	731.00	608.50	608.00	99186.00
chr1	54506428	54506513	85	85	1373.00	5132.00	4462.06	4592.00	379275.00
chr14	68162346	68162467	121	121	8.00	504.00	307.66	349.00	37227.00
chr5	81572167	81572337	170	170	27.00	28173.00	15262.78	18141.00	2594673.00
chr12	69980049	69980124	75	75	649.00	962.00	841.79	874.00	63134.00
chr13	42742814	42742954	140	140	8.00	30.00	21.46	22.00	3004.00
chr1	54678173	54678331	158	158	841.00	1207.00	1008.64	987.50	159365.00
chr22	48230646	48231072	426	426	0.00	0.00	0.00	0.00	0.00
chr10	105156054	105156261	207	207	29.00	8358.00	1560.84	62.00	323094.00
chr22	48197018	48197232	214	214	0.00	0.00	0.00	0.00	0.00
chr9	140899136	140899908	772	772	0.00	4.00	1.05	0.00	808.00
chr5	85915169	85915316	147	147	34.00	30426.00	23095.46	24408.00	3395033.00
chr2	1872090	1872390	300	300	0.00	0.00	0.00	0.00	0.00
chr19	41052157	41052922	765	765	0.00	29.00	5.82	1.00	4451.00
chr3	186501323	186501791	468	468	0.00	2452.00	179.89	0.00	84189.00
chr7	713588	713686	98	98	0.00	0.00	0.00	0.00	0.00
chr6	33243573	33243660	87	87	28995.00	40725.00	35635.33	35723.00	3100274.00
chr4	146025537	146025667	130	130	46.00	94.00	72.21	69.00	9387.00
chr4	144464349	144464810	461	461	0.00	557.00	159.10	6.00	73345.00
chr13	29233271	29233324	53	53	209.00	1968.00	1008.96	910.00	53475.00
chr18	10530766	10530834	68	68	292.00	418.00	354.78	371.00	24125.00
chr2	141027810	141027915	105	105	83.00	129.00	104.40	102.00	10962.00
chr15	77344726	77344810	84	84	3754.00	4564.00	4195.85	4245.50	352451.00
chr5	56469893	56470038	145	145	39.00	316.00	201.12	210.00	29163.00
chr18	56825836	56826060	224	224	47.00	4527.00	2038.62	1739.00	456650.00
chr16	46696894	46697074	180	180	1201.00	1654.00	1427.52	1406.00	256953.00
chr10	116734087	116734144	57	57	183.00	252.00	221.70	233.00	12637.00
chr1	153964540	153964768	228	228	19.00	12068.00	1852.43	30.00	422355.00
chr18	35039659	35039939	280	280	0.00	0.00	0.00	0.00	0.00
chr16	15179495	15179555	60	60	93.00	132.00	109.37	108.00	6562.00
chr17	7760002	7760161	159	159	117.00	4774.00	2435.10	2498.00	387181.00
chr6	55364033	55364097	64	64	111.00	162.00	133.92	130.50	8571.00
chr1	94972093	94972198	105	105	329.00	449.00	394.01	396.00	41371.00
chr8	1246664	1248453	1789	1789	0.00	14.00	1.57	0.00	2812.00
chr9	95005497	95005593	96	96	532.00	757.00	648.93	656.00	62297.00
chr7	158071358	158071545	187	187	0.00	1.00	0.28	0.00	52.00
chr5	81573511	81573671	160	160	11639.00	29585.00	23204.54	24315.00	3712726.00
chr12	6979428	6980098	670	670	27.00	22876.00	14040.91	17238.00	9407409.00
chr11	61303993	61304727	734	734	0.00	22.00	11.20	12.00	8218.00
chr16	84733622	84733717	95	95	10.00	231.00	137.72	144.00	13083.00
chr3	36366843	36366990	147	147	0.00	0.00	0.00	0.00	0.00
chr12	124841468	124843196	1728	1728	0.00	45.00	10.20	8.00	17630.00
chr3	107938256	107938419	163	163	402.00	549.00	495.30	497.00	80734.00
chr17	77408582	77409029	447	447	0.00	0.00	0.00	0.00	0.00
chr16	15552927	15553391	464	464	0.00	17.00	3.64	0.00	1689.00
chr10	51632928	51633033	105	105	0.00	88.00	67.17	66.00	7053.00
chr2	10929022	10929107	85	85	875.00	1081.00	970.76	964.00	82515.00
chr11	812759	812874	115	115	191.00	16670.00	7219.58	6643.00	830252.00
chr6	30587269	30587378	109	109	386.00	615.00	498.22	493.00	54306.00
chr7	76164482	76164642	160	160	0.00	3.00	1.36	1.00	218.00
chr15	77345118	77345271	153	153	3275.00	4051.00	3781.76	3806.00	578610.00
chr17	31704508	31704748	240	240	0.00	0.00	0.00	0.00	0.00
chr12	122248312	122248427	115	115	21.00	57.00	35.04	36.00	4030.00
chr12	49663630	49663759	129	129	475.00	1485.00	1174.59	1266.00	151522.00
chr7	108137926	108138021	95	95	528.00	718.00	652.29	661.00	61968.00
chr4	144933121	144933482	361	361	0.00	0.00	0.00	0.00	0.00
