#chrom	start	end	size	num_data	min	max	mean	median	sum
chr12	1940100	1940691	591	591	0.00	0.00	0.00	0.00	0.00
chr1	27480473	27481381	908	908	0.00	0.00	0.00	0.00	0.00
chr15	63112684	63112809	125	125	2.00	58.00	28.50	34.00	3563.00
chr5	149231737	149232254	517	517	0.00	2.00	0.19	0.00	98.00
chr5	140865429	140867182	1753	1753	0.00	37.00	4.23	0.00	7422.00
chr1	32209793	32209958	165	165	0.00	8.00	0.39	0.00	64.00
chr16	87873307	87873431	124	124	16.00	38.00	25.61	22.00	3176.00
chr17	34157438	34158175	737	737	0.00	13.00	1.77	0.00	1305.00
chr2	127815619	127816088	469	469	0.00	0.00	0.00	0.00	0.00
chr1	208212965	208213112	147	147	0.00	12.00	4.24	0.00	623.00
chr22	19703883	19704666	783	783	0.00	4.00	0.90	0.00	707.00
chr16	87872319	87872423	104	104	0.00	33.00	19.47	17.00	2025.00
chr9	140055740	140055868	128	128	0.00	85.00	9.95	0.00	1274.00
chr22	21096515	21096643	128	128	0.00	138.00	83.21	80.00	10651.00
chr9	140056321	140056540	219	219	0.00	46.00	18.72	0.00	4100.00
chr11	78379981	78380253	272	272	0.00	0.00	0.00	0.00	0.00
chr3	11070420	11070533	113	113	0.00	64.00	22.11	29.00	2498.00
chr1	109812554	109813222	668	668	0.00	242.00	55.76	36.00	37250.00
chr2	220161954	220162155	201	201	0.00	103.00	51.45	56.00	10341.00
chr15	74706887	74707086	199	199	0.00	14.00	7.11	12.00	1414.00
chr17	7318829	7319426	597	597	0.00	252.00	94.27	85.00	56278.00
chr1	21560050	21560154	104	104	0.00	58.00	55.77	58.00	5800.00
chr1	25573799	25573952	153	153	0.00	657.00	393.14	505.00	60151.00
chr14	93198993	93199160	167	167	0.00	431.00	221.63	221.00	37012.00
chr1	205554003	205554119	116	116	0.00	0.00	0.00	0.00	0.00
chr1	9795005	9795232	227	227	0.00	232.00	112.07	144.00	25441.00
chr17	42426525	42426670	145	145	0.00	0.00	0.00	0.00	0.00
chr18	70205887	70206179	292	292	0.00	0.00	0.00	0.00	0.00
chr1	205553082	205553251	169	169	0.00	0.00	0.00	0.00	0.00
chr9	140056623	140056766	143	143	0.00	91.00	33.15	32.00	4741.00
chr6	33412147	33412394	247	247	0.00	0.00	0.00	0.00	0.00
chr12	89992366	89992547	181	181	0.00	8.00	0.04	0.00	8.00
chr2	220088827	220089576	749	749	0.00	59.00	13.75	4.00	10302.00
chr14	100763073	100765222	2149	2149	0.00	0.00	0.00	0.00	0.00
chr1	110740697	110742543	1846	1846	0.00	149.00	30.23	0.00	55808.00
chr1	149878201	149879758	1557	1557	0.00	146.00	11.37	0.00	17696.00
chr3	197264139	197265259	1120	1120	0.00	92.00	2.85	0.00	3197.00
chr8	56449623	56450530	907	907	0.00	0.00	0.00	0.00	0.00
chr9	139354208	139354326	118	118	71.00	147.00	112.14	146.00	13233.00
chr1	32204908	32205236	328	328	107.00	276.00	165.83	162.00	54392.00
chr7	75608768	75608897	129	129	0.00	0.00	0.00	0.00	0.00
chr19	45161029	45161178	149	149	0.00	176.00	99.18	92.00	14778.00
chr19	5243911	5244493	582	582	0.00	2.00	0.35	0.00	202.00
chr6	32119585	32119717	132	132	0.00	187.00	75.08	59.00	9910.00
chr3	42670878	42672067	1189	1189	0.00	55.00	1.39	0.00	1650.00
chr11	45892392	45892485	93	93	0.00	129.00	62.03	61.00	5769.00
chr17	80040789	80040991	202	202	24.00	259.00	142.36	142.00	28757.00
chr2	74902875	74903036	161	161	0.00	0.00	0.00	0.00	0.00
chr17	38335969	38337946	1977	1977	0.00	0.00	0.00	0.00	0.00
chr16	87870103	87870253	150	150	0.00	217.00	148.37	150.00	22256.00
chr1	32205947	32206142	195	195	52.00	171.00	103.68	113.00	20218.00
chr6	44117553	44117702	149	149	0.00	125.00	28.61	0.00	4263.00
chr1	159163659	159163830	171	171	10.00	118.00	42.49	54.00	7265.00
chr3	445565	446023	458	458	0.00	0.00	0.00	0.00	0.00
chr2	25048913	25048995	82	82	45.00	117.00	83.63	64.00	6858.00
chr10	99504485	99504672	187	187	0.00	0.00	0.00	0.00	0.00
chr4	54364807	54365010	203	203	0.00	0.00	0.00	0.00	0.00
chr17	1634367	1634552	185	185	0.00	0.00	0.00	0.00	0.00
chr7	72416124	72416247	123	123	0.00	1.00	0.24	0.00	30.00
chr1	208212169	208212329	160	160	0.00	61.00	36.67	61.00	5868.00
chr9	140952500	140952702	202	202	0.00	0.00	0.00	0.00	0.00
chr6	44197325	44197528	203	203	0.00	6.00	0.24	0.00	48.00
chr6	44197643	44198218	575	575	0.00	58.00	7.06	1.00	4061.00
chr11	118981972	118982084	112	112	0.00	56.00	35.39	56.00	3964.00
chr5	150503846	150503952	106	106	0.00	228.00	91.27	87.00	9675.00
chr11	118981761	118981878	117	117	0.00	66.00	41.18	66.00	4818.00
chr11	126314873	126315000	127	127	0.00	0.00	0.00	0.00	0.00
chr1	159165808	159166244	436	436	0.00	121.00	23.00	0.00	10026.00
chr7	134893542	134893750	208	208	0.00	0.00	0.00	0.00	0.00
chr9	121976196	121976433	237	237	0.00	11.00	4.52	0.00	1072.00
chr19	54691042	54691169	127	127	0.00	81.00	38.07	38.00	4835.00
chr22	38621430	38621600	170	170	48.00	234.00	99.45	98.00	16907.00
chr13	42035681	42036205	524	524	0.00	47.00	4.82	0.00	2527.00
chr20	1915360	1915413	53	53	0.00	54.00	34.55	33.00	1831.00
chr5	14496987	14497126	139	139	0.00	30.00	6.10	0.00	848.00
chr12	56528125	56528212	87	87	33.00	110.00	87.98	102.00	7654.00
chr3	47466974	47467101	127	127	0.00	79.00	37.34	44.00	4742.00
chr17	7415476	7415663	187	187	0.00	80.00	13.75	0.00	2572.00
chr3	33588037	33589252	1215	1215	0.00	183.00	33.01	1.00	40110.00
chr7	887833	888615	782	782	0.00	178.00	20.03	0.00	15667.00
chr10	24813251	24813693	442	442	0.00	1.00	0.46	0.00	202.00
chr1	109812045	109812213	168	168	0.00	64.00	32.37	28.00	5438.00
chr19	15276597	15276902	305	305	28.00	141.00	80.93	80.00	24684.00
chr16	2334779	2334999	220	220	0.00	49.00	28.15	36.00	6193.00
chr16	68404761	68405261	500	500	0.00	0.00	0.00	0.00	0.00
chr4	110969111	110969871	760	760	0.00	55.00	11.87	0.00	9020.00
chr1	145693161	145693996	835	835	0.00	42.00	5.08	0.00	4238.00
chr7	44282848	44282932	84	84	69.00	166.00	130.99	126.00	11003.00
chr2	220164315	220164508	193	193	0.00	185.00	58.45	0.00	11280.00
chr12	50472203	50472360	157	157	0.00	47.00	16.82	4.00	2641.00
chr2	220163768	220163833	65	65	179.00	311.00	233.38	226.00	15170.00
chr2	222289928	222290862	934	934	0.00	82.00	10.59	0.00	9887.00
chr12	57599133	57599268	135	135	0.00	49.00	8.71	0.00	1176.00
chr7	157475416	157475629	213	213	0.00	27.00	8.84	0.00	1883.00
chr1	32203800	32203927	127	127	75.00	181.00	120.68	106.00	15326.00
chr1	109811731	109811912	181	181	9.00	56.00	24.55	25.00	4444.00
chr9	140052830	140052975	145	145	0.00	47.00	26.08	31.00	3781.00
chr2	220161706	220161854	148	148	0.00	92.00	37.26	44.00	5514.00
chr16	29896906	29897070	164	164	0.00	1.00	0.60	1.00	99.00
chr16	47143393	47143622	229	229	0.00	97.00	15.45	0.00	3538.00
chr11	993753	993985	232	232	0.00	165.00	81.80	74.00	18977.00
chr9	124059698	124061137	1439	1439	0.00	0.00	0.00	0.00	0.00
chr9	140350140	140350634	494	494	0.00	122.00	26.18	6.00	12935.00
chr11	14504577	14504697	120	120	0.00	176.00	63.48	52.00	7618.00
chr3	49898612	49898733	121	121	0.00	195.00	107.36	126.00	12991.00
chr9	131811659	131811777	118	118	0.00	156.00	56.33	73.50	6647.00
chr9	131810705	131810818	113	113	51.00	156.00	104.58	81.00	11818.00
chr1	223400935	223401080	145	145	0.00	0.00	0.00	0.00	0.00
chr12	125612185	125612820	635	635	0.00	32.00	3.04	0.00	1932.00
chr2	220088590	220088744	154	154	2.00	155.00	71.53	59.00	11015.00
chr9	70888487	70888750	263	263	0.00	3.00	0.08	0.00	20.00
chr14	69813756	69813898	142	142	0.00	0.00	0.00	0.00	0.00
chr2	47399145	47399890	745	745	0.00	90.00	13.03	0.00	9710.00
chr11	62688689	62689041	352	352	0.00	0.00	0.00	0.00	0.00
chr6	43745205	43745407	202	202	0.00	71.00	4.02	3.00	812.00
chr3	11072492	11072997	505	505	0.00	64.00	6.01	0.00	3033.00
chr7	2696031	2696168	137	137	0.00	0.00	0.00	0.00	0.00
chr16	14969196	14969279	83	83	15.00	150.00	122.02	138.00	10128.00
chr17	7377847	7378026	179	179	0.00	0.00	0.00	0.00	0.00
chr12	65639640	65639719	79	79	24.00	48.00	28.85	24.00	2279.00
chr12	50294912	50295108	196	196	59.00	350.00	222.00	215.50	43512.00
chr19	42485653	42485788	135	135	0.00	120.00	59.67	48.00	8056.00
chr10	99509230	99509343	113	113	0.00	0.00	0.00	0.00	0.00
chr22	38883877	38888120	4243	4243	0.00	362.00	79.01	74.00	335225.00
chr12	49416372	49416658	286	286	0.00	13.00	4.58	6.00	1309.00
chr6	24843089	24843782	693	693	0.00	0.00	0.00	0.00	0.00
chr5	176295561	176295665	104	104	66.00	134.00	102.04	133.00	10612.00
chr10	99510087	99510227	140	140	0.00	250.00	65.23	0.00	9132.00
chr1	159173658	159174770	1112	1112	0.00	3.00	0.64	0.00	707.00
chr11	1780745	1780869	124	124	418.00	943.00	741.69	817.50	91969.00
chr19	42486059	42486258	199	199	0.00	199.00	103.43	115.00	20582.00
chr3	47465422	47465535	113	113	0.00	114.00	16.93	9.00	1913.00
chr1	21573713	21573856	143	143	0.00	52.00	11.27	0.00	1612.00
chr11	65320330	65320453	123	123	19.00	96.00	85.77	89.00	10550.00
chr3	47462420	47462519	99	99	194.00	351.00	258.56	256.00	25597.00
chr2	219204751	219204864	113	113	0.00	0.00	0.00	0.00	0.00
chr1	43906123	43906257	134	134	0.00	74.00	5.52	0.00	740.00
chr7	38785158	38785840	682	682	0.00	147.00	44.23	41.00	30163.00
chr2	153499932	153500058	126	126	0.00	35.00	0.28	0.00	35.00
chr1	32203011	32203132	121	121	0.00	109.00	25.60	12.00	3098.00
chr22	42290823	42290941	118	118	35.00	111.00	67.56	58.00	7972.00
chr19	47940718	47940818	100	100	45.00	302.00	220.47	209.00	22047.00
chr4	119539150	119539274	124	124	0.00	0.00	0.00	0.00	0.00
chr17	44117067	44117250	183	183	0.00	117.00	52.55	56.00	9616.00
chr19	42485873	42485983	110	110	0.00	72.00	36.92	55.00	4061.00
chr6	44114583	44114664	81	81	14.00	45.00	30.12	31.00	2440.00
chr19	47941105	47941292	187	187	0.00	301.00	48.48	0.00	9065.00
chr11	73074250	73074500	250	250	0.00	35.00	3.75	0.00	937.00
chr3	33418764	33418825	61	61	0.00	0.00	0.00	0.00	0.00
chr1	700258	700505	247	247	0.00	113.00	46.91	47.00	11586.00
chr9	74319510	74319719	209	209	0.00	16.00	6.40	0.00	1337.00
chr16	2336694	2336968	274	274	2.00	119.00	44.51	45.00	12197.00
chr20	3575125	3575219	94	94	0.00	177.00	57.49	87.00	5404.00
chr9	139231377	139231529	152	152	0.00	12.00	7.82	12.00	1188.00
chr5	140515951	140516498	547	547	0.00	82.00	27.29	1.00	14925.00
chr1	21938208	21938309	101	101	201.00	411.00	322.94	319.00	32617.00
chr3	155659188	155659936	748	748	0.00	26.00	4.23	0.00	3162.00
chr16	27483068	27483241	173	173	34.00	176.00	96.16	106.00	16635.00
chr11	994071	994245	174	174	0.00	1.00	0.26	0.00	45.00
chr7	71175745	71175913	168	168	6.00	192.00	69.80	8.00	11726.00
chr12	121204065	121204175	110	110	104.00	263.00	214.35	241.50	23579.00
chr7	73118679	73118753	74	74	88.00	102.00	98.22	98.00	7268.00
chr9	140972565	140972710	145	145	0.00	0.00	0.00	0.00	0.00
chr12	121683329	121684024	695	695	0.00	0.00	0.00	0.00	0.00
chr16	74493579	74493687	108	108	0.00	17.00	6.87	7.00	742.00
chr2	36771518	36771641	123	123	0.00	62.00	29.04	8.00	3572.00
chr7	94187181	94187996	815	815	0.00	200.00	26.49	0.00	21593.00
chr14	94156951	94157239	288	288	0.00	0.00	0.00	0.00	0.00
chr7	121739000	121739524	524	524	0.00	0.00	0.00	0.00	0.00
chr1	19549117	19549328	211	211	0.00	47.00	35.63	31.00	7517.00
chr19	5214571	5214747	176	176	1.00	40.00	20.61	17.00	3627.00
chr19	42557753	42557861	108	108	0.00	6.00	4.16	6.00	449.00
chr15	102510686	102510925	239	239	0.00	0.00	0.00	0.00	0.00
chr5	167673761	167675376	1615	1615	0.00	0.00	0.00	0.00	0.00
chr7	44282158	44282253	95	95	0.00	69.00	24.82	27.00	2358.00
chr2	160621061	160621717	656	656	0.00	36.00	2.69	0.00	1764.00
chr5	10426501	10426634	133	133	71.00	313.00	169.25	188.00	22510.00
chr16	1814301	1814460	159	159	43.00	157.00	94.92	87.00	15092.00
chr11	21581734	21581928	194	194	0.00	0.00	0.00	0.00	0.00
chr3	126749085	126749255	170	170	0.00	8.00	4.19	8.00	712.00
chr11	12237765	12237866	101	101	0.00	0.00	0.00	0.00	0.00
chr6	31750872	31750963	91	91	0.00	163.00	88.80	86.00	8081.00
chr3	53124201	53124398	197	197	0.00	0.00	0.00	0.00	0.00
chr2	220161470	220161544	74	74	90.00	90.00	90.00	90.00	6660.00
chr2	128951046	128951785	739	739	0.00	37.00	5.02	0.00	3710.00
chr5	24535811	24535931	120	120	0.00	0.00	0.00	0.00	0.00
chr1	44083406	44083582	176	176	0.00	176.00	41.45	26.00	7295.00
chr1	32207653	32207818	165	165	17.00	221.00	76.25	52.00	12581.00
chr12	7293754	7294000	246	246	0.00	15.00	5.00	0.00	1230.00
chr3	131442289	131442469	180	180	0.00	0.00	0.00	0.00	0.00
chr3	49898871	49899298	427	427	0.00	221.00	75.91	80.00	32415.00
chr16	66432358	66432464	106	106	0.00	46.00	8.25	0.00	874.00
chr1	20982593	20982680	87	87	34.00	73.00	55.03	68.00	4788.00
chr16	68398653	68398809	156	156	0.00	0.00	0.00	0.00	0.00
chr17	16676818	16678279	1461	1461	0.00	57.00	7.66	0.00	11197.00
chr1	109814899	109815027	128	128	53.00	201.00	99.20	92.00	12697.00
chr1	21940478	21940582	104	104	55.00	111.00	87.35	111.00	9084.00
chr20	57468284	57468793	509	509	0.00	54.00	9.74	0.00	4960.00
chr3	127358087	127358366	279	279	0.00	121.00	44.45	7.00	12401.00
chr3	126735359	126735527	168	168	0.00	0.00	0.00	0.00	0.00
chr10	103869140	103869264	124	124	119.00	246.00	180.48	191.50	22379.00
chr20	44520554	44520666	112	112	11.00	71.00	37.81	37.00	4235.00
chr1	32203252	32203356	104	104	12.00	175.00	81.75	81.00	8502.00
chr21	40186196	40186316	120	120	0.00	66.00	50.85	66.00	6102.00
chr5	111067153	111068349	1196	1196	0.00	45.00	6.83	0.00	8170.00
chr9	128002954	128003186	232	232	0.00	283.00	82.69	40.00	19184.00
chr1	43408896	43408992	96	96	4.00	78.00	40.32	49.00	3871.00
chr3	47463931	47464026	95	95	188.00	304.00	199.35	192.00	18938.00
chr2	220161160	220161238	78	78	0.00	118.00	69.76	80.00	5441.00
chr11	62472772	62473089	317	317	108.00	749.00	383.56	394.00	121590.00
chr9	130986341	130986906	565	565	0.00	73.00	5.32	0.00	3006.00
chr14	69358769	69359000	231	231	0.00	41.00	15.50	17.00	3581.00
chr11	64416205	64416379	174	174	7.00	94.00	56.61	52.00	9850.00
chr17	8398454	8398559	105	105	29.00	59.00	38.70	30.00	4064.00
chr12	53572943	53574193	1250	1250	0.00	150.00	17.45	0.00	21814.00
chr17	17696544	17701827	5283	5283	0.00	222.00	22.37	0.00	118190.00
chr8	11705187	11705331	144	144	259.00	566.00	405.76	390.00	58429.00
chr19	54963829	54963931	102	102	5.00	64.00	24.62	6.50	2511.00
chr2	70451682	70456295	4613	4613	0.00	64.00	3.89	0.00	17957.00
chr11	118873959	118874169	210	210	0.00	0.00	0.00	0.00	0.00
chr10	75548427	75548581	154	154	0.00	0.00	0.00	0.00	0.00
chr6	33414351	33414563	212	212	0.00	188.00	94.50	66.00	20033.00
chr17	80042910	80043032	122	122	0.00	84.00	9.10	0.00	1110.00
chr11	11470290	11470483	193	193	0.00	0.00	0.00	0.00	0.00
chr8	23294446	23294771	325	325	0.00	1.00	0.14	0.00	46.00
chr1	116932060	116932663	603	603	0.00	182.00	42.08	0.00	25373.00
chr15	83222627	83222741	114	114	0.00	78.00	37.61	0.00	4287.00
chr3	9841562	9841751	189	189	0.00	0.00	0.00	0.00	0.00
chr1	116937731	116937907	176	176	137.00	276.00	212.01	215.00	37313.00
chr16	87868019	87868197	178	178	1.00	80.00	30.67	14.00	5460.00
chr3	124209540	124209731	191	191	0.00	0.00	0.00	0.00	0.00
chr7	71142195	71142291	96	96	0.00	215.00	97.58	108.00	9368.00
chr5	130497324	130497584	260	260	0.00	22.00	9.75	0.00	2534.00
chr13	100199238	100199358	120	120	22.00	278.00	133.59	111.00	16031.00
chr5	139943336	139943506	170	170	0.00	97.00	47.90	31.00	8143.00
chr17	74395529	74396002	473	473	0.00	0.00	0.00	0.00	0.00
chr14	93179149	93179216	67	67	7.00	7.00	7.00	7.00	469.00
chr4	160277004	160277310	306	306	0.00	3.00	0.94	1.00	288.00
chr17	40666306	40666478	172	172	12.00	141.00	60.22	68.00	10357.00
chr15	34828065	34828207	142	142	0.00	26.00	11.68	14.00	1658.00
chr14	100165802	100165876	74	74	0.00	116.00	69.27	88.00	5126.00
chr22	20128089	20128231	142	142	0.00	46.00	2.54	0.00	361.00
chr12	3392210	3394421	2211	2211	0.00	264.00	27.71	0.00	61267.00
chr17	16687866	16690667	2801	2801	0.00	71.00	5.29	0.00	14831.00
chr6	31664724	31664810	86	86	0.00	1.00	0.77	1.00	66.00
chr6	30627512	30627611	99	99	0.00	0.00	0.00	0.00	0.00
chr11	18752834	18755060	2226	2226	0.00	129.00	7.05	0.00	15687.00
chr12	109332602	109332731	129	129	0.00	0.00	0.00	0.00	0.00
chr6	90072884	90073110	226	226	0.00	76.00	27.20	0.00	6147.00
chr16	2689371	2689711	340	340	0.00	0.00	0.00	0.00	0.00
chr1	20987373	20987484	111	111	50.00	117.00	86.44	83.00	9595.00
chr14	85985300	85986667	1367	1367	0.00	0.00	0.00	0.00	0.00
chr13	32863769	32863880	111	111	0.00	83.00	54.05	52.00	6000.00
chr16	1510418	1510528	110	110	0.00	59.00	22.53	0.00	2478.00
chr19	54963269	54963444	175	175	15.00	100.00	51.89	56.00	9081.00
chr6	44224078	44224233	155	155	0.00	0.00	0.00	0.00	0.00
chr20	3151172	3152285	1113	1113	0.00	107.00	6.15	0.00	6842.00
chr1	892273	892405	132	132	0.00	40.00	13.89	0.00	1833.00
chr16	90192167	90192724	557	557	0.00	48.00	17.40	0.00	9692.00
chr9	111663704	111663810	106	106	40.00	88.00	52.35	49.00	5549.00
chr6	44108764	44108835	71	71	0.00	31.00	10.92	0.00	775.00
chr1	36028802	36029027	225	225	14.00	251.00	130.56	84.00	29375.00
chr11	66807259	66807674	415	415	0.00	0.00	0.00	0.00	0.00
chr1	178426817	178427679	862	862	0.00	100.00	12.59	0.00	10850.00
chr19	42482302	42482478	176	176	106.00	310.00	219.99	213.00	38719.00
chr1	44084718	44084873	155	155	0.00	1.00	0.32	0.00	50.00
chr1	109812315	109812442	127	127	64.00	168.00	124.50	155.00	15812.00
chr3	180324268	180324391	123	123	0.00	171.00	32.87	0.00	4043.00
chr15	63933668	63933842	174	174	0.00	5.00	0.59	0.00	103.00
chr20	44521363	44521519	156	156	33.00	153.00	103.35	113.00	16123.00
chr3	33416779	33416910	131	131	0.00	0.00	0.00	0.00	0.00
chr1	21934624	21934843	219	219	0.00	66.00	12.84	0.00	2811.00
chr14	69799801	69799886	85	85	0.00	33.00	32.59	33.00	2770.00
chr1	116936134	116936345	211	211	0.00	173.00	97.12	101.00	20493.00
chr14	23634493	23634645	152	152	0.00	0.00	0.00	0.00	0.00
chr16	1402538	1402947	409	409	0.00	0.00	0.00	0.00	0.00
chr9	20331	25000	4669	4669	0.00	202.00	5.68	0.00	26528.00
chr17	43545574	43545959	385	385	0.00	0.00	0.00	0.00	0.00
chr13	100201418	100201476	58	58	256.00	387.00	314.79	330.00	18258.00
chr15	41865505	41865665	160	160	4.00	122.00	63.81	72.00	10210.00
chr19	19641688	19642196	508	508	0.00	0.00	0.00	0.00	0.00
chr11	134147593	134148159	566	566	0.00	0.00	0.00	0.00	0.00
chr2	71656420	71657290	870	870	0.00	0.00	0.00	0.00	0.00
chr7	97834775	97835016	241	241	0.00	0.00	0.00	0.00	0.00
chr19	13363804	13363915	111	111	0.00	0.00	0.00	0.00	0.00
chr18	31328383	31329011	628	628	0.00	8.00	1.84	0.00	1154.00
chr16	66431884	66432009	125	125	44.00	90.00	55.98	46.00	6998.00
chr19	47935155	47935702	547	547	0.00	118.00	26.30	3.00	14384.00
chr12	50291769	50291873	104	104	26.00	187.00	121.22	122.00	12607.00
chr11	1780198	1780317	119	119	697.00	943.00	807.23	812.00	96060.00
chr15	65392626	65393167	541	541	0.00	125.00	23.28	0.00	12594.00
chr2	86397871	86397967	96	96	39.00	81.00	46.95	43.00	4507.00
chr7	97866087	97866233	146	146	0.00	129.00	80.41	68.00	11740.00
chr11	60687157	60687402	245	245	0.00	182.00	85.23	81.00	20882.00
chr21	43307700	43309453	1753	1753	0.00	59.00	7.06	0.00	12383.00
chr14	24619269	24619657	388	388	0.00	0.00	0.00	0.00	0.00
chr11	65320634	65320727	93	93	0.00	96.00	45.67	77.00	4247.00
chr16	29891184	29891385	201	201	0.00	318.00	159.60	158.00	32080.00
chr1	32207224	32207326	102	102	0.00	86.00	28.62	6.00	2919.00
chr11	72300218	72300394	176	176	0.00	23.00	5.49	0.00	966.00
chr17	7608878	7609038	160	160	0.00	0.00	0.00	0.00	0.00
chr19	7607646	7607814	168	168	0.00	1.00	0.40	0.00	67.00
chr19	54966129	54966271	142	142	2.00	66.00	23.45	30.00	3330.00
chr12	57995027	57995131	104	104	114.00	237.00	160.33	114.00	16674.00
chr1	27428875	27429049	174	174	0.00	8.00	1.52	0.00	264.00
chr2	27688277	27688385	108	108	0.00	0.00	0.00	0.00	0.00
chr16	2691449	2692254	805	805	0.00	6.00	0.81	0.00	650.00
chr9	131503813	131503933	120	120	0.00	48.00	21.65	20.00	2598.00
chr16	2347766	2347922	156	156	0.00	0.00	0.00	0.00	0.00
chr17	80039884	80040036	152	152	32.00	199.00	96.50	98.00	14668.00
chr1	32204432	32204538	106	106	40.00	107.00	74.24	73.00	7869.00
chr12	9242951	9243078	127	127	0.00	188.00	124.80	175.00	15850.00
chr3	49702661	49702751	90	90	0.00	0.00	0.00	0.00	0.00
chr19	35820359	35820837	478	478	0.00	14.00	5.73	0.00	2739.00
chr1	201456762	201457615	853	853	0.00	206.00	29.48	1.00	25143.00
chr16	2334279	2334438	159	159	0.00	16.00	11.75	16.00	1868.00
chr10	73578373	73578481	108	108	1118.00	1573.00	1357.69	1348.00	146630.00
chr16	18530550	18530756	206	206	0.00	5.00	1.11	0.00	229.00
chr16	16369094	16369300	206	206	0.00	0.00	0.00	0.00	0.00
chr13	113975636	113975785	149	149	0.00	254.00	91.11	0.00	13576.00
chr11	119293822	119294227	405	405	0.00	146.00	23.05	1.00	9335.00
chr5	150505962	150506041	79	79	109.00	180.00	151.52	165.00	11970.00
chr22	44224939	44225078	139	139	0.00	84.00	56.24	49.00	7817.00
chr15	41865199	41865309	110	110	19.00	159.00	93.41	92.00	10275.00
chr17	25633807	25636298	2491	2491	0.00	340.00	91.14	69.00	227029.00
chr15	72495155	72495529	374	374	0.00	470.00	145.51	33.00	54420.00
chr9	42540272	42542124	1852	1852	0.00	0.00	0.00	0.00	0.00
chr11	119290760	119291704	944	944	0.00	434.00	82.65	39.00	78020.00
chr19	5219949	5220165	216	216	0.00	75.00	25.38	0.00	5483.00
chr15	63910769	63911153	384	384	0.00	0.00	0.00	0.00	0.00
chr17	74393879	74393969	90	90	0.00	0.00	0.00	0.00	0.00
chr10	104129467	104129532	65	65	0.00	3.00	2.86	3.00	186.00
chr3	142454224	142454620	396	396	0.00	0.00	0.00	0.00	0.00
chr12	121205196	121205396	200	200	15.00	269.00	112.07	97.00	22414.00
chr3	31705570	31705724	154	154	0.00	0.00	0.00	0.00	0.00
chr6	118635190	118636593	1403	1403	0.00	6.00	0.79	0.00	1111.00
chr8	10339867	10340829	962	962	0.00	0.00	0.00	0.00	0.00
chr19	16952578	16952779	201	201	0.00	0.00	0.00	0.00	0.00
chr8	110984486	110985016	530	530	0.00	0.00	0.00	0.00	0.00
chr9	128001219	128001610	391	391	104.00	415.00	224.77	217.00	87884.00
chr11	73070878	73070997	119	119	20.00	58.00	34.00	20.00	4046.00
chr10	104130140	104130235	95	95	0.00	0.00	0.00	0.00	0.00
chr5	95733039	95733173	134	134	0.00	0.00	0.00	0.00	0.00
chr19	59059400	59059547	147	147	0.00	42.00	16.69	20.00	2454.00
chr5	139943169	139943255	86	86	0.00	70.00	40.14	51.00	3452.00
chr17	73487771	73487981	210	210	0.00	75.00	37.99	48.00	7977.00
chr1	154315588	154315777	189	189	0.00	33.00	16.59	33.00	3135.00
chr14	95652726	95653070	344	344	0.00	0.00	0.00	0.00	0.00
chr12	123639801	123640772	971	971	0.00	28.00	4.90	0.00	4756.00
chr22	47064870	47065171	301	301	0.00	0.00	0.00	0.00	0.00
chr5	24535220	24535388	168	168	0.00	0.00	0.00	0.00	0.00
chr12	6806452	6806958	506	506	0.00	129.00	55.44	59.00	28051.00
chr22	29881711	29881836	125	125	0.00	0.00	0.00	0.00	0.00
chr7	75894681	75894786	105	105	0.00	37.00	5.99	0.00	629.00
chr12	121089007	121095893	6886	6886	0.00	165.00	9.26	0.00	63758.00
chr1	207940357	207942365	2008	2008	0.00	127.00	13.70	0.00	27512.00
chr7	154681166	154681240	74	74	144.00	309.00	224.41	222.00	16606.00
chr5	131696513	131697529	1016	1016	0.00	190.00	18.88	0.00	19183.00
chr11	1776135	1776258	123	123	336.00	784.00	499.54	475.00	61444.00
chr8	11706554	11706673	119	119	125.00	315.00	224.18	210.00	26678.00
chr11	18759426	18759511	85	85	0.00	83.00	9.51	0.00	808.00
chr16	61689373	61689625	252	252	0.00	0.00	0.00	0.00	0.00
chr15	51750702	51750824	122	122	0.00	0.00	0.00	0.00	0.00
chr9	35555056	35555698	642	642	0.00	214.00	104.45	103.00	67057.00
chr2	198356200	198356621	421	421	0.00	0.00	0.00	0.00	0.00
chr9	131001723	131001794	71	71	59.00	193.00	136.87	157.00	9718.00
chr19	5214371	5214491	120	120	7.00	39.00	21.21	23.00	2545.00
chr22	35719488	35719623	135	135	19.00	169.00	73.12	52.00	9871.00
chr12	121678738	121679829	1091	1091	0.00	0.00	0.00	0.00	0.00
chr14	23820960	23821064	104	104	66.00	141.00	125.33	130.00	13034.00
chr1	32205710	32205779	69	69	0.00	52.00	21.33	2.00	1472.00
chr3	33420176	33420326	150	150	0.00	0.00	0.00	0.00	0.00
chr9	114820707	114820966	259	259	0.00	0.00	0.00	0.00	0.00
chr15	41865876	41866023	147	147	0.00	128.00	51.85	60.00	7622.00
chr19	55554308	55554637	329	329	0.00	0.00	0.00	0.00	0.00
chr1	116933403	116933513	110	110	7.00	49.00	41.55	49.00	4570.00
chr19	15374230	15374359	129	129	43.00	130.00	88.47	83.00	11413.00
chr12	56090682	56090852	170	170	0.00	119.00	49.58	85.00	8428.00
chr14	69445668	69445876	208	208	0.00	48.00	18.06	0.00	3757.00
chr12	57603474	57603651	177	177	117.00	369.00	202.95	167.00	35923.00
chr22	32897492	32898946	1454	1454	0.00	0.00	0.00	0.00	0.00
chr16	16367702	16367764	62	62	0.00	139.00	73.19	68.00	4538.00
chr19	5245786	5246056	270	270	0.00	146.00	44.91	18.00	12127.00
chr16	74345440	74345829	389	389	0.00	4.00	1.32	0.00	514.00
chr6	107096899	107097076	177	177	0.00	120.00	48.16	63.00	8524.00
chr1	29641883	29642019	136	136	1.00	6.00	4.14	4.00	563.00
chr8	97342440	97342509	69	69	56.00	56.00	56.00	56.00	3864.00
chr8	68116914	68117054	140	140	0.00	0.00	0.00	0.00	0.00
chr22	22037470	22037546	76	76	0.00	0.00	0.00	0.00	0.00
chr22	50682147	50683420	1273	1273	0.00	56.00	7.03	0.00	8955.00
chr20	44048971	44049069	98	98	28.00	68.00	44.26	50.00	4337.00
chr1	36904356	36904511	155	155	0.00	0.00	0.00	0.00	0.00
chr12	71054719	71054877	158	158	0.00	75.00	7.58	0.00	1198.00
chr15	50654364	50655515	1151	1151	0.00	178.00	15.59	0.00	17949.00
chr2	234198499	234198620	121	121	0.00	0.00	0.00	0.00	0.00
chr9	128001699	128001812	113	113	0.00	243.00	130.36	139.00	14731.00
chr8	38272296	38272419	123	123	8.00	122.00	59.96	67.00	7375.00
chr11	73068069	73068179	110	110	0.00	23.00	16.96	23.00	1866.00
chr16	28123137	28123327	190	190	0.00	363.00	175.13	235.00	33274.00
chr12	49424062	49424222	160	160	0.00	0.00	0.00	0.00	0.00
chr19	50302885	50303023	138	138	147.00	293.00	230.01	247.00	31741.00
chr19	42480567	42480718	151	151	13.00	176.00	72.99	73.00	11021.00
chr3	197904395	197905301	906	906	0.00	52.00	11.39	0.00	10323.00
chr13	100189992	100190117	125	125	0.00	62.00	29.30	43.00	3663.00
chr19	14268062	14268272	210	210	0.00	146.00	81.98	89.00	17216.00
chr10	93786886	93787057	171	171	0.00	43.00	36.16	43.00	6183.00
chr1	109808726	109808828	102	102	0.00	144.00	130.39	139.00	13300.00
chr4	134075461	134075520	59	59	0.00	180.00	89.29	56.00	5268.00
chr1	22052268	22053864	1596	1596	0.00	1.00	0.06	0.00	101.00
chr9	140056855	140056968	113	113	59.00	194.00	133.74	150.00	15113.00
chr19	42482087	42482224	137	137	118.00	318.00	219.50	222.00	30071.00
chr19	4556962	4557025	63	63	39.00	132.00	62.51	39.00	3938.00
chr19	14266921	14267013	92	92	0.00	78.00	42.39	78.00	3900.00
chr22	42273851	42274127	276	276	0.00	202.00	84.03	74.00	23192.00
chr1	205549788	205550049	261	261	0.00	0.00	0.00	0.00	0.00
chr1	110765585	110766522	937	937	0.00	58.00	10.41	0.00	9753.00
chr19	55553595	55554158	563	563	0.00	0.00	0.00	0.00	0.00
chr7	150929881	150931360	1479	1479	0.00	61.00	8.67	0.00	12825.00
chr3	124215157	124215260	103	103	0.00	0.00	0.00	0.00	0.00
chr16	58220658	58220760	102	102	4.00	99.00	60.05	76.00	6125.00
chr3	10381925	10382033	108	108	0.00	0.00	0.00	0.00	0.00
chr10	11356101	11356221	120	120	0.00	2.00	1.25	2.00	150.00
chr22	42294652	42294785	133	133	150.00	321.00	243.10	257.00	32332.00
chr1	2005531	2005714	183	183	0.00	0.00	0.00	0.00	0.00
chr12	113722522	113722576	54	54	61.00	138.00	115.74	138.00	6250.00
chr9	131502198	131502398	200	200	0.00	304.00	157.21	156.00	31441.00
chr19	40873602	40873786	184	184	115.00	344.00	258.30	274.50	47528.00
chr2	220162606	220162825	219	219	1.00	135.00	30.91	32.00	6770.00
chr16	28270027	28270355	328	328	0.00	0.00	0.00	0.00	0.00
chr4	3225718	3225858	140	140	0.00	0.00	0.00	0.00	0.00
chr17	44127898	44128070	172	172	0.00	0.00	0.00	0.00	0.00
chr3	47462043	47462262	219	219	8.00	160.00	61.32	38.00	13428.00
chr6	99873090	99873182	92	92	0.00	258.00	117.52	123.00	10812.00
chr7	142561723	142562504	781	781	0.00	58.00	3.82	0.00	2982.00
chr1	159169540	159169666	126	126	76.00	153.00	104.75	108.00	13198.00
chr19	7606869	7606953	84	84	0.00	0.00	0.00	0.00	0.00
chr16	2811561	2818298	6737	6737	0.00	471.00	102.66	87.00	691618.00
chr3	47450652	47450807	155	155	0.00	136.00	76.30	66.00	11826.00
chr11	118403631	118403922	291	291	0.00	310.00	107.97	101.00	31420.00
chr1	205555161	205555335	174	174	0.00	0.00	0.00	0.00	0.00
chr12	125603186	125603311	125	125	0.00	0.00	0.00	0.00	0.00
chr11	86658288	86659498	1210	1210	0.00	208.00	35.71	0.00	43212.00
chr22	37764946	37768745	3799	3799	0.00	301.00	50.93	29.00	193472.00
chr10	46345664	46346215	551	551	0.00	0.00	0.00	0.00	0.00
chr22	33673045	33673241	196	196	0.00	81.00	44.90	73.00	8801.00
chr9	140042599	140042666	67	67	0.00	0.00	0.00	0.00	0.00
chr3	48717233	48717320	87	87	0.00	5.00	3.10	5.00	270.00
chr11	60681600	60681740	140	140	0.00	8.00	5.71	8.00	800.00
chr10	93784512	93784724	212	212	0.00	0.00	0.00	0.00	0.00
chr12	7289424	7290372	948	948	0.00	14.00	1.49	0.00	1409.00
chr3	132387062	132387526	464	464	0.00	7.00	1.52	0.00	706.00
chr16	2335442	2335647	205	205	15.00	120.00	59.78	55.00	12254.00
chr16	1794782	1797276	2494	2494	0.00	60.00	6.17	0.00	15400.00
chr16	3786036	3786204	168	168	0.00	66.00	14.54	0.00	2442.00
chr9	141131209	141131766	557	557	0.00	46.00	16.68	0.00	9290.00
chr14	92965028	92966015	987	987	0.00	209.00	33.93	2.00	33493.00
chr19	54692070	54692200	130	130	0.00	81.00	54.97	81.00	7146.00
chr15	43866006	43866230	224	224	0.00	3.00	1.08	1.00	241.00
chr3	40231316	40231954	638	638	0.00	71.00	22.36	21.00	14265.00
chr3	50148937	50149455	518	518	0.00	195.00	39.73	9.00	20580.00
chr4	81117505	81117755	250	250	0.00	2.00	0.81	0.00	202.00
chr10	46740404	46740638	234	234	0.00	0.00	0.00	0.00	0.00
chr3	124210169	124210271	102	102	0.00	0.00	0.00	0.00	0.00
chr11	107488830	107488932	102	102	0.00	0.00	0.00	0.00	0.00
chr9	130591965	130592106	141	141	0.00	54.00	28.83	54.00	4065.00
chr1	20981932	20982027	95	95	121.00	298.00	204.09	195.00	19389.00
chr12	75875613	75875859	246	246	0.00	548.00	229.64	282.00	56492.00
chr22	32046684	32046764	80	80	0.00	2.00	0.12	0.00	10.00
chr11	70331418	70331658	240	240	0.00	9.00	5.59	8.00	1341.00
chr14	51079976	51080069	93	93	0.00	26.00	19.57	26.00	1820.00
chr17	80041077	80041301	224	224	24.00	159.00	90.94	54.00	20371.00
chr7	158540884	158540971	87	87	0.00	72.00	16.72	21.00	1455.00
chr1	21553651	21553719	68	68	127.00	186.00	147.22	131.50	10011.00
chr2	219206256	219206349	93	93	0.00	55.00	27.25	27.00	2534.00
chr17	18444211	18445242	1031	1031	0.00	3.00	0.29	0.00	301.00
chr12	57599340	57599460	120	120	0.00	44.00	20.36	23.00	2443.00
chr11	64417919	64418110	191	191	0.00	39.00	20.75	39.00	3963.00
chr19	3274926	3275650	724	724	0.00	30.00	7.38	0.00	5346.00
chr16	18532086	18532305	219	219	3.00	199.00	77.11	58.00	16887.00
chr17	3776702	3776756	54	54	0.00	25.00	24.07	25.00	1300.00
chr1	116932670	116933033	363	363	0.00	192.00	57.05	17.00	20708.00
chr16	1505731	1505796	65	65	0.00	0.00	0.00	0.00	0.00
chr1	9794029	9794200	171	171	144.00	339.00	212.73	209.00	36376.00
chr10	73579221	73579379	158	158	531.00	1632.00	807.14	667.00	127528.00
chr11	6411684	6412146	462	462	0.00	71.00	28.91	34.00	13356.00
chr1	159163212	159163350	138	138	0.00	132.00	41.60	67.00	5741.00
chr16	1816723	1816804	81	81	160.00	391.00	254.44	248.00	20610.00
chr7	91722399	91722630	231	231	0.00	52.00	22.56	0.00	5212.00
chr7	44281816	44281939	123	123	0.00	179.00	113.72	106.00	13987.00
chr2	220467189	220467297	108	108	0.00	0.00	0.00	0.00	0.00
chr16	4494664	4494729	65	65	0.00	42.00	37.20	37.00	2418.00
chr15	34681844	34681986	142	142	0.00	40.00	24.86	40.00	3530.00
chr9	139995935	139996124	189	189	6.00	193.00	88.77	106.00	16778.00
chr3	180324040	180324160	120	120	0.00	0.00	0.00	0.00	0.00
chr3	42678359	42681242	2883	2883	0.00	355.00	50.73	27.00	146265.00
chr7	131812776	131815333	2557	2557	0.00	177.00	16.08	0.00	41128.00
chr20	1585387	1585522	135	135	0.00	3.00	2.21	3.00	299.00
chr3	126751229	126751442	213	213	0.00	50.00	17.59	25.00	3746.00
chr15	63920875	63921014	139	139	14.00	28.00	17.89	15.00	2487.00
chr16	2040128	2040202	74	74	7.00	16.00	11.84	9.00	876.00
chr9	74324174	74324390	216	216	0.00	115.00	34.44	0.00	7439.00
chr20	44521858	44521950	92	92	2.00	35.00	23.38	33.00	2151.00
chr9	139911647	139911798	151	151	35.00	116.00	88.75	104.00	13402.00
chr9	140055507	140055649	142	142	85.00	411.00	232.93	222.00	33076.00
chr12	120148055	120148191	136	136	0.00	0.00	0.00	0.00	0.00
chr12	50474280	50474372	92	92	0.00	19.00	10.13	7.00	932.00
chr15	63125702	63125828	126	126	34.00	107.00	76.70	75.00	9664.00
chr9	20907148	20907241	93	93	0.00	0.00	0.00	0.00	0.00
chr16	87874655	87874761	106	106	0.00	76.00	65.58	64.00	6951.00
chr2	162833269	162833460	191	191	0.00	23.00	12.04	23.00	2299.00
chr8	11704560	11704677	117	117	113.00	294.00	181.62	177.00	21249.00
chr15	63926931	63927087	156	156	0.00	65.00	7.92	0.00	1235.00
chr6	31668718	31668805	87	87	0.00	1.00	0.40	0.00	35.00
chr7	148910792	148910906	114	114	29.00	154.00	127.88	152.00	14578.00
chr14	42355808	42357213	1405	1405	0.00	34.00	4.68	0.00	6573.00
chr10	88678928	88679226	298	298	0.00	174.00	52.01	16.00	15500.00
chr3	140998219	140998346	127	127	0.00	27.00	7.48	1.00	950.00
chr1	144859758	144859998	240	240	56.00	202.00	115.11	91.00	27626.00
chr9	96054772	96055455	683	683	0.00	212.00	41.96	1.00	28661.00
chr19	7604803	7604944	141	141	0.00	129.00	87.06	128.00	12275.00
chr12	30906277	30907432	1155	1155	0.00	0.00	0.00	0.00	0.00
chr9	131112762	131112854	92	92	0.00	20.00	7.17	5.00	660.00
chr20	61981328	61982379	1051	1051	0.00	94.00	15.62	0.00	16417.00
chr7	38431348	38431618	270	270	0.00	0.00	0.00	0.00	0.00
chr20	44521036	44521123	87	87	7.00	80.00	26.51	7.00	2306.00
chr11	64418726	64419108	382	382	0.00	225.00	52.68	2.00	20122.00
chr12	120148344	120150270	1926	1926	0.00	171.00	16.82	0.00	32394.00
chr12	6930971	6931066	95	95	0.00	0.00	0.00	0.00	0.00
chr16	2339434	2339621	187	187	0.00	22.00	11.83	12.00	2212.00
chr2	27700083	27700187	104	104	0.00	35.00	4.90	5.00	510.00
chr14	69805367	69805494	127	127	0.00	36.00	28.06	36.00	3564.00
chr12	9242497	9242619	122	122	60.00	231.00	170.63	170.00	20817.00
chr3	58256658	58256791	133	133	0.00	1.00	0.65	1.00	87.00
chr10	79744927	79745098	171	171	0.00	0.00	0.00	0.00	0.00
chr1	159161725	159161866	141	141	0.00	10.00	7.16	10.00	1010.00
chr16	31085202	31085519	317	317	0.00	0.00	0.00	0.00	0.00
chr1	171755018	171755218	200	200	0.00	88.00	43.10	22.00	8621.00
chr9	130988124	130989280	1156	1156	0.00	153.00	9.58	0.00	11070.00
chr15	63127935	63127998	63	63	0.00	41.00	17.89	0.00	1127.00
chr19	1917676	1917821	145	145	0.00	202.00	123.00	135.00	17835.00
chr22	25315792	25315960	168	168	0.00	0.00	0.00	0.00	0.00
chr2	207943790	207945085	1295	1295	0.00	349.00	43.14	0.00	55867.00
chr11	47330706	47330952	246	246	0.00	2.00	0.55	0.00	136.00
chr3	142743978	142746095	2117	2117	0.00	225.00	12.77	0.00	27026.00
chr7	44839492	44839694	202	202	0.00	3.00	1.50	1.50	303.00
chr22	31688260	31688471	211	211	0.00	14.00	9.64	13.00	2034.00
chr11	66333492	66333638	146	146	69.00	391.00	207.63	186.00	30314.00
chr9	131114916	131115026	110	110	0.00	31.00	18.03	14.00	1983.00
chr1	20206	21013	807	807	0.00	34.00	1.89	0.00	1527.00
chr11	108216469	108216635	166	166	0.00	0.00	0.00	0.00	0.00
chr1	209778880	209779019	139	139	0.00	0.00	0.00	0.00	0.00
chr1	202935876	202936026	150	150	32.00	133.00	81.03	79.00	12154.00
chr12	57600255	57600524	269	269	0.00	216.00	64.39	29.00	17320.00
chr19	15233503	15233615	112	112	143.00	261.00	201.62	202.00	22581.00
chr8	68115317	68115486	169	169	0.00	9.00	0.16	0.00	27.00
chr19	13419229	13419342	113	113	0.00	0.00	0.00	0.00	0.00
chr6	33266815	33267130	315	315	0.00	0.00	0.00	0.00	0.00
chr16	89780611	89781646	1035	1035	0.00	271.00	57.73	27.00	59748.00
chr12	109964162	109964221	59	59	0.00	0.00	0.00	0.00	0.00
chr22	24491893	24492045	152	152	0.00	27.00	2.47	0.00	376.00
chr2	242592926	242593025	99	99	4.00	14.00	12.02	14.00	1190.00
chr1	21937944	21938074	130	130	28.00	319.00	108.38	94.00	14090.00
chr2	223789173	223789313	140	140	0.00	0.00	0.00	0.00	0.00
chr20	3772318	3772535	217	217	0.00	15.00	0.47	0.00	102.00
chr16	18531918	18532001	83	83	5.00	146.00	120.46	145.00	9998.00
chr1	43396296	43396537	241	241	0.00	20.00	8.70	3.00	2096.00
chr2	100037960	100038115	155	155	0.00	4.00	0.23	0.00	36.00
chr16	1500497	1500770	273	273	0.00	91.00	34.09	31.00	9306.00
chr19	40876016	40876144	128	128	259.00	669.00	525.02	557.00	67202.00
chr5	168112691	168112932	241	241	0.00	0.00	0.00	0.00	0.00
chr2	127825738	127825831	93	93	0.00	2.00	1.70	2.00	158.00
chr1	19232015	19234990	2975	2975	0.00	90.00	15.84	0.00	47115.00
chr16	1391129	1391196	67	67	0.00	31.00	18.72	26.00	1254.00
chr6	33410665	33411689	1024	1024	0.00	136.00	18.40	1.00	18838.00
chr9	95872033	95872266	233	233	0.00	0.00	0.00	0.00	0.00
chr1	53378627	53378839	212	212	0.00	140.00	108.82	135.50	23069.00
chr2	80531276	80531693	417	417	0.00	2.00	0.97	0.00	404.00
chr7	44286718	44286791	73	73	0.00	36.00	2.81	0.00	205.00
chr7	157369304	157369471	167	167	0.00	96.00	49.38	51.00	8246.00
chr11	18755079	18755191	112	112	0.00	84.00	60.00	84.00	6720.00
chr6	86237979	86238080	101	101	0.00	102.00	28.24	8.00	2852.00
chr8	145000951	145001050	99	99	0.00	0.00	0.00	0.00	0.00
chr19	45167680	45167966	286	286	0.00	1.00	0.16	0.00	46.00
chr10	48930165	48930400	235	235	0.00	0.00	0.00	0.00	0.00
chr16	87871450	87871547	97	97	31.00	83.00	69.07	83.00	6700.00
chr1	109815454	109815649	195	195	78.00	236.00	139.39	134.00	27182.00
chr1	208215442	208215711	269	269	0.00	136.00	64.81	72.00	17435.00
chr2	260866	261451	585	585	0.00	88.00	15.19	0.00	8886.00
chr5	180481266	180481724	458	458	0.00	128.00	38.40	0.00	17587.00
chr7	73119479	73119631	152	152	0.00	111.00	46.72	0.00	7102.00
chr15	34677248	34677358	110	110	0.00	89.00	22.34	10.00	2457.00
chr16	57687114	57687247	133	133	69.00	198.00	124.04	138.00	16497.00
chr15	50649406	50649592	186	186	0.00	2.00	1.09	2.00	202.00
chr22	21071995	21072066	71	71	0.00	74.00	40.23	49.00	2856.00
chr5	179200882	179201561	679	679	0.00	27.00	4.02	0.00	2727.00
chr10	98763824	98763979	155	155	0.00	67.00	53.86	62.00	8349.00
chr14	102963315	102963457	142	142	0.00	9.00	2.88	1.00	409.00
chr1	21932558	21933138	580	580	0.00	330.00	53.52	0.00	31043.00
chr16	28118842	28118998	156	156	89.00	230.00	160.79	150.00	25084.00
chr1	241767561	241767881	320	320	0.00	0.00	0.00	0.00	0.00
chr11	66812063	66812184	121	121	0.00	13.00	4.73	0.00	572.00
chr11	12248571	12248678	107	107	44.00	91.00	71.26	89.00	7625.00
chr9	130588788	130588951	163	163	0.00	54.00	39.20	49.00	6390.00
chr22	21068915	21068988	73	73	50.00	99.00	73.60	75.00	5373.00
chr1	43424304	43424531	227	227	0.00	78.00	23.71	11.00	5382.00
chr14	105852021	105853670	1649	1649	0.00	213.00	26.46	0.00	43630.00
chr15	34823469	34823579	110	110	0.00	46.00	11.45	5.00	1260.00
chr11	171365	172282	917	917	0.00	44.00	9.69	0.00	8886.00
chr22	24493976	24494155	179	179	0.00	28.00	26.25	27.00	4698.00
chr15	79291060	79291167	107	107	0.00	59.00	10.43	0.00	1116.00
chr16	2145904	2146194	290	290	0.00	0.00	0.00	0.00	0.00
chr9	131503050	131503166	116	116	35.00	178.00	98.65	121.00	11443.00
chr11	61301983	61302579	596	596	0.00	69.00	4.95	0.00	2953.00
chr22	25308609	25308719	110	110	0.00	0.00	0.00	0.00	0.00
chr12	63977826	63979986	2160	2160	0.00	237.00	22.89	0.00	49442.00
chr19	46928844	46930933	2089	2089	0.00	87.00	14.44	0.00	30158.00
chr16	56969146	56969224	78	78	0.00	86.00	78.99	84.00	6161.00
chr17	40665787	40665996	209	209	0.00	100.00	29.22	30.00	6108.00
chr9	131669435	131671600	2165	2165	0.00	215.00	57.89	50.00	125322.00
chr2	220164026	220164271	245	245	0.00	333.00	74.76	0.00	18316.00
chr19	7589846	7590052	206	206	7.00	109.00	56.86	30.00	11713.00
chr6	91260186	91260268	82	82	0.00	49.00	34.06	49.00	2793.00
chr9	124543742	124543830	88	88	62.00	342.00	157.48	125.00	13858.00
chr12	54071005	54071170	165	165	0.00	0.00	0.00	0.00	0.00
chr2	40443	41212	769	769	0.00	0.00	0.00	0.00	0.00
chr11	67852159	67852747	588	588	0.00	64.00	20.58	9.00	12103.00
chr8	8233762	8234810	1048	1048	0.00	0.00	0.00	0.00	0.00
chr2	175671113	175672148	1035	1035	0.00	0.00	0.00	0.00	0.00
chr7	138984922	138985438	516	516	0.00	0.00	0.00	0.00	0.00
chr22	40816850	40817104	254	254	0.00	153.00	60.15	59.00	15277.00
chr19	14263120	14263249	129	129	0.00	53.00	17.71	17.00	2284.00
chr19	16962222	16962345	123	123	0.00	0.00	0.00	0.00	0.00
chr1	109813838	109813918	80	80	56.00	124.00	109.50	119.00	8760.00
chr3	49898148	49898562	414	414	0.00	124.00	28.87	0.00	11953.00
chr17	17131202	17131510	308	308	0.00	45.00	12.60	0.00	3881.00
chr1	21936067	21936139	72	72	17.00	73.00	51.86	70.00	3734.00
chr3	130424404	130424615	211	211	0.00	0.00	0.00	0.00	0.00
chr12	56532710	56532797	87	87	12.00	103.00	55.95	29.00	4868.00
chr16	29888591	29888788	197	197	4.00	191.00	108.56	119.00	21386.00
chr2	114394588	114396196	1608	1608	0.00	226.00	39.34	16.00	63263.00
chr3	124180736	124180803	67	67	0.00	0.00	0.00	0.00	0.00
chr9	111798485	111798660	175	175	0.00	143.00	24.94	10.00	4365.00
chr10	73847897	73848372	475	475	0.00	53.00	17.41	0.00	8269.00
chr22	21075585	21075706	121	121	16.00	270.00	127.31	84.00	15404.00
chr22	20920753	20921104	351	351	0.00	11.00	3.92	3.00	1377.00
chr9	140953020	140953185	165	165	0.00	0.00	0.00	0.00	0.00
chr22	41620970	41621075	105	105	0.00	0.00	0.00	0.00	0.00
chr11	6243671	6243839	168	168	0.00	0.00	0.00	0.00	0.00
chr15	74704225	74704353	128	128	0.00	0.00	0.00	0.00	0.00
chr3	48719780	48719985	205	205	0.00	0.00	0.00	0.00	0.00
chr1	222833247	222833348	101	101	0.00	23.00	17.06	23.00	1723.00
chr1	6583675	6584824	1149	1149	0.00	251.00	33.52	0.00	38520.00
chr11	126135857	126135976	119	119	0.00	0.00	0.00	0.00	0.00
chr8	75156763	75157410	647	647	0.00	37.00	8.47	2.00	5480.00
chr15	83345212	83345389	177	177	0.00	0.00	0.00	0.00	0.00
chr14	68031638	68032561	923	923	0.00	33.00	7.22	0.00	6660.00
chr19	42479780	42479949	169	169	87.00	419.00	260.21	286.00	43976.00
chr16	31503329	31503407	78	78	2.00	29.00	22.77	20.00	1776.00
chr17	1564564	1564700	136	136	0.00	0.00	0.00	0.00	0.00
chr16	58717858	58718082	224	224	0.00	0.00	0.00	0.00	0.00
chr14	71575320	71575763	443	443	0.00	225.00	101.33	93.00	44888.00
chr1	202934498	202934628	130	130	0.00	23.00	10.45	0.00	1359.00
chr7	73118477	73118586	109	109	14.00	100.00	44.20	27.00	4818.00
chr19	13365908	13366073	165	165	0.00	0.00	0.00	0.00	0.00
chr10	102265117	102265958	841	841	0.00	0.00	0.00	0.00	0.00
chr9	139983320	139983457	137	137	0.00	0.00	0.00	0.00	0.00
chr18	29206245	29206347	102	102	0.00	0.00	0.00	0.00	0.00
chr12	120578662	120578827	165	165	0.00	1.00	0.32	0.00	52.00
chr5	757516	758226	710	710	0.00	0.00	0.00	0.00	0.00
chr8	21632483	21632567	84	84	0.00	0.00	0.00	0.00	0.00
chr4	54011499	54011749	250	250	0.00	150.00	60.58	72.00	15144.00
chr8	141680613	141681365	752	752	0.00	52.00	7.02	0.00	5280.00
chr11	57367351	57367850	499	499	3.00	240.00	86.89	60.00	43357.00
chr12	63980009	63980784	775	775	0.00	3.00	0.39	0.00	303.00
chr9	140057042	140057203	161	161	0.00	229.00	132.80	135.00	21381.00
chr2	7055953	7056098	145	145	0.00	0.00	0.00	0.00	0.00
chr12	52387768	52389043	1275	1275	0.00	106.00	18.56	0.00	23666.00
chr19	50104931	50105175	244	244	0.00	309.00	107.82	87.00	26308.00
chr19	5218430	5218543	113	113	59.00	168.00	142.31	168.00	16081.00
chr16	29898969	29899138	169	169	0.00	1.00	0.01	0.00	2.00
chr7	99030900	99031041	141	141	0.00	0.00	0.00	0.00	0.00
chr17	36692926	36693212	286	286	0.00	14.00	0.05	0.00	14.00
chr15	73857770	73859335	1565	1565	0.00	66.00	3.76	0.00	5887.00
chr6	44104085	44104176	91	91	0.00	42.00	16.55	0.00	1506.00
chr1	21938518	21938602	84	84	18.00	204.00	122.94	87.00	10327.00
chr19	13423482	13423595	113	113	0.00	0.00	0.00	0.00	0.00
chr16	70292882	70293089	207	207	147.00	318.00	202.41	209.00	41899.00
chr18	61060641	61060782	141	141	2.00	125.00	91.29	121.00	12872.00
chr16	22269814	22270016	202	202	0.00	0.00	0.00	0.00	0.00
chr1	21554423	21554534	111	111	0.00	132.00	54.54	59.00	6054.00
chr9	140057255	140057455	200	200	0.00	340.00	137.10	143.00	27421.00
chr7	1488255	1488397	142	142	0.00	0.00	0.00	0.00	0.00
chr14	100166351	100166438	87	87	0.00	52.00	17.80	0.00	1549.00
chr9	101065522	101065705	183	183	0.00	0.00	0.00	0.00	0.00
chr5	68411752	68412041	289	289	0.00	0.00	0.00	0.00	0.00
chr1	2452539	2452754	215	215	0.00	0.00	0.00	0.00	0.00
chr1	21564626	21564737	111	111	0.00	0.00	0.00	0.00	0.00
chr13	42037713	42039066	1353	1353	0.00	22.00	0.04	0.00	60.00
chr2	114350236	114350443	207	207	0.00	0.00	0.00	0.00	0.00
chr1	21939668	21939722	54	54	67.00	70.00	69.22	70.00	3738.00
chr9	139353895	139354007	112	112	0.00	76.00	4.75	0.00	532.00
chr7	102176367	102176618	251	251	0.00	0.00	0.00	0.00	0.00
chr3	51411753	51412018	265	265	0.00	0.00	0.00	0.00	0.00
chr17	73888091	73888266	175	175	0.00	0.00	0.00	0.00	0.00
chr13	103297258	103297435	177	177	0.00	180.00	96.85	175.00	17142.00
chr15	63922664	63922834	170	170	14.00	72.00	42.48	55.00	7222.00
chr3	33400774	33400849	75	75	0.00	3.00	2.68	3.00	201.00
chr22	50671744	50671955	211	211	0.00	91.00	33.29	42.00	7025.00
chr1	21190968	21191205	237	237	0.00	113.00	45.87	53.00	10871.00
chr5	14481649	14481727	78	78	48.00	97.00	70.83	59.00	5525.00
chr15	101605556	101606410	854	854	0.00	66.00	8.67	0.00	7406.00
chr17	80040402	80040554	152	152	29.00	156.00	65.31	52.00	9927.00
chr2	132269293	132270897	1604	1604	0.00	84.00	16.13	0.00	25869.00
chr11	1778553	1778786	233	233	367.00	876.00	643.20	692.00	149866.00
chr11	1469616	1469808	192	192	0.00	0.00	0.00	0.00	0.00
chr12	120138549	120138630	81	81	0.00	174.00	106.40	93.00	8618.00
chr7	901016	901101	85	85	4.00	116.00	45.12	54.00	3835.00
chr19	13372263	13372424	161	161	0.00	0.00	0.00	0.00	0.00
chr17	40843154	40843311	157	157	0.00	15.00	9.59	15.00	1506.00
chr17	80039476	80039719	243	243	97.00	323.00	210.85	199.00	51237.00
chr17	16681109	16687365	6256	6256	0.00	31.00	0.66	0.00	4121.00
chr1	116935475	116935610	135	135	0.00	135.00	83.67	90.00	11295.00
chr6	128294808	128294972	164	164	0.00	77.00	18.30	23.00	3001.00
chr5	109189927	109190617	690	690	0.00	0.00	0.00	0.00	0.00
chr15	40757533	40757634	101	101	17.00	80.00	46.35	50.00	4681.00
chr2	220164706	220164981	275	275	0.00	157.00	79.36	62.00	21825.00
chr3	164905164	164908639	3475	3475	0.00	237.00	14.78	0.00	51349.00
chr11	60699157	60699356	199	199	0.00	147.00	89.88	109.00	17886.00
chr2	96680301	96680717	416	416	0.00	57.00	3.00	0.00	1248.00
chr17	40845314	40845554	240	240	0.00	7.00	2.95	0.00	707.00
chr12	125264513	125265391	878	878	0.00	150.00	20.35	0.00	17863.00
chr1	156623704	156624158	454	454	0.00	0.00	0.00	0.00	0.00
chr6	108370456	108370622	166	166	92.00	229.00	170.49	171.00	28301.00
chr11	19180486	19180587	101	101	0.00	198.00	62.55	100.00	6318.00
chr19	42489069	42489338	269	269	0.00	55.00	19.46	19.00	5235.00
chr2	198274493	198274731	238	238	0.00	189.00	100.01	107.00	23803.00
chr6	47220991	47221257	266	266	0.00	228.00	102.02	81.00	27136.00
chr19	40872679	40872822	143	143	222.00	401.00	296.78	290.00	42440.00
chr19	54693278	54693627	349	349	0.00	5.00	1.25	0.00	435.00
chr12	81929	82174	245	245	0.00	11.00	3.71	0.00	909.00
chr21	45513943	45514114	171	171	0.00	7.00	4.13	7.00	707.00
chr3	124201630	124201747	117	117	0.00	49.00	26.80	49.00	3136.00
chr17	79805118	79805223	105	105	114.00	188.00	152.74	156.00	16038.00
chr20	46307419	46307548	129	129	0.00	102.00	30.17	34.00	3892.00
chr17	38187790	38187873	83	83	35.00	92.00	64.05	53.00	5316.00
chr2	207452814	207452878	64	64	0.00	0.00	0.00	0.00	0.00
chr17	45695715	45695823	108	108	115.00	207.00	155.36	135.00	16779.00
chr7	44283023	44283126	103	103	81.00	162.00	119.90	124.00	12350.00
chr20	62274975	62275284	309	309	0.00	251.00	98.90	121.00	30559.00
chr11	108202605	108202764	159	159	0.00	0.00	0.00	0.00	0.00
chr9	140051314	140051489	175	175	9.00	108.00	52.03	61.00	9105.00
chr22	45574118	45574781	663	663	0.00	3.00	0.10	0.00	66.00
chr15	79312382	79312446	64	64	0.00	0.00	0.00	0.00	0.00
chr1	21940120	21940199	79	79	0.00	67.00	26.52	0.00	2095.00
chr17	3775847	3775921	74	74	22.00	47.00	28.93	25.00	2141.00
chr7	73133931	73134019	88	88	2.00	4.00	2.64	2.00	232.00
chr11	72292920	72292991	71	71	58.00	119.00	62.45	61.00	4434.00
chr7	43547616	43547730	114	114	0.00	87.00	53.16	46.00	6060.00
chr16	58713760	58714145	385	385	0.00	112.00	27.03	0.00	10408.00
chr22	21083600	21083794	194	194	0.00	47.00	21.87	39.00	4242.00
chr11	66457275	66457414	139	139	42.00	236.00	132.79	115.00	18458.00
chr15	91561034	91561115	81	81	0.00	0.00	0.00	0.00	0.00
chr11	2968525	2969001	476	476	0.00	95.00	30.82	28.00	14672.00
chr19	34869838	34869910	72	72	160.00	258.00	229.03	234.00	16490.00
chr9	121970996	121971219	223	223	0.00	38.00	0.25	0.00	55.00
chr3	47449772	47449980	208	208	0.00	13.00	6.39	10.00	1329.00
chr12	57601820	57601999	179	179	70.00	231.00	142.99	145.00	25596.00
chr16	2345590	2345741	151	151	1.00	85.00	70.23	79.00	10605.00
chr12	50471782	50471910	128	128	0.00	47.00	30.54	44.00	3909.00
chr1	109814221	109814344	123	123	5.00	58.00	27.73	25.00	3411.00
chr19	16942304	16942458	154	154	0.00	0.00	0.00	0.00	0.00
chr11	66333301	66333398	97	97	113.00	170.00	146.38	138.00	14199.00
chr5	74026084	74026223	139	139	0.00	36.00	19.38	36.00	2694.00
chr5	68417520	68417722	202	202	0.00	0.00	0.00	0.00	0.00
chr19	15272262	15272525	263	263	102.00	215.00	156.84	156.00	41249.00
chr3	45872404	45872482	78	78	0.00	87.00	44.58	86.00	3477.00
chr7	73123374	73123452	78	78	10.00	14.00	12.08	12.00	942.00
chr5	14498197	14498360	163	163	0.00	43.00	13.05	0.00	2127.00
chr14	93180167	93180230	63	63	0.00	7.00	3.92	2.00	247.00
chr9	130984739	130984875	136	136	65.00	187.00	130.91	144.00	17804.00
chr13	31216764	31216894	130	130	0.00	9.00	4.27	7.00	555.00
chr12	112614399	112614506	107	107	0.00	54.00	35.91	50.00	3842.00
chr12	57602865	57602982	117	117	156.00	385.00	258.64	237.00	30261.00
chr14	72976861	72976987	126	126	0.00	0.00	0.00	0.00	0.00
chr1	155209406	155209553	147	147	0.00	19.00	7.88	0.00	1159.00
chr10	49633930	49634113	183	183	0.00	0.00	0.00	0.00	0.00
chr16	84100093	84100218	125	125	6.00	227.00	112.53	99.00	14066.00
chr1	155207924	155208097	173	173	0.00	117.00	42.99	60.00	7438.00
chr12	2786898	2787033	135	135	0.00	18.00	7.47	9.00	1008.00
chr2	233755457	233756197	740	740	0.00	0.00	0.00	0.00	0.00
chr14	60631894	60632099	205	205	0.00	132.00	73.21	75.00	15009.00
chr1	11151549	11151654	105	105	0.00	143.00	108.99	143.00	11444.00
chr4	134076071	134076178	107	107	0.00	99.00	65.16	57.00	6972.00
chr15	91420364	91420441	77	77	0.00	0.00	0.00	0.00	0.00
chr5	114961533	114961755	222	222	0.00	1.00	0.22	0.00	49.00
chr16	1814047	1814211	164	164	0.00	152.00	69.52	91.00	11402.00
chr18	44250463	44252581	2118	2118	0.00	81.00	6.19	0.00	13109.00
chr6	158049380	158049518	138	138	0.00	18.00	6.66	5.00	919.00
chr19	7675585	7675679	94	94	0.00	32.00	16.68	32.00	1568.00
chr13	99461604	99461719	115	115	0.00	79.00	45.32	27.00	5212.00
chr11	130010829	130011467	638	638	0.00	603.00	51.71	0.00	32994.00
chr11	107526658	107526792	134	134	0.00	28.00	21.10	28.00	2828.00
chr16	1391294	1391490	196	196	0.00	31.00	9.56	0.00	1874.00
chr1	38182716	38184158	1442	1442	0.00	207.00	17.50	0.00	25228.00
chr5	179231023	179231323	300	300	0.00	0.00	0.00	0.00	0.00
chr14	69814593	69814719	126	126	0.00	1.00	0.80	1.00	101.00
chr14	69349174	69349309	135	135	41.00	144.00	59.33	66.00	8010.00
chr19	7614792	7614998	206	206	0.00	11.00	6.50	5.00	1339.00
chr1	228270375	228270466	91	91	0.00	114.00	52.29	16.00	4758.00
chr1	38186022	38186315	293	293	0.00	0.00	0.00	0.00	0.00
chr13	77641715	77641999	284	284	0.00	52.00	21.46	8.00	6095.00
chr14	100157417	100157498	81	81	35.00	129.00	82.90	100.00	6715.00
chr13	32978280	32979333	1053	1053	0.00	20.00	0.61	0.00	642.00
chr12	7301567	7301794	227	227	6.00	177.00	42.88	38.00	9733.00
chr9	123583116	123583257	141	141	0.00	0.00	0.00	0.00	0.00
chr17	26883183	26883284	101	101	9.00	28.00	20.75	27.00	2096.00
chr12	6972993	6973137	144	144	34.00	119.00	71.96	75.00	10362.00
chr20	34322310	34322637	327	327	0.00	0.00	0.00	0.00	0.00
chr19	7606407	7606570	163	163	0.00	0.00	0.00	0.00	0.00
chr16	2333186	2333373	187	187	0.00	207.00	106.51	117.00	19917.00
chr12	113825548	113825711	163	163	30.00	129.00	80.48	73.00	13119.00
chr7	4802013	4807749	5736	5736	0.00	141.00	17.25	0.00	98927.00
chr1	43394880	43394985	105	105	188.00	399.00	351.23	376.00	36879.00
chr19	4554399	4554488	89	89	54.00	99.00	77.74	82.00	6919.00
chr16	31719139	31719372	233	233	0.00	48.00	9.33	1.00	2174.00
chr5	134060669	134061744	1075	1075	0.00	358.00	78.14	25.00	84003.00
chr1	202936318	202936371	53	53	0.00	32.00	17.72	29.00	939.00
chr2	220087366	220087615	249	249	0.00	111.00	50.36	62.00	12539.00
chr2	36764494	36764689	195	195	0.00	112.00	43.72	58.00	8526.00
chr7	43519208	43519343	135	135	0.00	0.00	0.00	0.00	0.00
chr10	51249585	51249993	408	408	0.00	0.00	0.00	0.00	0.00
chr6	32123647	32123755	108	108	25.00	133.00	78.50	57.00	8478.00
chr3	118624442	118624692	250	250	0.00	82.00	20.33	0.00	5083.00
chr1	190129797	190130020	223	223	0.00	61.00	27.63	0.00	6161.00
chr9	131004491	131004624	133	133	0.00	156.00	74.34	75.00	9887.00
chr22	33679187	33679334	147	147	0.00	13.00	5.25	0.00	772.00
chr15	74709931	74710016	85	85	0.00	158.00	67.81	107.00	5764.00
chr7	6470110	6470238	128	128	0.00	0.00	0.00	0.00	0.00
chr1	6640600	6641359	759	759	0.00	24.00	3.91	0.00	2970.00
chr16	31510622	31510728	106	106	0.00	209.00	26.91	6.00	2852.00
chr4	103710287	103711803	1516	1516	0.00	12.00	1.60	0.00	2422.00
chr19	2862339	2862746	407	407	0.00	0.00	0.00	0.00	0.00
chr2	15467873	15467994	121	121	0.00	4.00	3.34	4.00	404.00
chr2	36780721	36781492	771	771	0.00	0.00	0.00	0.00	0.00
chr10	81070680	81070941	261	261	10.00	85.00	41.21	42.00	10755.00
chr2	217234866	217235986	1120	1120	0.00	9.00	1.12	0.00	1249.00
chr10	93786348	93786508	160	160	0.00	40.00	13.75	0.00	2200.00
chr17	20268785	20269076	291	291	0.00	0.00	0.00	0.00	0.00
chr9	131002006	131002062	56	56	0.00	177.00	114.82	118.00	6430.00
chr1	155208307	155208441	134	134	0.00	58.00	41.55	58.00	5568.00
chr2	162833877	162834373	496	496	0.00	25.00	0.76	0.00	375.00
chr9	35799614	35799728	114	114	0.00	0.00	0.00	0.00	0.00
chr20	62517856	62519234	1378	1378	0.00	107.00	25.63	13.00	35314.00
chr22	35942847	35943127	280	280	0.00	113.00	40.72	54.00	11401.00
chr13	26436438	26436546	108	108	0.00	0.00	0.00	0.00	0.00
chr14	69371371	69371453	82	82	26.00	31.00	29.66	30.00	2432.00
chr7	44031274	44031581	307	307	0.00	27.00	9.01	2.00	2767.00
chr11	12274988	12275291	303	303	0.00	0.00	0.00	0.00	0.00
chr5	1334403	1334498	95	95	97.00	260.00	149.11	131.00	14165.00
chr19	34868639	34868786	147	147	71.00	229.00	155.12	147.00	22803.00
chr16	1815960	1816143	183	183	40.00	344.00	146.77	102.00	26859.00
chr10	73578787	73578868	81	81	701.00	1571.00	963.64	858.00	78055.00
chr17	37420427	37420640	213	213	0.00	44.00	10.74	0.00	2288.00
chr5	60835422	60835586	164	164	0.00	0.00	0.00	0.00	0.00
chr15	79296143	79296517	374	374	0.00	80.00	42.43	78.00	15870.00
chr19	13039568	13039661	93	93	121.00	221.00	158.83	149.00	14771.00
chr12	49421585	49421713	128	128	0.00	13.00	2.95	0.00	377.00
chr1	1661057	1662583	1526	1526	0.00	255.00	57.29	51.00	87417.00
chr2	207457340	207457460	120	120	0.00	0.00	0.00	0.00	0.00
chr11	64542462	64543441	979	979	0.00	9.00	0.56	0.00	549.00
chr20	61910250	61910347	97	97	0.00	4.00	3.59	4.00	348.00
chr11	62394042	62394156	114	114	36.00	141.00	99.02	95.00	11288.00
chr5	37301538	37301652	114	114	0.00	0.00	0.00	0.00	0.00
chr16	4733843	4733933	90	90	67.00	135.00	111.32	133.00	10019.00
chr15	43693913	43694048	135	135	0.00	0.00	0.00	0.00	0.00
chr11	18764538	18764622	84	84	0.00	0.00	0.00	0.00	0.00
chr17	57842331	57842499	168	168	0.00	0.00	0.00	0.00	0.00
chr9	96076729	96078064	1335	1335	0.00	2.00	0.01	0.00	20.00
chr11	12246219	12246367	148	148	0.00	83.00	43.27	40.00	6404.00
chr12	7030743	7031565	822	822	0.00	678.00	163.77	25.00	134620.00
chr3	14523178	14523349	171	171	0.00	0.00	0.00	0.00	0.00
chr5	758508	759483	975	975	0.00	0.00	0.00	0.00	0.00
chr12	22635490	22635677	187	187	0.00	0.00	0.00	0.00	0.00
chr5	14479369	14479459	90	90	0.00	0.00	0.00	0.00	0.00
chr6	143655214	143656079	865	865	0.00	0.00	0.00	0.00	0.00
chr7	75508360	75508578	218	218	3.00	255.00	159.45	189.00	34760.00
chr11	60697981	60698131	150	150	0.00	75.00	25.14	12.00	3771.00
chr1	151400598	151400889	291	291	0.00	185.00	65.00	76.00	18915.00
chr5	172196431	172197309	878	878	0.00	351.00	96.65	52.00	84855.00
chr3	49152660	49152794	134	134	0.00	44.00	18.54	22.00	2484.00
chr7	5518281	5519950	1669	1669	0.00	201.00	21.21	0.00	35397.00
chr17	16691106	16691449	343	343	0.00	0.00	0.00	0.00	0.00
chr2	220086993	220087172	179	179	7.00	100.00	59.61	53.00	10670.00
chr10	51746916	51748006	1090	1090	0.00	154.00	14.45	0.00	15750.00
chr12	7302118	7302289	171	171	0.00	143.00	64.18	38.00	10974.00
chr11	59562844	59562955	111	111	0.00	0.00	0.00	0.00	0.00
chr12	6100984	6101184	200	200	0.00	77.00	9.36	2.00	1871.00
chr19	5683274	5683627	353	353	0.00	197.00	60.82	14.00	21468.00
chr12	2786259	2786387	128	128	0.00	0.00	0.00	0.00	0.00
chr15	26812727	26812880	153	153	0.00	0.00	0.00	0.00	0.00
chr1	149007980	149008798	818	818	0.00	5.00	0.72	0.00	591.00
chr19	54965608	54965861	253	253	0.00	159.00	63.82	44.00	16146.00
chr8	27293259	27293310	51	51	0.00	0.00	0.00	0.00	0.00
chr15	23014437	23014528	91	91	0.00	0.00	0.00	0.00	0.00
chr1	111717500	111717585	85	85	40.00	120.00	63.62	68.00	5408.00
chr6	150157220	150157433	213	213	0.00	28.00	17.20	27.00	3663.00
chr13	114566547	114566670	123	123	0.00	105.00	17.05	5.00	2097.00
chr16	58539291	58539605	314	314	0.00	44.00	14.90	22.00	4679.00
chr1	21936612	21936768	156	156	13.00	81.00	65.01	67.00	10141.00
chr1	17322880	17322991	111	111	66.00	133.00	88.01	72.00	9769.00
chr11	60699455	60699599	144	144	0.00	290.00	158.88	148.00	22878.00
chr5	6749669	6749770	101	101	0.00	0.00	0.00	0.00	0.00
chr16	2156805	2156949	144	144	11.00	45.00	26.52	25.00	3819.00
chr15	34690834	34690930	96	96	0.00	0.00	0.00	0.00	0.00
chr3	11074933	11075425	492	492	0.00	64.00	7.39	0.00	3634.00
chr5	74655222	74655381	159	159	0.00	0.00	0.00	0.00	0.00
chr20	20022968	20023160	192	192	0.00	0.00	0.00	0.00	0.00
chr2	39055481	39055578	97	97	0.00	2.00	1.11	2.00	108.00
chr19	16793231	16793528	297	297	0.00	0.00	0.00	0.00	0.00
chr2	219205450	219205509	59	59	0.00	0.00	0.00	0.00	0.00
chr17	74087429	74087729	300	300	0.00	0.00	0.00	0.00	0.00
chr3	184058150	184060036	1886	1886	0.00	450.00	35.30	0.00	66573.00
chr6	90333128	90333263	135	135	0.00	0.00	0.00	0.00	0.00
chr12	125267019	125267429	410	410	0.00	203.00	45.60	0.00	18696.00
chr1	207942580	207943104	524	524	0.00	59.00	10.38	0.00	5437.00
chr4	89356876	89357043	167	167	0.00	0.00	0.00	0.00	0.00
chr7	101995498	101995736	238	238	0.00	125.00	52.75	61.00	12555.00
chr3	11067458	11067562	104	104	89.00	169.00	124.87	126.00	12986.00
chr5	95734582	95734740	158	158	0.00	0.00	0.00	0.00	0.00
chr6	152529106	152529341	235	235	0.00	137.00	58.78	68.00	13813.00
chr5	102295578	102295763	185	185	0.00	84.00	22.04	1.00	4077.00
chr22	21072980	21073110	130	130	0.00	16.00	1.48	0.00	192.00
chr12	121855306	121855714	408	408	0.00	239.00	95.73	101.00	39059.00
chr1	160326389	160326544	155	155	0.00	191.00	72.67	58.00	11264.00
chr11	60670930	60671007	77	77	60.00	90.00	73.83	74.00	5685.00
chr17	79804822	79804948	126	126	63.00	331.00	185.01	121.00	23311.00
chr16	18527204	18527332	128	128	7.00	84.00	61.58	64.00	7882.00
chr16	16372518	16372646	128	128	5.00	109.00	68.61	61.00	8782.00
chr2	32750530	32750695	165	165	0.00	0.00	0.00	0.00	0.00
chr14	69369193	69369279	86	86	5.00	81.00	60.79	81.00	5228.00
chr7	66418212	66418356	144	144	0.00	131.00	91.83	67.00	13223.00
chr6	44107988	44108097	109	109	0.00	13.00	9.16	13.00	998.00
chr7	70885893	70886091	198	198	0.00	8.00	2.85	4.00	564.00
chr8	27295281	27295397	116	116	0.00	148.00	81.71	77.00	9478.00
chr7	73122918	73123018	100	100	2.00	97.00	43.16	11.50	4316.00
chr15	34698874	34699071	197	197	0.00	0.00	0.00	0.00	0.00
chr8	22009343	22009513	170	170	0.00	59.00	30.23	30.00	5139.00
chr7	1526557	1526737	180	180	0.00	99.00	21.96	2.00	3953.00
chr5	178053946	178054065	119	119	0.00	68.00	39.97	57.00	4757.00
chr12	6103027	6103369	342	342	0.00	162.00	70.59	68.00	24142.00
chr2	3479491	3480482	991	991	0.00	14.00	1.42	0.00	1412.00
chr3	33883388	33883566	178	178	0.00	60.00	8.09	0.00	1440.00
chr19	11019778	11019883	105	105	44.00	115.00	90.28	105.00	9479.00
chr7	98446205	98446318	113	113	0.00	42.00	18.67	2.00	2110.00
chr8	106813274	106813932	658	658	0.00	0.00	0.00	0.00	0.00
chr2	223795338	223795530	192	192	0.00	210.00	36.79	0.00	7063.00
chr7	75511146	75511554	408	408	170.00	553.00	318.81	314.00	130076.00
chr21	40184926	40185038	112	112	0.00	56.00	50.49	56.00	5655.00
chr19	53383575	53385236	1661	1661	0.00	121.00	9.99	0.00	16601.00
chr19	14208130	14208295	165	165	0.00	258.00	128.15	144.00	21144.00
chr15	91461013	91461618	605	605	0.00	130.00	48.94	51.00	29609.00
chr8	145278010	145278133	123	123	0.00	79.00	53.46	41.00	6575.00
chr16	28132990	28133083	93	93	81.00	209.00	122.08	117.00	11353.00
chr11	125280091	125280221	130	130	0.00	0.00	0.00	0.00	0.00
chr15	63128089	63128317	228	228	0.00	42.00	16.95	0.00	3864.00
chr9	131181435	131181557	122	122	0.00	898.00	692.09	767.00	84435.00
chr19	3281196	3281343	147	147	0.00	0.00	0.00	0.00	0.00
chr11	6240200	6240280	80	80	0.00	1.00	0.31	0.00	25.00
chr20	31019123	31019287	164	164	0.00	0.00	0.00	0.00	0.00
chr6	46825865	46827260	1395	1395	0.00	147.00	27.35	0.00	38151.00
chr12	1672006	1672666	660	660	0.00	0.00	0.00	0.00	0.00
chr12	9098824	9099001	177	177	0.00	0.00	0.00	0.00	0.00
chr7	121738503	121738630	127	127	0.00	46.00	29.31	46.00	3722.00
chr19	40875814	40875935	121	121	103.00	462.00	193.93	150.00	23466.00
chr20	3581592	3581671	79	79	0.00	11.00	9.82	11.00	776.00
chr17	7226965	7227042	77	77	0.00	2.00	1.73	2.00	133.00
chr2	74331800	74332809	1009	1009	0.00	165.00	28.79	0.00	29045.00
chr1	209785136	209785610	474	474	0.00	202.00	103.70	96.00	49155.00
chr9	35546426	35548532	2106	2106	0.00	150.00	17.95	3.00	37808.00
chr17	80040198	80040290	92	92	0.00	82.00	37.35	34.00	3436.00
chr11	73074791	73075284	493	493	0.00	182.00	35.53	0.00	17517.00
chr20	44674976	44675075	99	99	0.00	0.00	0.00	0.00	0.00
chr20	5892091	5892328	237	237	0.00	0.00	0.00	0.00	0.00
chr17	20316581	20317594	1013	1013	0.00	0.00	0.00	0.00	0.00
chr12	99478702	99478801	99	99	0.00	26.00	18.85	26.00	1866.00
chr17	40842756	40842960	204	204	0.00	4.00	2.60	3.00	530.00
chr11	107501142	107501288	146	146	0.00	0.00	0.00	0.00	0.00
chr11	85429236	85429532	296	296	0.00	10.00	3.41	0.00	1010.00
chr20	9449217	9449319	102	102	0.00	93.00	48.75	82.00	4972.00
chr14	23371395	23371591	196	196	0.00	56.00	20.42	0.00	4002.00
chr7	716865	716957	92	92	128.00	241.00	161.24	155.00	14834.00
chr10	48862360	48862682	322	322	0.00	53.00	12.11	0.00	3899.00
chr10	68686678	68688210	1532	1532	0.00	162.00	20.55	0.00	31489.00
chr5	179674854	179674926	72	72	0.00	0.00	0.00	0.00	0.00
chr1	209773327	209773456	129	129	0.00	0.00	0.00	0.00	0.00
chr17	45691034	45691091	57	57	122.00	184.00	159.23	182.00	9076.00
chr1	19669871	19670118	247	247	0.00	0.00	0.00	0.00	0.00
chr17	45664025	45664710	685	685	0.00	167.00	39.07	0.00	26764.00
chr19	2337634	2338840	1206	1206	0.00	100.00	15.97	0.00	19259.00
chr8	22011480	22011552	72	72	42.00	76.00	58.14	64.00	4186.00
