#chrom	start	end	size	num_data	min	max	mean	median	sum
chr12	1940100	1940691	591	591	26.00	150.00	96.27	105.00	56897.00
chr1	27480473	27481381	908	908	1.00	168.00	62.23	56.00	56501.00
chr15	63112684	63112809	125	125	492.00	811.00	665.59	673.00	83199.00
chr5	149231737	149232254	517	517	0.00	38.00	16.41	17.00	8485.00
chr5	140865429	140867182	1753	1753	0.00	126.00	28.74	20.00	50384.00
chr1	32209793	32209958	165	165	219.00	411.00	309.05	299.00	50993.00
chr16	87873307	87873431	124	124	65.00	153.00	103.19	105.50	12796.00
chr17	34157438	34158175	737	737	0.00	1.00	0.13	0.00	97.00
chr2	127815619	127816088	469	469	0.00	0.00	0.00	0.00	0.00
chr1	208212965	208213112	147	147	82.00	244.00	180.93	192.00	26596.00
chr22	19703883	19704666	783	783	0.00	42.00	15.62	17.00	12228.00
chr16	87872319	87872423	104	104	116.00	244.00	196.15	207.00	20400.00
chr9	140055740	140055868	128	128	1239.00	1535.00	1407.80	1409.50	180198.00
chr22	21096515	21096643	128	128	484.00	912.00	685.97	672.50	87804.00
chr9	140056321	140056540	219	219	0.00	1976.00	1149.17	1330.00	251668.00
chr11	78379981	78380253	272	272	0.00	27.00	16.24	16.00	4416.00
chr3	11070420	11070533	113	113	234.00	401.00	319.35	317.00	36087.00
chr1	109812554	109813222	668	668	0.00	719.00	305.77	428.50	204252.00
chr2	220161954	220162155	201	201	1120.00	1850.00	1608.85	1700.00	323379.00
chr15	74706887	74707086	199	199	105.00	262.00	173.35	165.00	34496.00
chr17	7318829	7319426	597	597	164.00	489.00	282.44	258.00	168614.00
chr1	21560050	21560154	104	104	8.00	60.00	27.13	25.00	2822.00
chr1	25573799	25573952	153	153	12.00	281.00	127.59	124.00	19521.00
chr14	93198993	93199160	167	167	158.00	314.00	209.16	200.00	34930.00
chr1	205554003	205554119	116	116	301.00	452.00	397.16	408.00	46070.00
chr1	9795005	9795232	227	227	1491.00	2916.00	2187.24	2173.00	496504.00
chr17	42426525	42426670	145	145	9.00	73.00	40.46	42.00	5866.00
chr18	70205887	70206179	292	292	0.00	175.00	54.50	0.00	15913.00
chr1	205553082	205553251	169	169	381.00	510.00	428.01	426.00	72334.00
chr9	140056623	140056766	143	143	0.00	1698.00	1161.97	1317.00	166162.00
chr6	33412147	33412394	247	247	0.00	630.00	314.37	406.00	77650.00
chr12	89992366	89992547	181	181	0.00	1350.00	992.43	1142.00	179629.00
chr2	220088827	220089576	749	749	51.00	325.00	174.62	160.00	130794.00
chr14	100763073	100765222	2149	2149	0.00	226.00	40.62	31.00	87302.00
chr1	110740697	110742543	1846	1846	7.00	1073.00	551.03	557.50	1017200.00
chr1	149878201	149879758	1557	1557	0.00	1237.00	266.99	0.00	415709.00
chr3	197264139	197265259	1120	1120	0.00	150.00	10.05	0.00	11261.00
chr8	56449623	56450530	907	907	0.00	109.00	20.57	7.00	18657.00
chr9	139354208	139354326	118	118	32.00	77.00	61.51	67.00	7258.00
chr1	32204908	32205236	328	328	825.00	1465.00	1140.12	1160.00	373961.00
chr7	75608768	75608897	129	129	95.00	243.00	186.73	193.00	24088.00
chr19	45161029	45161178	149	149	28.00	124.00	84.30	86.00	12561.00
chr19	5243911	5244493	582	582	78.00	265.00	148.82	145.00	86613.00
chr6	32119585	32119717	132	132	7.00	822.00	356.68	301.00	47082.00
chr3	42670878	42672067	1189	1189	0.00	58.00	10.10	0.00	12012.00
chr11	45892392	45892485	93	93	129.00	274.00	175.76	158.00	16346.00
chr17	80040789	80040991	202	202	665.00	909.00	788.59	781.00	159295.00
chr2	74902875	74903036	161	161	68.00	131.00	99.16	98.00	15964.00
chr17	38335969	38337946	1977	1977	0.00	248.00	15.86	1.00	31358.00
chr16	87870103	87870253	150	150	182.00	361.00	289.15	290.00	43372.00
chr1	32205947	32206142	195	195	583.00	1308.00	878.95	836.00	171396.00
chr6	44117553	44117702	149	149	0.00	489.00	300.66	407.00	44799.00
chr1	159163659	159163830	171	171	1266.00	1745.00	1445.20	1464.00	247130.00
chr3	445565	446023	458	458	0.00	34.00	2.89	0.00	1323.00
chr2	25048913	25048995	82	82	135.00	242.00	188.78	196.00	15480.00
chr10	99504485	99504672	187	187	81.00	188.00	113.81	117.00	21283.00
chr4	54364807	54365010	203	203	65.00	206.00	126.61	112.00	25701.00
chr17	1634367	1634552	185	185	2.00	43.00	27.31	30.00	5052.00
chr7	72416124	72416247	123	123	74.00	187.00	110.59	102.00	13602.00
chr1	208212169	208212329	160	160	57.00	210.00	117.30	108.00	18768.00
chr9	140952500	140952702	202	202	8.00	46.00	24.63	25.00	4976.00
chr6	44197325	44197528	203	203	47.00	202.00	118.40	125.00	24035.00
chr6	44197643	44198218	575	575	6.00	127.00	56.90	45.00	32715.00
chr11	118981972	118982084	112	112	291.00	418.00	346.86	345.00	38848.00
chr5	150503846	150503952	106	106	0.00	3945.00	2585.17	3245.50	274028.00
chr11	118981761	118981878	117	117	382.00	538.00	456.17	455.00	53372.00
chr11	126314873	126315000	127	127	94.00	191.00	126.95	120.00	16123.00
chr1	159165808	159166244	436	436	0.00	1672.00	292.93	16.00	127719.00
chr7	134893542	134893750	208	208	10.00	115.00	70.07	83.00	14574.00
chr9	121976196	121976433	237	237	143.00	572.00	371.27	404.00	87992.00
chr19	54691042	54691169	127	127	445.00	844.00	636.39	589.00	80822.00
chr22	38621430	38621600	170	170	230.00	621.00	466.74	519.50	79345.00
chr13	42035681	42036205	524	524	0.00	32.00	6.19	0.00	3243.00
chr20	1915360	1915413	53	53	0.00	1596.00	1104.74	1396.00	58551.00
chr5	14496987	14497126	139	139	220.00	353.00	282.96	294.00	39332.00
chr12	56528125	56528212	87	87	53.00	100.00	69.64	71.00	6059.00
chr3	47466974	47467101	127	127	94.00	163.00	127.90	129.00	16243.00
chr17	7415476	7415663	187	187	87.00	244.00	149.63	150.00	27980.00
chr3	33588037	33589252	1215	1215	0.00	83.00	15.39	7.00	18695.00
chr7	887833	888615	782	782	0.00	164.00	40.10	27.00	31362.00
chr10	24813251	24813693	442	442	9.00	223.00	90.06	83.00	39808.00
chr1	109812045	109812213	168	168	413.00	494.00	455.71	459.00	76559.00
chr19	15276597	15276902	305	305	59.00	247.00	153.05	146.00	46681.00
chr16	2334779	2334999	220	220	199.00	500.00	373.75	398.00	82225.00
chr16	68404761	68405261	500	500	32.00	137.00	79.68	84.00	39840.00
chr4	110969111	110969871	760	760	0.00	106.00	41.79	36.00	31764.00
chr1	145693161	145693996	835	835	0.00	52.00	13.17	5.00	10995.00
chr7	44282848	44282932	84	84	911.00	1131.00	1018.96	1022.50	85593.00
chr2	220164315	220164508	193	193	0.00	840.00	343.64	6.00	66323.00
chr12	50472203	50472360	157	157	87.00	235.00	172.52	191.00	27086.00
chr2	220163768	220163833	65	65	724.00	848.00	779.69	782.00	50680.00
chr2	222289928	222290862	934	934	235.00	843.00	483.04	468.50	451164.00
chr12	57599133	57599268	135	135	151.00	335.00	235.33	224.00	31770.00
chr7	157475416	157475629	213	213	572.00	904.00	727.94	736.00	155052.00
chr1	32203800	32203927	127	127	1035.00	1409.00	1204.98	1193.00	153032.00
chr1	109811731	109811912	181	181	255.00	575.00	427.04	442.00	77295.00
chr9	140052830	140052975	145	145	985.00	1721.00	1352.27	1434.00	196079.00
chr2	220161706	220161854	148	148	1459.00	2441.00	1888.68	1810.00	279524.00
chr16	29896906	29897070	164	164	504.00	963.00	739.43	770.50	121267.00
chr16	47143393	47143622	229	229	37.00	317.00	138.28	101.00	31666.00
chr11	993753	993985	232	232	291.00	628.00	469.04	486.50	108818.00
chr9	124059698	124061137	1439	1439	0.00	36.00	2.67	0.00	3837.00
chr9	140350140	140350634	494	494	0.00	40.00	17.31	18.50	8551.00
chr11	14504577	14504697	120	120	112.00	268.00	187.18	190.00	22461.00
chr3	49898612	49898733	121	121	656.00	964.00	818.57	843.00	99047.00
chr9	131811659	131811777	118	118	2.00	41.00	30.30	37.00	3575.00
chr9	131810705	131810818	113	113	24.00	153.00	90.87	84.00	10268.00
chr1	223400935	223401080	145	145	226.00	428.00	349.99	371.00	50748.00
chr12	125612185	125612820	635	635	0.00	461.00	76.51	6.00	48583.00
chr2	220088590	220088744	154	154	143.00	387.00	228.05	205.00	35120.00
chr9	70888487	70888750	263	263	0.00	18.00	6.33	1.00	1666.00
chr14	69813756	69813898	142	142	76.00	296.00	172.59	192.00	24508.00
chr2	47399145	47399890	745	745	0.00	713.00	32.42	3.00	24154.00
chr11	62688689	62689041	352	352	0.00	175.00	53.45	20.00	18816.00
chr6	43745205	43745407	202	202	0.00	215.00	164.88	165.00	33305.00
chr3	11072492	11072997	505	505	0.00	643.00	119.38	0.00	60285.00
chr7	2696031	2696168	137	137	295.00	466.00	398.36	401.00	54575.00
chr16	14969196	14969279	83	83	428.00	568.00	496.41	489.00	41202.00
chr17	7377847	7378026	179	179	0.00	46.00	20.72	21.00	3709.00
chr12	65639640	65639719	79	79	28.00	121.00	61.15	59.00	4831.00
chr12	50294912	50295108	196	196	1411.00	2259.00	1670.24	1638.50	327367.00
chr19	42485653	42485788	135	135	1030.00	1997.00	1497.25	1446.00	202129.00
chr10	99509230	99509343	113	113	118.00	295.00	185.64	186.00	20977.00
chr22	38883877	38888120	4243	4243	0.00	808.00	116.91	67.00	496032.00
chr12	49416372	49416658	286	286	45.00	141.00	75.01	79.00	21453.00
chr6	24843089	24843782	693	693	34.00	245.00	125.98	131.00	87304.00
chr5	176295561	176295665	104	104	204.00	377.00	275.24	264.50	28625.00
chr10	99510087	99510227	140	140	263.00	474.00	341.24	335.00	47774.00
chr1	159173658	159174770	1112	1112	0.00	177.00	72.45	68.00	80567.00
chr11	1780745	1780869	124	124	3868.00	5747.00	5060.35	5332.50	627483.00
chr19	42486059	42486258	199	199	989.00	1983.00	1484.05	1483.00	295326.00
chr3	47465422	47465535	113	113	63.00	151.00	93.27	87.00	10539.00
chr1	21573713	21573856	143	143	0.00	70.00	24.21	13.00	3462.00
chr11	65320330	65320453	123	123	86.00	179.00	132.77	132.00	16331.00
chr3	47462420	47462519	99	99	229.00	479.00	341.14	347.00	33773.00
chr2	219204751	219204864	113	113	46.00	191.00	116.42	133.00	13156.00
chr1	43906123	43906257	134	134	11.00	72.00	35.03	35.00	4694.00
chr7	38785158	38785840	682	682	0.00	747.00	46.99	4.00	32049.00
chr2	153499932	153500058	126	126	45.00	133.00	100.51	101.50	12664.00
chr1	32203011	32203132	121	121	9.00	1889.00	1437.69	1655.00	173961.00
chr22	42290823	42290941	118	118	625.00	1507.00	1208.70	1245.00	142627.00
chr19	47940718	47940818	100	100	469.00	665.00	527.44	521.00	52744.00
chr4	119539150	119539274	124	124	0.00	0.00	0.00	0.00	0.00
chr17	44117067	44117250	183	183	44.00	130.00	88.97	87.00	16282.00
chr19	42485873	42485983	110	110	1056.00	1573.00	1304.12	1335.00	143453.00
chr6	44114583	44114664	81	81	127.00	205.00	167.63	161.00	13578.00
chr19	47941105	47941292	187	187	0.00	694.00	393.58	535.00	73600.00
chr11	73074250	73074500	250	250	182.00	377.00	264.74	253.50	66185.00
chr3	33418764	33418825	61	61	444.00	559.00	504.82	503.00	30794.00
chr1	700258	700505	247	247	0.00	58.00	33.13	37.00	8183.00
chr9	74319510	74319719	209	209	43.00	77.00	59.27	60.00	12387.00
chr16	2336694	2336968	274	274	136.00	551.00	356.43	373.00	97661.00
chr20	3575125	3575219	94	94	72.00	115.00	87.66	84.00	8240.00
chr9	139231377	139231529	152	152	115.00	221.00	166.66	166.00	25332.00
chr5	140515951	140516498	547	547	0.00	69.00	19.20	0.00	10501.00
chr1	21938208	21938309	101	101	545.00	694.00	625.92	630.00	63218.00
chr3	155659188	155659936	748	748	20.00	205.00	88.81	82.00	66433.00
chr16	27483068	27483241	173	173	71.00	368.00	189.50	174.00	32784.00
chr11	994071	994245	174	174	210.00	465.00	335.53	352.50	58383.00
chr7	71175745	71175913	168	168	1010.00	1475.00	1265.56	1278.50	212614.00
chr12	121204065	121204175	110	110	244.00	467.00	376.75	406.00	41442.00
chr7	73118679	73118753	74	74	1716.00	1997.00	1872.54	1880.00	138568.00
chr9	140972565	140972710	145	145	97.00	236.00	180.10	184.00	26114.00
chr12	121683329	121684024	695	695	0.00	2.00	0.43	0.00	300.00
chr16	74493579	74493687	108	108	163.00	252.00	218.72	222.50	23622.00
chr2	36771518	36771641	123	123	125.00	241.00	194.98	193.00	23982.00
chr7	94187181	94187996	815	815	0.00	91.00	31.56	29.00	25725.00
chr14	94156951	94157239	288	288	0.00	0.00	0.00	0.00	0.00
chr7	121739000	121739524	524	524	0.00	11.00	2.24	0.00	1175.00
chr1	19549117	19549328	211	211	145.00	327.00	217.07	188.00	45802.00
chr19	5214571	5214747	176	176	192.00	401.00	305.73	304.00	53808.00
chr19	42557753	42557861	108	108	428.00	536.00	485.94	486.00	52481.00
chr15	102510686	102510925	239	239	0.00	32.00	12.68	14.00	3030.00
chr5	167673761	167675376	1615	1615	14.00	203.00	88.27	86.00	142558.00
chr7	44282158	44282253	95	95	944.00	1415.00	1151.06	1085.00	109351.00
chr2	160621061	160621717	656	656	0.00	292.00	31.63	11.00	20748.00
chr5	10426501	10426634	133	133	244.00	524.00	407.40	410.00	54184.00
chr16	1814301	1814460	159	159	683.00	858.00	763.22	763.00	121352.00
chr11	21581734	21581928	194	194	157.00	413.00	288.22	294.00	55915.00
chr3	126749085	126749255	170	170	209.00	378.00	291.65	285.00	49580.00
chr11	12237765	12237866	101	101	312.00	428.00	359.56	357.00	36316.00
chr6	31750872	31750963	91	91	75.00	136.00	104.56	97.00	9515.00
chr3	53124201	53124398	197	197	0.00	14.00	9.84	12.00	1939.00
chr2	220161470	220161544	74	74	2071.00	2468.00	2274.61	2266.00	168321.00
chr2	128951046	128951785	739	739	5.00	187.00	74.00	72.00	54687.00
chr5	24535811	24535931	120	120	33.00	141.00	68.25	57.00	8190.00
chr1	44083406	44083582	176	176	384.00	553.00	480.28	492.50	84529.00
chr1	32207653	32207818	165	165	388.00	688.00	522.22	511.00	86167.00
chr12	7293754	7294000	246	246	12.00	757.00	419.39	523.50	103171.00
chr3	131442289	131442469	180	180	71.00	181.00	124.94	128.00	22489.00
chr3	49898871	49899298	427	427	7.00	1463.00	512.44	634.00	218811.00
chr16	66432358	66432464	106	106	16.00	71.00	53.20	59.00	5639.00
chr1	20982593	20982680	87	87	425.00	764.00	584.90	594.00	50886.00
chr16	68398653	68398809	156	156	63.00	127.00	92.09	91.00	14366.00
chr17	16676818	16678279	1461	1461	0.00	114.00	26.21	13.00	38290.00
chr1	109814899	109815027	128	128	620.00	896.00	768.30	766.50	98342.00
chr1	21940478	21940582	104	104	809.00	1257.00	1090.29	1153.00	113390.00
chr20	57468284	57468793	509	509	0.00	22.00	3.91	0.00	1991.00
chr3	127358087	127358366	279	279	251.00	701.00	495.36	469.00	138205.00
chr3	126735359	126735527	168	168	54.00	114.00	91.03	95.00	15293.00
chr10	103869140	103869264	124	124	482.00	735.00	603.45	608.00	74828.00
chr20	44520554	44520666	112	112	266.00	534.00	414.08	381.00	46377.00
chr1	32203252	32203356	104	104	1263.00	1865.00	1594.95	1634.00	165875.00
chr21	40186196	40186316	120	120	147.00	318.00	224.16	218.00	26899.00
chr5	111067153	111068349	1196	1196	0.00	224.00	31.43	9.00	37591.00
chr9	128002954	128003186	232	232	403.00	618.00	479.65	477.00	111278.00
chr1	43408896	43408992	96	96	194.00	349.00	241.12	230.00	23148.00
chr3	47463931	47464026	95	95	125.00	316.00	230.75	239.00	21921.00
chr2	220161160	220161238	78	78	2209.00	2721.00	2548.51	2575.00	198784.00
chr11	62472772	62473089	317	317	2014.00	3144.00	2598.54	2612.00	823738.00
chr9	130986341	130986906	565	565	0.00	753.00	151.82	12.00	85779.00
chr14	69358769	69359000	231	231	238.00	439.00	335.77	337.00	77562.00
chr11	64416205	64416379	174	174	275.00	415.00	342.52	339.50	59598.00
chr17	8398454	8398559	105	105	242.00	397.00	318.22	326.00	33413.00
chr12	53572943	53574193	1250	1250	0.00	77.00	12.86	0.00	16071.00
chr17	17696544	17701827	5283	5283	4.00	321.00	100.46	83.00	530706.00
chr8	11705187	11705331	144	144	2098.00	2850.00	2560.78	2598.00	368752.00
chr19	54963829	54963931	102	102	67.00	268.00	153.21	146.00	15627.00
chr2	70451682	70456295	4613	4613	0.00	195.00	25.55	17.00	117868.00
chr11	118873959	118874169	210	210	0.00	9.00	4.33	0.00	909.00
chr10	75548427	75548581	154	154	6.00	27.00	17.19	17.00	2647.00
chr6	33414351	33414563	212	212	368.00	880.00	701.80	694.50	148781.00
chr17	80042910	80043032	122	122	110.00	378.00	208.02	205.50	25378.00
chr11	11470290	11470483	193	193	73.00	297.00	175.58	159.00	33887.00
chr8	23294446	23294771	325	325	49.00	270.00	147.55	132.00	47953.00
chr1	116932060	116932663	603	603	0.00	1895.00	662.62	38.00	399557.00
chr15	83222627	83222741	114	114	60.00	130.00	92.88	99.00	10588.00
chr3	9841562	9841751	189	189	1.00	59.00	22.35	20.00	4224.00
chr1	116937731	116937907	176	176	1819.00	3614.00	2370.61	2191.50	417228.00
chr16	87868019	87868197	178	178	214.00	503.00	326.17	287.00	58059.00
chr3	124209540	124209731	191	191	391.00	934.00	672.69	667.00	128483.00
chr7	71142195	71142291	96	96	665.00	1026.00	851.83	823.50	81776.00
chr5	130497324	130497584	260	260	1.00	117.00	43.98	18.00	11434.00
chr13	100199238	100199358	120	120	777.00	1098.00	912.02	916.50	109443.00
chr5	139943336	139943506	170	170	20.00	431.00	305.42	309.50	51921.00
chr17	74395529	74396002	473	473	42.00	144.00	90.49	96.00	42802.00
chr14	93179149	93179216	67	67	153.00	270.00	234.97	240.00	15743.00
chr4	160277004	160277310	306	306	31.00	603.00	351.09	390.00	107435.00
chr17	40666306	40666478	172	172	1206.00	1819.00	1553.93	1573.50	267276.00
chr15	34828065	34828207	142	142	0.00	117.00	47.93	35.00	6806.00
chr14	100165802	100165876	74	74	871.00	1094.00	967.74	968.00	71613.00
chr22	20128089	20128231	142	142	9.00	161.00	78.87	101.00	11199.00
chr12	3392210	3394421	2211	2211	0.00	130.00	62.74	65.00	138720.00
chr17	16687866	16690667	2801	2801	0.00	56.00	3.90	0.00	10923.00
chr6	31664724	31664810	86	86	159.00	272.00	230.90	245.50	19857.00
chr6	30627512	30627611	99	99	13.00	59.00	42.26	51.00	4184.00
chr11	18752834	18755060	2226	2226	0.00	1355.00	116.99	3.00	260410.00
chr12	109332602	109332731	129	129	319.00	476.00	391.95	390.00	50561.00
chr6	90072884	90073110	226	226	19.00	134.00	67.32	55.00	15215.00
chr16	2689371	2689711	340	340	6.00	102.00	43.49	37.00	14788.00
chr1	20987373	20987484	111	111	427.00	824.00	699.19	740.00	77610.00
chr14	85985300	85986667	1367	1367	0.00	35.00	7.56	2.00	10340.00
chr13	32863769	32863880	111	111	165.00	395.00	303.44	339.00	33682.00
chr16	1510418	1510528	110	110	69.00	122.00	88.29	91.00	9712.00
chr19	54963269	54963444	175	175	73.00	263.00	181.62	197.00	31783.00
chr6	44224078	44224233	155	155	60.00	144.00	106.91	111.00	16571.00
chr20	3151172	3152285	1113	1113	0.00	19.00	2.37	1.00	2638.00
chr1	892273	892405	132	132	111.00	292.00	175.46	173.00	23161.00
chr16	90192167	90192724	557	557	0.00	31.00	6.74	1.00	3756.00
chr9	111663704	111663810	106	106	34.00	117.00	59.90	62.00	6349.00
chr6	44108764	44108835	71	71	97.00	164.00	130.44	129.00	9261.00
chr1	36028802	36029027	225	225	4018.00	6641.00	5017.84	4820.00	1129013.00
chr11	66807259	66807674	415	415	0.00	217.00	114.97	112.00	47713.00
chr1	178426817	178427679	862	862	0.00	100.00	31.36	32.00	27031.00
chr19	42482302	42482478	176	176	2431.00	3462.00	2951.96	2945.50	519545.00
chr1	44084718	44084873	155	155	244.00	438.00	336.07	313.00	52091.00
chr1	109812315	109812442	127	127	357.00	474.00	407.80	408.00	51791.00
chr3	180324268	180324391	123	123	29.00	220.00	103.87	70.00	12776.00
chr15	63933668	63933842	174	174	65.00	178.00	123.97	130.50	21571.00
chr20	44521363	44521519	156	156	343.00	608.00	489.69	487.00	76392.00
chr3	33416779	33416910	131	131	281.00	469.00	379.63	394.00	49732.00
chr1	21934624	21934843	219	219	0.00	959.00	523.01	774.00	114540.00
chr14	69799801	69799886	85	85	24.00	87.00	43.26	33.00	3677.00
chr1	116936134	116936345	211	211	0.00	2525.00	2049.15	2233.00	432371.00
chr14	23634493	23634645	152	152	52.00	122.00	91.72	98.00	13941.00
chr16	1402538	1402947	409	409	0.00	0.00	0.00	0.00	0.00
chr9	20331	25000	4669	4669	0.00	233.00	10.59	0.00	49447.00
chr17	43545574	43545959	385	385	1.00	34.00	21.33	22.00	8213.00
chr13	100201418	100201476	58	58	775.00	1202.00	969.71	953.00	56243.00
chr15	41865505	41865665	160	160	422.00	1025.00	664.71	695.00	106353.00
chr19	19641688	19642196	508	508	0.00	15.00	2.68	0.00	1363.00
chr11	134147593	134148159	566	566	3.00	117.00	29.82	20.00	16876.00
chr2	71656420	71657290	870	870	0.00	51.00	9.97	6.00	8677.00
chr7	97834775	97835016	241	241	72.00	316.00	221.97	246.00	53494.00
chr19	13363804	13363915	111	111	71.00	118.00	92.42	93.00	10259.00
chr18	31328383	31329011	628	628	0.00	63.00	14.67	3.00	9212.00
chr16	66431884	66432009	125	125	0.00	56.00	18.42	21.00	2302.00
chr19	47935155	47935702	547	547	0.00	1176.00	506.22	507.00	276905.00
chr12	50291769	50291873	104	104	1173.00	1600.00	1353.21	1348.00	140734.00
chr11	1780198	1780317	119	119	3635.00	5099.00	4198.68	4187.00	499643.00
chr15	65392626	65393167	541	541	0.00	2.00	0.56	0.00	303.00
chr2	86397871	86397967	96	96	155.00	363.00	291.31	311.50	27966.00
chr7	97866087	97866233	146	146	36.00	194.00	86.05	81.00	12563.00
chr11	60687157	60687402	245	245	143.00	264.00	201.44	206.00	49354.00
chr21	43307700	43309453	1753	1753	0.00	118.00	48.60	48.00	85203.00
chr14	24619269	24619657	388	388	6.00	212.00	65.81	56.00	25536.00
chr11	65320634	65320727	93	93	48.00	102.00	75.18	69.00	6992.00
chr16	29891184	29891385	201	201	866.00	1399.00	1146.09	1156.00	230365.00
chr1	32207224	32207326	102	102	778.00	995.00	885.46	877.50	90317.00
chr11	72300218	72300394	176	176	0.00	1198.00	348.38	0.00	61314.00
chr17	7608878	7609038	160	160	68.00	251.00	129.84	117.00	20774.00
chr19	7607646	7607814	168	168	202.00	363.00	272.44	273.00	45770.00
chr19	54966129	54966271	142	142	94.00	195.00	130.94	125.50	18594.00
chr12	57995027	57995131	104	104	187.00	313.00	243.67	236.00	25342.00
chr1	27428875	27429049	174	174	50.00	248.00	135.92	127.00	23650.00
chr2	27688277	27688385	108	108	0.00	7.00	5.64	7.00	609.00
chr16	2691449	2692254	805	805	0.00	58.00	25.89	27.00	20839.00
chr9	131503813	131503933	120	120	488.00	1038.00	769.53	795.00	92344.00
chr16	2347766	2347922	156	156	184.00	275.00	230.01	232.00	35881.00
chr17	80039884	80040036	152	152	493.00	713.00	580.52	581.50	88239.00
chr1	32204432	32204538	106	106	1042.00	1598.00	1341.47	1358.00	142196.00
chr12	9242951	9243078	127	127	100.00	246.00	195.27	196.00	24799.00
chr3	49702661	49702751	90	90	225.00	416.00	341.98	389.00	30778.00
chr19	35820359	35820837	478	478	0.00	0.00	0.00	0.00	0.00
chr1	201456762	201457615	853	853	0.00	40.00	14.80	18.00	12627.00
chr16	2334279	2334438	159	159	244.00	419.00	317.84	311.00	50536.00
chr10	73578373	73578481	108	108	8347.00	9866.00	8937.86	8934.50	965289.00
chr16	18530550	18530756	206	206	0.00	554.00	256.07	363.50	52750.00
chr16	16369094	16369300	206	206	0.00	522.00	239.24	325.00	49284.00
chr13	113975636	113975785	149	149	19.00	963.00	400.81	19.00	59720.00
chr11	119293822	119294227	405	405	0.00	4992.00	486.99	89.00	197232.00
chr5	150505962	150506041	79	79	1721.00	2558.00	2003.70	1957.00	158292.00
chr22	44224939	44225078	139	139	1372.00	1923.00	1688.27	1709.00	234669.00
chr15	41865199	41865309	110	110	504.00	656.00	592.34	602.00	65157.00
chr17	25633807	25636298	2491	2491	0.00	698.00	141.91	123.00	353486.00
chr15	72495155	72495529	374	374	0.00	6352.00	2302.82	30.00	861256.00
chr9	42540272	42542124	1852	1852	0.00	104.00	13.89	3.00	25727.00
chr11	119290760	119291704	944	944	0.00	7570.00	2666.03	40.00	2516733.00
chr19	5219949	5220165	216	216	266.00	445.00	361.58	365.00	78101.00
chr15	63910769	63911153	384	384	0.00	0.00	0.00	0.00	0.00
chr17	74393879	74393969	90	90	99.00	163.00	119.91	110.00	10792.00
chr10	104129467	104129532	65	65	92.00	159.00	128.26	127.00	8337.00
chr3	142454224	142454620	396	396	0.00	44.00	11.95	0.00	4733.00
chr12	121205196	121205396	200	200	131.00	453.00	259.28	243.00	51856.00
chr3	31705570	31705724	154	154	54.00	87.00	67.68	66.00	10422.00
chr6	118635190	118636593	1403	1403	19.00	437.00	114.72	86.00	160948.00
chr8	10339867	10340829	962	962	0.00	44.00	4.96	0.00	4770.00
chr19	16952578	16952779	201	201	167.00	337.00	257.75	277.00	51808.00
chr8	110984486	110985016	530	530	41.00	158.00	104.78	105.00	55534.00
chr9	128001219	128001610	391	391	546.00	1324.00	915.50	881.00	357962.00
chr11	73070878	73070997	119	119	71.00	111.00	91.87	93.00	10933.00
chr10	104130140	104130235	95	95	65.00	121.00	87.69	83.00	8331.00
chr5	95733039	95733173	134	134	69.00	133.00	98.09	93.00	13144.00
chr19	59059400	59059547	147	147	234.00	410.00	318.52	319.00	46822.00
chr5	139943169	139943255	86	86	56.00	314.00	226.47	245.00	19476.00
chr17	73487771	73487981	210	210	127.00	228.00	176.69	183.00	37104.00
chr1	154315588	154315777	189	189	26.00	80.00	44.71	44.00	8451.00
chr14	95652726	95653070	344	344	0.00	22.00	1.78	0.00	614.00
chr12	123639801	123640772	971	971	0.00	58.00	14.75	9.00	14318.00
chr22	47064870	47065171	301	301	0.00	0.00	0.00	0.00	0.00
chr5	24535220	24535388	168	168	35.00	164.00	92.02	81.50	15460.00
chr12	6806452	6806958	506	506	276.00	1140.00	759.76	837.50	384437.00
chr22	29881711	29881836	125	125	100.00	357.00	252.15	299.00	31519.00
chr7	75894681	75894786	105	105	108.00	179.00	155.10	155.00	16286.00
chr12	121089007	121095893	6886	6886	0.00	203.00	22.25	12.00	153241.00
chr1	207940357	207942365	2008	2008	0.00	514.00	51.06	15.00	102536.00
chr7	154681166	154681240	74	74	779.00	1022.00	922.30	922.00	68250.00
chr5	131696513	131697529	1016	1016	0.00	22.00	4.07	0.00	4138.00
chr11	1776135	1776258	123	123	2864.00	5300.00	4075.02	4028.00	501228.00
chr8	11706554	11706673	119	119	1344.00	1751.00	1571.87	1571.00	187053.00
chr11	18759426	18759511	85	85	606.00	746.00	678.47	671.00	57670.00
chr16	61689373	61689625	252	252	52.00	199.00	111.60	116.00	28124.00
chr15	51750702	51750824	122	122	130.00	434.00	256.89	216.00	31340.00
chr9	35555056	35555698	642	642	345.00	863.00	540.08	514.00	346729.00
chr2	198356200	198356621	421	421	0.00	0.00	0.00	0.00	0.00
chr9	131001723	131001794	71	71	2993.00	4099.00	3658.42	3742.00	259748.00
chr19	5214371	5214491	120	120	215.00	380.00	301.72	302.00	36206.00
chr22	35719488	35719623	135	135	317.00	451.00	387.27	387.00	52281.00
chr12	121678738	121679829	1091	1091	0.00	37.00	7.18	1.00	7836.00
chr14	23820960	23821064	104	104	2793.00	3552.00	3234.58	3331.00	336396.00
chr1	32205710	32205779	69	69	985.00	1241.00	1080.75	1065.00	74572.00
chr3	33420176	33420326	150	150	0.00	501.00	157.57	16.00	23635.00
chr9	114820707	114820966	259	259	42.00	297.00	147.15	142.00	38111.00
chr15	41865876	41866023	147	147	0.00	1308.00	1033.72	1139.00	151957.00
chr19	55554308	55554637	329	329	0.00	2.00	0.61	0.00	202.00
chr1	116933403	116933513	110	110	1592.00	2057.00	1777.53	1747.00	195528.00
chr19	15374230	15374359	129	129	6.00	60.00	32.81	33.00	4232.00
chr12	56090682	56090852	170	170	36.00	81.00	62.51	64.00	10626.00
chr14	69445668	69445876	208	208	67.00	168.00	105.78	96.00	22003.00
chr12	57603474	57603651	177	177	341.00	607.00	466.12	452.00	82503.00
chr22	32897492	32898946	1454	1454	0.00	123.00	29.49	25.00	42874.00
chr16	16367702	16367764	62	62	6.00	313.00	113.89	106.50	7061.00
chr19	5245786	5246056	270	270	87.00	281.00	195.23	203.00	52711.00
chr16	74345440	74345829	389	389	0.00	14.00	0.22	0.00	84.00
chr6	107096899	107097076	177	177	83.00	145.00	122.28	119.00	21644.00
chr1	29641883	29642019	136	136	91.00	210.00	147.13	138.00	20010.00
chr8	97342440	97342509	69	69	257.00	346.00	307.67	317.00	21229.00
chr8	68116914	68117054	140	140	96.00	169.00	129.84	129.00	18177.00
chr22	22037470	22037546	76	76	105.00	157.00	134.66	129.00	10234.00
chr22	50682147	50683420	1273	1273	0.00	139.00	32.90	26.00	41884.00
chr20	44048971	44049069	98	98	356.00	536.00	458.89	473.50	44971.00
chr1	36904356	36904511	155	155	111.00	280.00	182.92	184.00	28352.00
chr12	71054719	71054877	158	158	127.00	375.00	272.95	298.00	43126.00
chr15	50654364	50655515	1151	1151	0.00	12.00	0.50	0.00	576.00
chr2	234198499	234198620	121	121	119.00	308.00	216.39	225.00	26183.00
chr9	128001699	128001812	113	113	426.00	621.00	500.96	495.00	56608.00
chr8	38272296	38272419	123	123	116.00	236.00	189.99	194.00	23369.00
chr11	73068069	73068179	110	110	105.00	194.00	154.85	161.00	17033.00
chr16	28123137	28123327	190	190	245.00	425.00	303.18	293.00	57604.00
chr12	49424062	49424222	160	160	6.00	46.00	30.07	30.00	4811.00
chr19	50302885	50303023	138	138	413.00	685.00	534.78	521.00	73800.00
chr19	42480567	42480718	151	151	3834.00	4867.00	4439.23	4608.00	670323.00
chr3	197904395	197905301	906	906	0.00	6.00	0.84	0.00	762.00
chr13	100189992	100190117	125	125	220.00	343.00	277.47	276.00	34684.00
chr19	14268062	14268272	210	210	214.00	437.00	332.27	332.00	69776.00
chr10	93786886	93787057	171	171	0.00	64.00	33.34	35.00	5701.00
chr1	109808726	109808828	102	102	142.00	264.00	199.58	205.00	20357.00
chr4	134075461	134075520	59	59	249.00	340.00	289.07	294.00	17055.00
chr1	22052268	22053864	1596	1596	0.00	72.00	6.82	0.00	10890.00
chr9	140056855	140056968	113	113	1592.00	2381.00	2070.44	2179.00	233960.00
chr19	42482087	42482224	137	137	3544.00	4622.00	3992.42	4009.00	546962.00
chr19	4556962	4557025	63	63	1060.00	1257.00	1138.57	1122.00	71730.00
chr19	14266921	14267013	92	92	308.00	504.00	411.85	414.50	37890.00
chr22	42273851	42274127	276	276	0.00	1578.00	696.46	817.00	192222.00
chr1	205549788	205550049	261	261	229.00	400.00	298.45	291.00	77895.00
chr1	110765585	110766522	937	937	63.00	366.00	198.77	188.00	186244.00
chr19	55553595	55554158	563	563	0.00	115.00	34.73	28.00	19551.00
chr7	150929881	150931360	1479	1479	3.00	202.00	60.51	44.00	89501.00
chr3	124215157	124215260	103	103	439.00	859.00	672.77	742.00	69295.00
chr16	58220658	58220760	102	102	86.00	191.00	144.92	140.00	14782.00
chr3	10381925	10382033	108	108	268.00	505.00	429.71	440.00	46409.00
chr10	11356101	11356221	120	120	87.00	242.00	175.98	182.00	21118.00
chr22	42294652	42294785	133	133	953.00	1645.00	1320.71	1334.00	175654.00
chr1	2005531	2005714	183	183	0.00	66.00	33.61	36.00	6151.00
chr12	113722522	113722576	54	54	43.00	97.00	71.54	81.50	3863.00
chr9	131502198	131502398	200	200	0.00	995.00	786.39	822.00	157279.00
chr19	40873602	40873786	184	184	2779.00	3618.00	3138.74	3114.50	577528.00
chr2	220162606	220162825	219	219	622.00	1191.00	832.72	757.00	182365.00
chr16	28270027	28270355	328	328	0.00	74.00	33.23	32.00	10898.00
chr4	3225718	3225858	140	140	219.00	492.00	351.82	373.00	49255.00
chr17	44127898	44128070	172	172	18.00	64.00	42.38	39.00	7290.00
chr3	47462043	47462262	219	219	143.00	533.00	282.59	217.00	61888.00
chr6	99873090	99873182	92	92	19.00	207.00	82.61	62.00	7600.00
chr7	142561723	142562504	781	781	273.00	824.00	567.87	604.00	443504.00
chr1	159169540	159169666	126	126	2030.00	3076.00	2708.78	2766.00	341306.00
chr19	7606869	7606953	84	84	75.00	137.00	103.73	98.00	8713.00
chr16	2811561	2818298	6737	6737	0.00	744.00	207.59	142.00	1398526.00
chr3	47450652	47450807	155	155	9.00	36.00	21.54	23.00	3339.00
chr11	118403631	118403922	291	291	183.00	653.00	366.63	311.00	106690.00
chr1	205555161	205555335	174	174	334.00	627.00	497.76	501.00	86611.00
chr12	125603186	125603311	125	125	57.00	103.00	81.40	80.00	10175.00
chr11	86658288	86659498	1210	1210	0.00	39.00	13.03	14.00	15768.00
chr22	37764946	37768745	3799	3799	0.00	786.00	282.95	250.00	1074928.00
chr10	46345664	46346215	551	551	0.00	5.00	0.91	0.00	500.00
chr22	33673045	33673241	196	196	541.00	1069.00	741.43	720.00	145321.00
chr9	140042599	140042666	67	67	0.00	199.00	162.16	178.00	10865.00
chr3	48717233	48717320	87	87	191.00	388.00	320.16	342.00	27854.00
chr11	60681600	60681740	140	140	53.00	192.00	103.26	90.00	14457.00
chr10	93784512	93784724	212	212	18.00	125.00	49.01	37.50	10390.00
chr12	7289424	7290372	948	948	0.00	639.00	150.97	0.00	143124.00
chr3	132387062	132387526	464	464	0.00	56.00	16.76	18.00	7775.00
chr16	2335442	2335647	205	205	222.00	630.00	443.91	448.00	91002.00
chr16	1794782	1797276	2494	2494	0.00	645.00	59.35	14.00	148009.00
chr16	3786036	3786204	168	168	19.00	161.00	73.65	66.00	12373.00
chr9	141131209	141131766	557	557	0.00	31.00	1.85	0.00	1030.00
chr14	92965028	92966015	987	987	9.00	299.00	103.43	94.00	102090.00
chr19	54692070	54692200	130	130	258.00	892.00	541.18	420.00	70354.00
chr15	43866006	43866230	224	224	43.00	311.00	131.23	79.50	29396.00
chr3	40231316	40231954	638	638	122.00	468.00	246.75	233.50	157429.00
chr3	50148937	50149455	518	518	0.00	48.00	18.61	21.00	9638.00
chr4	81117505	81117755	250	250	39.00	126.00	81.00	86.50	20249.00
chr10	46740404	46740638	234	234	0.00	81.00	25.63	3.00	5998.00
chr3	124210169	124210271	102	102	463.00	729.00	540.20	543.00	55100.00
chr11	107488830	107488932	102	102	156.00	302.00	209.32	205.00	21351.00
chr9	130591965	130592106	141	141	24.00	85.00	47.09	34.00	6640.00
chr1	20981932	20982027	95	95	534.00	907.00	686.82	650.00	65248.00
chr12	75875613	75875859	246	246	5.00	137.00	58.45	67.00	14379.00
chr22	32046684	32046764	80	80	24.00	63.00	54.75	61.50	4380.00
chr11	70331418	70331658	240	240	10.00	165.00	94.83	101.00	22760.00
chr14	51079976	51080069	93	93	747.00	1184.00	923.72	858.00	85906.00
chr17	80041077	80041301	224	224	271.00	962.00	572.25	454.50	128184.00
chr7	158540884	158540971	87	87	98.00	158.00	120.03	116.00	10443.00
chr1	21553651	21553719	68	68	17.00	77.00	30.57	23.00	2079.00
chr2	219206256	219206349	93	93	29.00	122.00	75.54	70.00	7025.00
chr17	18444211	18445242	1031	1031	0.00	146.00	22.26	13.00	22948.00
chr12	57599340	57599460	120	120	289.00	441.00	368.71	355.00	44245.00
chr11	64417919	64418110	191	191	268.00	509.00	409.98	443.00	78307.00
chr19	3274926	3275650	724	724	0.00	79.00	17.28	1.00	12510.00
chr16	18532086	18532305	219	219	386.00	819.00	555.53	527.00	121662.00
chr17	3776702	3776756	54	54	569.00	724.00	654.09	662.00	35321.00
chr1	116932670	116933033	363	363	0.00	2457.00	1066.43	1487.00	387113.00
chr16	1505731	1505796	65	65	187.00	299.00	249.18	247.00	16197.00
chr1	9794029	9794200	171	171	2043.00	2642.00	2290.01	2245.00	391592.00
chr10	73579221	73579379	158	158	4566.00	6689.00	5439.09	5504.00	859376.00
chr11	6411684	6412146	462	462	0.00	182.00	101.07	118.00	46693.00
chr1	159163212	159163350	138	138	1200.00	1630.00	1396.46	1407.50	192712.00
chr16	1816723	1816804	81	81	936.00	1100.00	1022.75	1028.00	82843.00
chr7	91722399	91722630	231	231	8.00	227.00	157.92	158.00	36479.00
chr7	44281816	44281939	123	123	1136.00	1571.00	1387.27	1414.00	170634.00
chr2	220467189	220467297	108	108	10.00	53.00	31.18	36.00	3367.00
chr16	4494664	4494729	65	65	407.00	548.00	473.68	464.00	30789.00
chr15	34681844	34681986	142	142	0.00	82.00	45.74	55.00	6495.00
chr9	139995935	139996124	189	189	165.00	447.00	333.42	341.00	63016.00
chr3	180324040	180324160	120	120	29.00	79.00	55.12	60.00	6615.00
chr3	42678359	42681242	2883	2883	0.00	331.00	85.08	68.00	245290.00
chr7	131812776	131815333	2557	2557	0.00	261.00	71.56	58.00	182971.00
chr20	1585387	1585522	135	135	75.00	678.00	478.22	575.00	64560.00
chr3	126751229	126751442	213	213	265.00	511.00	382.03	362.00	81373.00
chr15	63920875	63921014	139	139	305.00	533.00	409.55	396.00	56927.00
chr16	2040128	2040202	74	74	393.00	535.00	471.51	481.00	34892.00
chr9	74324174	74324390	216	216	27.00	82.00	56.59	50.00	12224.00
chr20	44521858	44521950	92	92	372.00	621.00	490.10	462.00	45089.00
chr9	139911647	139911798	151	151	142.00	317.00	225.04	210.00	33981.00
chr9	140055507	140055649	142	142	1061.00	1494.00	1273.61	1242.50	180852.00
chr12	120148055	120148191	136	136	67.00	197.00	137.78	134.50	18738.00
chr12	50474280	50474372	92	92	48.00	126.00	96.20	97.00	8850.00
chr15	63125702	63125828	126	126	408.00	647.00	524.73	504.50	66116.00
chr9	20907148	20907241	93	93	70.00	194.00	153.96	161.00	14318.00
chr16	87874655	87874761	106	106	41.00	97.00	70.20	72.00	7441.00
chr2	162833269	162833460	191	191	0.00	2471.00	1335.24	2011.00	255031.00
chr8	11704560	11704677	117	117	1929.00	2578.00	2159.58	2108.00	252671.00
chr15	63926931	63927087	156	156	109.00	250.00	184.36	191.00	28760.00
chr6	31668718	31668805	87	87	134.00	210.00	155.90	155.00	13563.00
chr7	148910792	148910906	114	114	24.00	73.00	39.50	36.00	4503.00
chr14	42355808	42357213	1405	1405	0.00	486.00	114.48	105.00	160844.00
chr10	88678928	88679226	298	298	23.00	117.00	68.77	68.00	20493.00
chr3	140998219	140998346	127	127	33.00	99.00	49.57	40.00	6296.00
chr1	144859758	144859998	240	240	201.00	344.00	280.99	290.00	67437.00
chr9	96054772	96055455	683	683	100.00	385.00	247.27	245.00	168884.00
chr19	7604803	7604944	141	141	93.00	188.00	144.92	144.00	20434.00
chr12	30906277	30907432	1155	1155	0.00	135.00	28.03	23.00	32372.00
chr9	131112762	131112854	92	92	58.00	280.00	143.30	102.00	13184.00
chr20	61981328	61982379	1051	1051	30.00	191.00	93.05	88.00	97798.00
chr7	38431348	38431618	270	270	584.00	1138.00	852.22	826.50	230099.00
chr20	44521036	44521123	87	87	342.00	497.00	420.91	444.00	36619.00
chr11	64418726	64419108	382	382	238.00	519.00	353.68	345.50	135104.00
chr12	120148344	120150270	1926	1926	0.00	559.00	39.71	0.00	76476.00
chr12	6930971	6931066	95	95	31.00	895.00	497.79	518.00	47290.00
chr16	2339434	2339621	187	187	56.00	179.00	83.81	77.00	15673.00
chr2	27700083	27700187	104	104	12.00	32.00	20.55	21.00	2137.00
chr14	69805367	69805494	127	127	47.00	172.00	104.38	93.00	13256.00
chr12	9242497	9242619	122	122	83.00	211.00	148.43	150.00	18108.00
chr3	58256658	58256791	133	133	172.00	460.00	295.64	284.00	39320.00
chr10	79744927	79745098	171	171	65.00	181.00	122.46	117.00	20941.00
chr1	159161725	159161866	141	141	652.00	1197.00	976.28	1022.00	137656.00
chr16	31085202	31085519	317	317	0.00	22.00	7.96	6.00	2523.00
chr1	171755018	171755218	200	200	12.00	165.00	110.14	117.00	22029.00
chr9	130988124	130989280	1156	1156	0.00	1812.00	187.18	4.00	216378.00
chr15	63127935	63127998	63	63	238.00	460.00	360.65	380.00	22721.00
chr19	1917676	1917821	145	145	15.00	415.00	283.09	307.00	41048.00
chr22	25315792	25315960	168	168	53.00	234.00	126.06	113.00	21178.00
chr2	207943790	207945085	1295	1295	6.00	430.00	80.18	48.00	103837.00
chr11	47330706	47330952	246	246	0.00	598.00	252.59	0.00	62137.00
chr3	142743978	142746095	2117	2117	0.00	383.00	29.92	8.00	63344.00
chr7	44839492	44839694	202	202	0.00	46.00	21.67	23.00	4377.00
chr22	31688260	31688471	211	211	11.00	142.00	65.30	59.00	13779.00
chr11	66333492	66333638	146	146	941.00	1274.00	1151.25	1167.50	168083.00
chr9	131114916	131115026	110	110	227.00	446.00	386.83	409.00	42551.00
chr1	20206	21013	807	807	0.00	54.00	11.84	1.00	9557.00
chr11	108216469	108216635	166	166	2.00	62.00	22.11	12.00	3670.00
chr1	209778880	209779019	139	139	107.00	223.00	180.21	189.00	25049.00
chr1	202935876	202936026	150	150	183.00	318.00	257.49	268.00	38624.00
chr12	57600255	57600524	269	269	178.00	395.00	299.55	311.00	80578.00
chr19	15233503	15233615	112	112	197.00	483.00	325.67	310.00	36475.00
chr8	68115317	68115486	169	169	92.00	208.00	152.54	146.00	25779.00
chr19	13419229	13419342	113	113	22.00	49.00	34.24	32.00	3869.00
chr6	33266815	33267130	315	315	0.00	1.00	0.08	0.00	26.00
chr16	89780611	89781646	1035	1035	0.00	188.00	48.34	40.00	50037.00
chr12	109964162	109964221	59	59	19.00	59.00	39.42	46.00	2326.00
chr22	24491893	24492045	152	152	33.00	156.00	74.13	52.00	11268.00
chr2	242592926	242593025	99	99	186.00	318.00	237.13	225.00	23476.00
chr1	21937944	21938074	130	130	557.00	1082.00	817.38	802.00	106260.00
chr2	223789173	223789313	140	140	299.00	438.00	360.81	356.00	50514.00
chr20	3772318	3772535	217	217	0.00	9.00	6.46	9.00	1401.00
chr16	18531918	18532001	83	83	554.00	681.00	630.90	643.00	52365.00
chr1	43396296	43396537	241	241	274.00	505.00	367.35	352.00	88531.00
chr2	100037960	100038115	155	155	11.00	174.00	93.70	109.00	14523.00
chr16	1500497	1500770	273	273	4.00	404.00	202.72	236.00	55343.00
chr19	40876016	40876144	128	128	2880.00	3953.00	3363.92	3285.50	430582.00
chr5	168112691	168112932	241	241	79.00	198.00	128.26	128.00	30910.00
chr2	127825738	127825831	93	93	592.00	809.00	695.67	694.00	64697.00
chr1	19232015	19234990	2975	2975	0.00	173.00	57.89	52.00	172213.00
chr16	1391129	1391196	67	67	184.00	249.00	224.52	229.00	15043.00
chr6	33410665	33411689	1024	1024	4.00	784.00	353.27	344.00	361752.00
chr9	95872033	95872266	233	233	0.00	0.00	0.00	0.00	0.00
chr1	53378627	53378839	212	212	0.00	25.00	2.08	0.00	442.00
chr2	80531276	80531693	417	417	29.00	159.00	82.45	81.00	34380.00
chr7	44286718	44286791	73	73	876.00	1140.00	1022.86	1038.00	74669.00
chr7	157369304	157369471	167	167	1078.00	1662.00	1362.29	1354.00	227502.00
chr11	18755079	18755191	112	112	0.00	736.00	463.96	612.00	51963.00
chr6	86237979	86238080	101	101	341.00	616.00	476.83	501.00	48160.00
chr8	145000951	145001050	99	99	70.00	109.00	85.58	77.00	8472.00
chr19	45167680	45167966	286	286	21.00	122.00	56.05	45.00	16030.00
chr10	48930165	48930400	235	235	0.00	20.00	10.22	12.00	2401.00
chr16	87871450	87871547	97	97	105.00	258.00	186.92	194.00	18131.00
chr1	109815454	109815649	195	195	446.00	618.00	517.16	512.00	100847.00
chr1	208215442	208215711	269	269	117.00	286.00	209.91	212.00	56465.00
chr2	260866	261451	585	585	0.00	54.00	17.56	11.00	10271.00
chr5	180481266	180481724	458	458	0.00	35.00	6.58	0.00	3012.00
chr7	73119479	73119631	152	152	22.00	2018.00	920.22	45.00	139873.00
chr15	34677248	34677358	110	110	181.00	311.00	262.90	265.00	28919.00
chr16	57687114	57687247	133	133	96.00	255.00	169.71	184.00	22571.00
chr15	50649406	50649592	186	186	0.00	15.00	9.56	8.00	1779.00
chr22	21071995	21072066	71	71	1878.00	2350.00	2139.38	2201.00	151896.00
chr5	179200882	179201561	679	679	0.00	63.00	16.71	13.00	11347.00
chr10	98763824	98763979	155	155	239.00	402.00	321.77	321.00	49874.00
chr14	102963315	102963457	142	142	83.00	266.00	150.13	127.00	21318.00
chr1	21932558	21933138	580	580	0.00	1297.00	266.72	12.00	154698.00
chr16	28118842	28118998	156	156	319.00	428.00	391.50	395.00	61074.00
chr1	241767561	241767881	320	320	14.00	111.00	55.11	53.00	17634.00
chr11	66812063	66812184	121	121	206.00	366.00	283.78	272.00	34337.00
chr11	12248571	12248678	107	107	758.00	927.00	837.10	836.00	89570.00
chr9	130588788	130588951	163	163	10.00	35.00	21.31	20.00	3473.00
chr22	21068915	21068988	73	73	1701.00	2279.00	1995.12	2000.00	145644.00
chr1	43424304	43424531	227	227	0.00	436.00	255.79	291.00	58065.00
chr14	105852021	105853670	1649	1649	0.00	295.00	20.91	9.00	34476.00
chr15	34823469	34823579	110	110	157.00	283.00	209.14	210.00	23005.00
chr11	171365	172282	917	917	0.00	14.00	3.85	0.00	3530.00
chr22	24493976	24494155	179	179	42.00	181.00	118.72	121.00	21251.00
chr15	79291060	79291167	107	107	558.00	733.00	632.23	615.00	67649.00
chr16	2145904	2146194	290	290	0.00	5.00	0.98	0.00	284.00
chr9	131503050	131503166	116	116	564.00	1032.00	803.69	804.00	93228.00
chr11	61301983	61302579	596	596	0.00	20.00	5.77	8.00	3437.00
chr22	25308609	25308719	110	110	33.00	123.00	89.40	87.00	9834.00
chr12	63977826	63979986	2160	2160	0.00	71.00	18.06	17.00	39016.00
chr19	46928844	46930933	2089	2089	5.00	961.00	260.46	214.00	544102.00
chr16	56969146	56969224	78	78	212.00	287.00	257.77	261.50	20106.00
chr17	40665787	40665996	209	209	0.00	1834.00	940.86	1469.00	196639.00
chr9	131669435	131671600	2165	2165	70.00	431.00	200.45	174.00	433965.00
chr2	220164026	220164271	245	245	0.00	919.00	284.77	7.00	69769.00
chr19	7589846	7590052	206	206	23.00	84.00	54.32	49.00	11189.00
chr6	91260186	91260268	82	82	75.00	124.00	105.43	99.00	8645.00
chr9	124543742	124543830	88	88	324.00	467.00	407.57	418.00	35866.00
chr12	54071005	54071170	165	165	0.00	38.00	26.53	37.00	4377.00
chr2	40443	41212	769	769	19.00	215.00	95.63	97.00	73539.00
chr11	67852159	67852747	588	588	0.00	72.00	7.56	0.00	4448.00
chr8	8233762	8234810	1048	1048	0.00	78.00	32.83	32.00	34401.00
chr2	175671113	175672148	1035	1035	0.00	0.00	0.00	0.00	0.00
chr7	138984922	138985438	516	516	0.00	16.00	1.02	0.00	527.00
chr22	40816850	40817104	254	254	57.00	204.00	126.44	117.00	32117.00
chr19	14263120	14263249	129	129	579.00	762.00	660.52	663.00	85207.00
chr19	16962222	16962345	123	123	197.00	321.00	257.50	253.00	31672.00
chr1	109813838	109813918	80	80	650.00	903.00	754.14	738.00	60331.00
chr3	49898148	49898562	414	414	0.00	1205.00	472.85	717.00	195761.00
chr17	17131202	17131510	308	308	0.00	116.00	66.36	73.00	20439.00
chr1	21936067	21936139	72	72	315.00	423.00	364.86	366.50	26270.00
chr3	130424404	130424615	211	211	37.00	193.00	104.07	74.00	21958.00
chr12	56532710	56532797	87	87	87.00	197.00	156.07	174.00	13578.00
chr16	29888591	29888788	197	197	560.00	991.00	735.12	712.00	144818.00
chr2	114394588	114396196	1608	1608	0.00	211.00	43.55	30.00	70036.00
chr3	124180736	124180803	67	67	372.00	605.00	517.52	517.00	34674.00
chr9	111798485	111798660	175	175	185.00	305.00	237.09	236.00	41490.00
chr10	73847897	73848372	475	475	34.00	515.00	253.72	230.00	120515.00
chr22	21075585	21075706	121	121	1065.00	1772.00	1445.42	1467.00	174896.00
chr22	20920753	20921104	351	351	50.00	195.00	114.70	110.00	40258.00
chr9	140953020	140953185	165	165	4.00	31.00	20.33	20.00	3354.00
chr22	41620970	41621075	105	105	154.00	256.00	203.05	202.00	21320.00
chr11	6243671	6243839	168	168	43.00	93.00	71.09	74.00	11943.00
chr15	74704225	74704353	128	128	93.00	344.00	206.58	191.50	26442.00
chr3	48719780	48719985	205	205	106.00	193.00	145.01	142.00	29728.00
chr1	222833247	222833348	101	101	48.00	208.00	100.32	97.00	10132.00
chr1	6583675	6584824	1149	1149	0.00	284.00	57.29	41.00	65825.00
chr11	126135857	126135976	119	119	338.00	519.00	437.71	432.00	52088.00
chr8	75156763	75157410	647	647	53.00	209.00	110.34	101.00	71389.00
chr15	83345212	83345389	177	177	190.00	363.00	270.51	259.00	47881.00
chr14	68031638	68032561	923	923	0.00	5.00	0.54	0.00	500.00
chr19	42479780	42479949	169	169	3451.00	5213.00	4251.02	4164.00	718422.00
chr16	31503329	31503407	78	78	404.00	800.00	616.71	631.00	48103.00
chr17	1564564	1564700	136	136	198.00	272.00	229.26	231.50	31180.00
chr16	58717858	58718082	224	224	0.00	38.00	3.41	0.00	764.00
chr14	71575320	71575763	443	443	31.00	264.00	152.39	142.00	67507.00
chr1	202934498	202934628	130	130	251.00	419.00	361.58	369.00	47006.00
chr7	73118477	73118586	109	109	1641.00	1934.00	1792.35	1803.00	195366.00
chr19	13365908	13366073	165	165	45.00	112.00	76.73	78.00	12661.00
chr10	102265117	102265958	841	841	0.00	34.00	3.65	0.00	3073.00
chr9	139983320	139983457	137	137	175.00	336.00	256.52	259.00	35143.00
chr18	29206245	29206347	102	102	40.00	57.00	48.81	49.00	4979.00
chr12	120578662	120578827	165	165	15.00	44.00	30.85	34.00	5091.00
chr5	757516	758226	710	710	0.00	56.00	19.74	18.00	14018.00
chr8	21632483	21632567	84	84	32.00	58.00	43.38	39.50	3644.00
chr4	54011499	54011749	250	250	32.00	233.00	139.50	157.00	34874.00
chr8	141680613	141681365	752	752	0.00	44.00	12.94	16.00	9731.00
chr11	57367351	57367850	499	499	124.00	294.00	199.65	195.00	99623.00
chr12	63980009	63980784	775	775	0.00	20.00	5.99	3.00	4646.00
chr9	140057042	140057203	161	161	0.00	2665.00	2261.82	2466.00	364153.00
chr2	7055953	7056098	145	145	68.00	192.00	123.48	112.00	17905.00
chr12	52387768	52389043	1275	1275	0.00	325.00	156.35	142.00	199345.00
chr19	50104931	50105175	244	244	31.00	184.00	90.38	85.00	22052.00
chr19	5218430	5218543	113	113	343.00	519.00	459.82	478.00	51960.00
chr16	29898969	29899138	169	169	328.00	510.00	396.96	389.00	67086.00
chr7	99030900	99031041	141	141	16.00	43.00	25.55	19.00	3603.00
chr17	36692926	36693212	286	286	0.00	30.00	11.21	15.00	3206.00
chr15	73857770	73859335	1565	1565	0.00	107.00	19.95	9.00	31222.00
chr6	44104085	44104176	91	91	110.00	252.00	165.09	159.00	15023.00
chr1	21938518	21938602	84	84	434.00	662.00	575.57	589.50	48348.00
chr19	13423482	13423595	113	113	18.00	38.00	29.85	31.00	3373.00
chr16	70292882	70293089	207	207	818.00	1514.00	1264.80	1246.00	261813.00
chr18	61060641	61060782	141	141	72.00	126.00	93.84	94.00	13232.00
chr16	22269814	22270016	202	202	7.00	43.00	20.74	23.00	4189.00
chr1	21554423	21554534	111	111	61.00	123.00	99.01	109.00	10990.00
chr9	140057255	140057455	200	200	0.00	3052.00	1802.78	2152.00	360555.00
chr7	1488255	1488397	142	142	1.00	36.00	15.68	7.00	2226.00
chr14	100166351	100166438	87	87	861.00	1129.00	970.51	950.00	84434.00
chr9	101065522	101065705	183	183	571.00	934.00	770.30	803.00	140965.00
chr5	68411752	68412041	289	289	61.00	214.00	122.69	116.00	35457.00
chr1	2452539	2452754	215	215	17.00	154.00	86.50	85.00	18598.00
chr1	21564626	21564737	111	111	23.00	49.00	35.83	39.00	3977.00
chr13	42037713	42039066	1353	1353	0.00	36.00	2.68	0.00	3629.00
chr2	114350236	114350443	207	207	0.00	1.00	0.48	0.00	100.00
chr1	21939668	21939722	54	54	429.00	589.00	510.17	517.00	27549.00
chr9	139353895	139354007	112	112	55.00	94.00	73.29	68.00	8208.00
chr7	102176367	102176618	251	251	0.00	28.00	12.02	15.00	3017.00
chr3	51411753	51412018	265	265	0.00	241.00	78.05	45.00	20682.00
chr17	73888091	73888266	175	175	14.00	40.00	27.49	31.00	4811.00
chr13	103297258	103297435	177	177	0.00	46.00	11.57	14.00	2048.00
chr15	63922664	63922834	170	170	134.00	322.00	189.69	178.00	32247.00
chr3	33400774	33400849	75	75	161.00	290.00	239.33	247.00	17950.00
chr22	50671744	50671955	211	211	0.00	70.00	39.75	49.00	8388.00
chr1	21190968	21191205	237	237	350.00	604.00	471.27	468.00	111690.00
chr5	14481649	14481727	78	78	160.00	365.00	220.47	194.00	17197.00
chr15	101605556	101606410	854	854	0.00	119.00	49.87	50.00	42591.00
chr17	80040402	80040554	152	152	589.00	917.00	825.60	830.50	125491.00
chr2	132269293	132270897	1604	1604	0.00	59.00	12.23	7.00	19621.00
chr11	1778553	1778786	233	233	3995.00	7008.00	5466.31	5492.00	1273651.00
chr11	1469616	1469808	192	192	2.00	24.00	13.58	17.00	2607.00
chr12	120138549	120138630	81	81	160.00	357.00	248.46	224.00	20125.00
chr7	901016	901101	85	85	221.00	383.00	280.51	270.00	23843.00
chr19	13372263	13372424	161	161	79.00	199.00	122.78	121.00	19768.00
chr17	40843154	40843311	157	157	277.00	605.00	444.80	453.00	69833.00
chr17	80039476	80039719	243	243	497.00	824.00	637.77	623.00	154978.00
chr17	16681109	16687365	6256	6256	0.00	383.00	25.44	6.00	159140.00
chr1	116935475	116935610	135	135	1795.00	2221.00	2005.21	2026.00	270703.00
chr6	128294808	128294972	164	164	115.00	220.00	175.07	180.50	28712.00
chr5	109189927	109190617	690	690	0.00	0.00	0.00	0.00	0.00
chr15	40757533	40757634	101	101	42.00	87.00	63.84	64.00	6448.00
chr2	220164706	220164981	275	275	690.00	1858.00	1208.54	1187.00	332349.00
chr3	164905164	164908639	3475	3475	0.00	275.00	52.30	26.00	181747.00
chr11	60699157	60699356	199	199	173.00	775.00	564.73	542.00	112382.00
chr2	96680301	96680717	416	416	0.00	0.00	0.00	0.00	0.00
chr17	40845314	40845554	240	240	246.00	511.00	370.29	366.00	88869.00
chr12	125264513	125265391	878	878	0.00	28.00	9.55	7.00	8381.00
chr1	156623704	156624158	454	454	0.00	24.00	8.04	0.00	3650.00
chr6	108370456	108370622	166	166	506.00	750.00	619.20	608.50	102788.00
chr11	19180486	19180587	101	101	10.00	117.00	66.25	66.00	6691.00
chr19	42489069	42489338	269	269	922.00	1475.00	1154.23	1136.00	310487.00
chr2	198274493	198274731	238	238	22.00	210.00	129.97	144.00	30932.00
chr6	47220991	47221257	266	266	176.00	344.00	252.22	245.00	67091.00
chr19	40872679	40872822	143	143	2319.00	3448.00	2948.76	2977.00	421673.00
chr19	54693278	54693627	349	349	0.00	221.00	72.55	66.00	25320.00
chr12	81929	82174	245	245	0.00	49.00	26.47	35.00	6485.00
chr21	45513943	45514114	171	171	159.00	316.00	243.90	251.00	41707.00
chr3	124201630	124201747	117	117	0.00	977.00	705.11	868.00	82498.00
chr17	79805118	79805223	105	105	363.00	591.00	463.33	455.00	48650.00
chr20	46307419	46307548	129	129	36.00	143.00	81.93	73.00	10569.00
chr17	38187790	38187873	83	83	43.00	130.00	83.13	82.00	6900.00
chr2	207452814	207452878	64	64	317.00	411.00	359.36	358.00	22999.00
chr17	45695715	45695823	108	108	489.00	732.00	583.08	568.00	62973.00
chr7	44283023	44283126	103	103	687.00	1011.00	816.92	794.00	84143.00
chr20	62274975	62275284	309	309	0.00	4154.00	2171.22	3538.00	670907.00
chr11	108202605	108202764	159	159	31.00	99.00	68.58	66.00	10904.00
chr9	140051314	140051489	175	175	798.00	1260.00	992.57	930.00	173699.00
chr22	45574118	45574781	663	663	23.00	200.00	77.43	62.00	51333.00
chr15	79312382	79312446	64	64	270.00	323.00	295.92	298.50	18939.00
chr1	21940120	21940199	79	79	488.00	852.00	624.11	614.00	49305.00
chr17	3775847	3775921	74	74	465.00	715.00	586.26	590.50	43383.00
chr7	73133931	73134019	88	88	0.00	1281.00	395.72	252.00	34823.00
chr11	72292920	72292991	71	71	1151.00	1463.00	1256.76	1235.00	89230.00
chr7	43547616	43547730	114	114	89.00	148.00	109.02	106.00	12428.00
chr16	58713760	58714145	385	385	15.00	59.00	36.25	34.00	13955.00
chr22	21083600	21083794	194	194	985.00	1634.00	1307.80	1339.00	253713.00
chr11	66457275	66457414	139	139	1418.00	2370.00	1866.40	1873.00	259429.00
chr15	91561034	91561115	81	81	21.00	46.00	34.95	34.00	2831.00
chr11	2968525	2969001	476	476	0.00	37.00	10.18	11.00	4844.00
chr19	34869838	34869910	72	72	2298.00	3071.00	2607.75	2546.50	187758.00
chr9	121970996	121971219	223	223	338.00	558.00	417.69	402.00	93145.00
chr3	47449772	47449980	208	208	0.00	136.00	73.60	90.00	15308.00
chr12	57601820	57601999	179	179	264.00	622.00	396.30	368.00	70938.00
chr16	2345590	2345741	151	151	102.00	165.00	136.99	141.00	20686.00
chr12	50471782	50471910	128	128	150.00	273.00	196.62	185.50	25168.00
chr1	109814221	109814344	123	123	516.00	847.00	673.75	681.00	82871.00
chr19	16942304	16942458	154	154	191.00	369.00	286.06	283.00	44053.00
chr11	66333301	66333398	97	97	1086.00	1500.00	1306.31	1294.00	126712.00
chr5	74026084	74026223	139	139	192.00	334.00	263.58	261.00	36637.00
chr5	68417520	68417722	202	202	121.00	340.00	223.75	220.00	45197.00
chr19	15272262	15272525	263	263	94.00	185.00	130.55	131.00	34335.00
chr3	45872404	45872482	78	78	499.00	668.00	571.56	559.00	44582.00
chr7	73123374	73123452	78	78	1300.00	2220.00	1791.82	1831.00	139762.00
chr5	14498197	14498360	163	163	173.00	346.00	252.55	243.00	41166.00
chr14	93180167	93180230	63	63	127.00	242.00	180.49	159.00	11371.00
chr9	130984739	130984875	136	136	1992.00	2948.00	2417.01	2332.00	328714.00
chr13	31216764	31216894	130	130	25.00	76.00	54.06	63.00	7028.00
chr12	112614399	112614506	107	107	67.00	185.00	123.28	127.00	13191.00
chr12	57602865	57602982	117	117	409.00	588.00	502.00	497.00	58734.00
chr14	72976861	72976987	126	126	37.00	115.00	71.58	67.00	9019.00
chr1	155209406	155209553	147	147	157.00	389.00	263.87	268.00	38789.00
chr10	49633930	49634113	183	183	66.00	252.00	157.89	163.00	28893.00
chr16	84100093	84100218	125	125	433.00	651.00	552.84	559.00	69105.00
chr1	155207924	155208097	173	173	371.00	531.00	452.18	459.00	78228.00
chr12	2786898	2787033	135	135	1.00	27.00	16.19	14.00	2186.00
chr2	233755457	233756197	740	740	0.00	1226.00	186.05	0.00	137679.00
chr14	60631894	60632099	205	205	49.00	383.00	126.13	87.00	25857.00
chr1	11151549	11151654	105	105	94.00	173.00	141.69	138.00	14877.00
chr4	134076071	134076178	107	107	220.00	340.00	258.77	252.00	27688.00
chr15	91420364	91420441	77	77	94.00	146.00	120.09	125.00	9247.00
chr5	114961533	114961755	222	222	0.00	196.00	55.62	47.00	12347.00
chr16	1814047	1814211	164	164	0.00	704.00	375.37	606.00	61561.00
chr18	44250463	44252581	2118	2118	1.00	257.00	104.87	95.00	222106.00
chr6	158049380	158049518	138	138	161.00	320.00	255.70	264.00	35286.00
chr19	7675585	7675679	94	94	38.00	154.00	86.21	83.50	8104.00
chr13	99461604	99461719	115	115	4.00	464.00	382.83	382.00	44025.00
chr11	130010829	130011467	638	638	0.00	3582.00	377.90	8.00	241099.00
chr11	107526658	107526792	134	134	323.00	558.00	447.07	461.00	59908.00
chr16	1391294	1391490	196	196	132.00	335.00	261.43	275.00	51241.00
chr1	38182716	38184158	1442	1442	16.00	205.00	96.31	91.00	138877.00
chr5	179231023	179231323	300	300	0.00	1.00	0.31	0.00	92.00
chr14	69814593	69814719	126	126	228.00	423.00	336.00	360.50	42336.00
chr14	69349174	69349309	135	135	335.00	609.00	461.30	464.00	62276.00
chr19	7614792	7614998	206	206	135.00	357.00	237.36	196.00	48897.00
chr1	228270375	228270466	91	91	7.00	1277.00	438.87	211.00	39937.00
chr1	38186022	38186315	293	293	10.00	238.00	94.31	87.00	27634.00
chr13	77641715	77641999	284	284	458.00	900.00	656.32	639.00	186396.00
chr14	100157417	100157498	81	81	440.00	785.00	574.56	544.00	46539.00
chr13	32978280	32979333	1053	1053	0.00	392.00	43.05	13.00	45330.00
chr12	7301567	7301794	227	227	668.00	1082.00	865.13	853.00	196385.00
chr9	123583116	123583257	141	141	9.00	31.00	24.30	23.00	3426.00
chr17	26883183	26883284	101	101	246.00	527.00	367.99	334.00	37167.00
chr12	6972993	6973137	144	144	590.00	843.00	681.32	661.00	98110.00
chr20	34322310	34322637	327	327	0.00	38.00	13.37	13.00	4371.00
chr19	7606407	7606570	163	163	137.00	290.00	200.45	202.00	32673.00
chr16	2333186	2333373	187	187	6.00	697.00	454.24	519.00	84943.00
chr12	113825548	113825711	163	163	247.00	395.00	333.64	336.00	54383.00
chr7	4802013	4807749	5736	5736	0.00	227.00	40.70	36.00	233456.00
chr1	43394880	43394985	105	105	423.00	561.00	501.80	503.00	52689.00
chr19	4554399	4554488	89	89	928.00	1172.00	1038.85	1055.00	92458.00
chr16	31719139	31719372	233	233	0.00	24.00	14.82	11.00	3452.00
chr5	134060669	134061744	1075	1075	6.00	163.00	84.04	86.00	90341.00
chr1	202936318	202936371	53	53	13.00	149.00	78.42	86.00	4156.00
chr2	220087366	220087615	249	249	184.00	548.00	350.87	391.00	87366.00
chr2	36764494	36764689	195	195	138.00	225.00	179.17	181.00	34938.00
chr7	43519208	43519343	135	135	80.00	199.00	141.89	130.00	19155.00
chr10	51249585	51249993	408	408	0.00	0.00	0.00	0.00	0.00
chr6	32123647	32123755	108	108	95.00	219.00	137.44	130.50	14843.00
chr3	118624442	118624692	250	250	0.00	137.00	49.89	0.00	12472.00
chr1	190129797	190130020	223	223	20.00	122.00	78.13	84.00	17422.00
chr9	131004491	131004624	133	133	0.00	4002.00	3109.47	3584.00	413560.00
chr22	33679187	33679334	147	147	429.00	628.00	545.89	558.00	80246.00
chr15	74709931	74710016	85	85	84.00	198.00	133.74	121.00	11368.00
chr7	6470110	6470238	128	128	20.00	71.00	40.72	40.00	5212.00
chr1	6640600	6641359	759	759	2.00	98.00	45.46	46.00	34505.00
chr16	31510622	31510728	106	106	498.00	706.00	568.86	558.00	60299.00
chr4	103710287	103711803	1516	1516	0.00	87.00	25.24	21.00	38266.00
chr19	2862339	2862746	407	407	0.00	41.00	16.29	16.00	6630.00
chr2	15467873	15467994	121	121	49.00	101.00	80.04	86.00	9685.00
chr2	36780721	36781492	771	771	0.00	54.00	15.17	2.00	11697.00
chr10	81070680	81070941	261	261	29.00	112.00	58.26	58.00	15205.00
chr2	217234866	217235986	1120	1120	41.00	213.00	107.84	114.00	120784.00
chr10	93786348	93786508	160	160	22.00	101.00	65.72	68.00	10516.00
chr17	20268785	20269076	291	291	0.00	0.00	0.00	0.00	0.00
chr9	131002006	131002062	56	56	0.00	4046.00	3525.57	3777.50	197432.00
chr1	155208307	155208441	134	134	308.00	483.00	393.19	381.00	52688.00
chr2	162833877	162834373	496	496	0.00	1284.00	102.00	4.00	50594.00
chr9	35799614	35799728	114	114	13.00	88.00	61.39	65.00	6998.00
chr20	62517856	62519234	1378	1378	0.00	266.00	41.74	26.00	57523.00
chr22	35942847	35943127	280	280	171.00	304.00	230.68	229.00	64591.00
chr13	26436438	26436546	108	108	55.00	98.00	74.94	66.00	8094.00
chr14	69371371	69371453	82	82	121.00	227.00	175.80	171.00	14416.00
chr7	44031274	44031581	307	307	0.00	20.00	9.17	8.00	2814.00
chr11	12274988	12275291	303	303	0.00	11.00	5.90	10.00	1788.00
chr5	1334403	1334498	95	95	289.00	519.00	385.65	372.00	36637.00
chr19	34868639	34868786	147	147	2194.00	3484.00	2907.20	3009.00	427358.00
chr16	1815960	1816143	183	183	421.00	799.00	574.60	514.00	105152.00
chr10	73578787	73578868	81	81	5940.00	9147.00	7470.67	7526.00	605124.00
chr17	37420427	37420640	213	213	0.00	87.00	31.33	32.00	6674.00
chr5	60835422	60835586	164	164	0.00	136.00	47.63	66.00	7812.00
chr15	79296143	79296517	374	374	376.00	1033.00	666.94	630.50	249435.00
chr19	13039568	13039661	93	93	535.00	814.00	683.37	690.00	63553.00
chr12	49421585	49421713	128	128	36.00	90.00	67.32	74.00	8617.00
chr1	1661057	1662583	1526	1526	6.00	648.00	228.12	158.00	348109.00
chr2	207457340	207457460	120	120	418.00	607.00	523.89	514.00	62867.00
chr11	64542462	64543441	979	979	0.00	20.00	2.06	0.00	2014.00
chr20	61910250	61910347	97	97	67.00	301.00	187.87	183.00	18223.00
chr11	62394042	62394156	114	114	335.00	643.00	466.09	418.50	53134.00
chr5	37301538	37301652	114	114	31.00	100.00	61.25	54.00	6983.00
chr16	4733843	4733933	90	90	175.00	321.00	255.18	264.00	22966.00
chr15	43693913	43694048	135	135	113.00	178.00	143.06	145.00	19313.00
chr11	18764538	18764622	84	84	553.00	641.00	592.93	592.50	49806.00
chr17	57842331	57842499	168	168	187.00	421.00	299.65	321.00	50341.00
chr9	96076729	96078064	1335	1335	0.00	78.00	18.95	16.00	25294.00
chr11	12246219	12246367	148	148	494.00	791.00	647.76	665.00	95869.00
chr12	7030743	7031565	822	822	0.00	7622.00	2101.94	0.00	1727791.00
chr3	14523178	14523349	171	171	0.00	16.00	9.63	7.00	1647.00
chr5	758508	759483	975	975	0.00	12.00	2.38	0.00	2323.00
chr12	22635490	22635677	187	187	36.00	109.00	66.44	64.00	12424.00
chr5	14479369	14479459	90	90	181.00	295.00	240.21	245.00	21619.00
chr6	143655214	143656079	865	865	0.00	47.00	8.29	3.00	7169.00
chr7	75508360	75508578	218	218	85.00	2548.00	1705.67	2091.50	371835.00
chr11	60697981	60698131	150	150	202.00	536.00	329.16	296.50	49374.00
chr1	151400598	151400889	291	291	53.00	209.00	149.77	169.00	43582.00
chr5	172196431	172197309	878	878	0.00	310.00	73.82	21.00	64810.00
chr3	49152660	49152794	134	134	39.00	123.00	91.04	94.50	12199.00
chr7	5518281	5519950	1669	1669	23.00	237.00	117.04	110.00	195340.00
chr17	16691106	16691449	343	343	0.00	80.00	27.00	29.00	9262.00
chr2	220086993	220087172	179	179	304.00	630.00	494.47	510.00	88511.00
chr10	51746916	51748006	1090	1090	0.00	62.00	15.88	9.00	17310.00
chr12	7302118	7302289	171	171	818.00	1500.00	1218.23	1265.00	208317.00
chr11	59562844	59562955	111	111	77.00	156.00	107.12	101.00	11890.00
chr12	6100984	6101184	200	200	15.00	81.00	40.98	41.00	8195.00
chr19	5683274	5683627	353	353	16.00	90.00	46.03	47.00	16247.00
chr12	2786259	2786387	128	128	8.00	44.00	30.95	34.00	3962.00
chr15	26812727	26812880	153	153	229.00	556.00	327.86	315.00	50162.00
chr1	149007980	149008798	818	818	0.00	39.00	7.78	8.00	6364.00
chr19	54965608	54965861	253	253	99.00	188.00	142.72	144.00	36107.00
chr8	27293259	27293310	51	51	481.00	649.00	566.02	559.00	28867.00
chr15	23014437	23014528	91	91	293.00	438.00	361.43	360.00	32890.00
chr1	111717500	111717585	85	85	139.00	417.00	251.20	261.00	21352.00
chr6	150157220	150157433	213	213	252.00	780.00	564.09	552.00	120152.00
chr13	114566547	114566670	123	123	38.00	422.00	188.37	139.00	23170.00
chr16	58539291	58539605	314	314	0.00	243.00	96.82	81.00	30402.00
chr1	21936612	21936768	156	156	362.00	1096.00	769.38	791.50	120024.00
chr1	17322880	17322991	111	111	338.00	792.00	541.02	584.00	60053.00
chr11	60699455	60699599	144	144	544.00	800.00	675.62	693.00	97290.00
chr5	6749669	6749770	101	101	59.00	85.00	76.54	76.00	7731.00
chr16	2156805	2156949	144	144	53.00	205.00	112.13	110.00	16147.00
chr15	34690834	34690930	96	96	6.00	96.00	38.07	26.00	3655.00
chr3	11074933	11075425	492	492	0.00	721.00	139.23	11.00	68499.00
chr5	74655222	74655381	159	159	248.00	421.00	329.62	321.00	52409.00
chr20	20022968	20023160	192	192	19.00	92.00	39.61	29.00	7606.00
chr2	39055481	39055578	97	97	18.00	48.00	33.31	34.00	3231.00
chr19	16793231	16793528	297	297	0.00	623.00	171.32	8.00	50883.00
chr2	219205450	219205509	59	59	36.00	67.00	45.68	38.00	2695.00
chr17	74087429	74087729	300	300	0.00	1.00	0.32	0.00	95.00
chr3	184058150	184060036	1886	1886	0.00	2030.00	227.79	9.00	429611.00
chr6	90333128	90333263	135	135	68.00	255.00	181.48	205.00	24500.00
chr12	125267019	125267429	410	410	0.00	251.00	46.17	7.00	18930.00
chr1	207942580	207943104	524	524	0.00	106.00	19.57	6.00	10253.00
chr4	89356876	89357043	167	167	40.00	164.00	89.98	90.00	15026.00
chr7	101995498	101995736	238	238	0.00	22.00	8.74	6.00	2080.00
chr3	11067458	11067562	104	104	176.00	462.00	366.33	390.00	38098.00
chr5	95734582	95734740	158	158	21.00	107.00	63.49	50.00	10032.00
chr6	152529106	152529341	235	235	180.00	402.00	286.09	273.00	67230.00
chr5	102295578	102295763	185	185	162.00	407.00	302.07	326.00	55883.00
chr22	21072980	21073110	130	130	1539.00	2435.00	1968.83	1958.50	255948.00
chr12	121855306	121855714	408	408	20.00	446.00	157.10	136.50	64095.00
chr1	160326389	160326544	155	155	321.00	592.00	467.06	483.00	72395.00
chr11	60670930	60671007	77	77	493.00	729.00	642.56	662.00	49477.00
chr17	79804822	79804948	126	126	609.00	986.00	824.06	870.00	103832.00
chr16	18527204	18527332	128	128	942.00	1553.00	1360.14	1392.50	174098.00
chr16	16372518	16372646	128	128	879.00	1514.00	1301.52	1327.50	166595.00
chr2	32750530	32750695	165	165	27.00	165.00	68.33	48.00	11275.00
chr14	69369193	69369279	86	86	124.00	362.00	211.67	190.00	18204.00
chr7	66418212	66418356	144	144	218.00	608.00	416.03	435.50	59909.00
chr6	44107988	44108097	109	109	121.00	211.00	175.28	172.00	19105.00
chr7	70885893	70886091	198	198	593.00	1096.00	813.56	818.00	161084.00
chr8	27295281	27295397	116	116	406.00	552.00	476.91	474.50	55322.00
chr7	73122918	73123018	100	100	1519.00	2028.00	1860.61	1884.00	186061.00
chr15	34698874	34699071	197	197	23.00	129.00	68.83	82.00	13559.00
chr8	22009343	22009513	170	170	118.00	337.00	204.81	194.50	34818.00
chr7	1526557	1526737	180	180	116.00	205.00	154.15	151.00	27747.00
chr5	178053946	178054065	119	119	0.00	125.00	39.99	27.00	4759.00
chr12	6103027	6103369	342	342	3.00	61.00	37.81	42.00	12931.00
chr2	3479491	3480482	991	991	0.00	20.00	1.51	0.00	1496.00
chr3	33883388	33883566	178	178	53.00	152.00	88.20	86.00	15699.00
chr19	11019778	11019883	105	105	105.00	256.00	188.37	213.00	19779.00
chr7	98446205	98446318	113	113	2752.00	4276.00	3508.43	3512.00	396453.00
chr8	106813274	106813932	658	658	0.00	70.00	23.96	18.00	15764.00
chr2	223795338	223795530	192	192	184.00	518.00	303.89	289.50	58347.00
chr7	75511146	75511554	408	408	1889.00	3586.00	2578.41	2568.50	1051993.00
chr21	40184926	40185038	112	112	128.00	311.00	236.05	258.00	26438.00
chr19	53383575	53385236	1661	1661	0.00	59.00	14.86	17.00	24689.00
chr19	14208130	14208295	165	165	9.00	1426.00	813.08	977.00	134159.00
chr15	91461013	91461618	605	605	0.00	662.00	182.71	8.00	110538.00
chr8	145278010	145278133	123	123	0.00	55.00	13.41	4.00	1650.00
chr16	28132990	28133083	93	93	215.00	352.00	310.73	320.00	28898.00
chr11	125280091	125280221	130	130	155.00	247.00	206.19	208.00	26805.00
chr15	63128089	63128317	228	228	109.00	619.00	356.11	403.00	81193.00
chr9	131181435	131181557	122	122	25.00	166.00	119.15	122.00	14536.00
chr19	3281196	3281343	147	147	414.00	729.00	581.86	588.00	85533.00
chr11	6240200	6240280	80	80	51.00	85.00	63.38	56.00	5070.00
chr20	31019123	31019287	164	164	0.00	14.00	5.88	7.00	965.00
chr6	46825865	46827260	1395	1395	0.00	141.00	54.65	48.00	76243.00
chr12	1672006	1672666	660	660	0.00	37.00	7.86	4.00	5189.00
chr12	9098824	9099001	177	177	133.00	223.00	179.41	181.00	31756.00
chr7	121738503	121738630	127	127	0.00	59.00	44.06	59.00	5595.00
chr19	40875814	40875935	121	121	2690.00	3460.00	3121.11	3099.00	377654.00
chr20	3581592	3581671	79	79	115.00	210.00	162.24	167.00	12817.00
chr17	7226965	7227042	77	77	44.00	98.00	71.69	68.00	5520.00
chr2	74331800	74332809	1009	1009	0.00	57.00	26.06	26.00	26293.00
chr1	209785136	209785610	474	474	0.00	843.00	498.29	567.50	236190.00
chr9	35546426	35548532	2106	2106	26.00	406.00	186.93	190.00	393676.00
chr17	80040198	80040290	92	92	594.00	748.00	667.87	661.00	61444.00
chr11	73074791	73075284	493	493	0.00	385.00	107.99	32.00	53239.00
chr20	44674976	44675075	99	99	177.00	373.00	300.00	328.00	29700.00
chr20	5892091	5892328	237	237	83.00	921.00	508.30	586.00	120467.00
chr17	20316581	20317594	1013	1013	0.00	49.00	6.84	0.00	6928.00
chr12	99478702	99478801	99	99	163.00	233.00	196.39	192.00	19443.00
chr17	40842756	40842960	204	204	204.00	386.00	293.80	300.00	59936.00
chr11	107501142	107501288	146	146	155.00	461.00	267.71	269.00	39086.00
chr11	85429236	85429532	296	296	0.00	138.00	46.08	7.00	13640.00
chr20	9449217	9449319	102	102	88.00	166.00	136.26	132.00	13899.00
chr14	23371395	23371591	196	196	170.00	452.00	337.78	350.00	66205.00
chr7	716865	716957	92	92	2362.00	3008.00	2689.12	2705.00	247399.00
chr10	48862360	48862682	322	322	2.00	400.00	204.09	220.00	65716.00
chr10	68686678	68688210	1532	1532	2.00	302.00	85.27	69.00	130635.00
chr5	179674854	179674926	72	72	328.00	605.00	464.86	503.00	33470.00
chr1	209773327	209773456	129	129	101.00	180.00	128.60	124.00	16590.00
chr17	45691034	45691091	57	57	468.00	610.00	525.02	522.00	29926.00
chr1	19669871	19670118	247	247	0.00	0.00	0.00	0.00	0.00
chr17	45664025	45664710	685	685	0.00	561.00	102.20	19.00	70009.00
chr19	2337634	2338840	1206	1206	0.00	191.00	26.35	11.00	31773.00
chr8	22011480	22011552	72	72	247.00	314.00	269.86	269.50	19430.00
