#chrom	start	end	size	num_data	min	max	mean	median	sum
chr20	60962376	60962444	68	68	7829.00	24164.00	15077.29	16207.50	1025256.00
chr20	60962666	60962730	64	64	24366.00	28563.00	26155.70	26033.00	1673965.00
chr9	140046637	140048246	1609	1609	0.00	2.00	0.31	0.00	505.00
chr20	60963364	60963575	211	211	125.00	19392.00	5528.59	1381.00	1166533.00
chr4	39457960	39458158	198	198	18.00	18331.00	9966.41	13179.50	1973349.00
chr16	46717400	46717518	118	118	0.00	470.00	255.01	273.00	30091.00
chr5	141348677	141348732	55	55	25.00	183.00	102.76	117.00	5652.00
chr1	27889774	27889872	98	98	0.00	4.00	3.10	4.00	304.00
chr10	85899271	85899349	78	78	72.00	2782.00	1256.01	1152.50	97969.00
chr12	56436208	56436386	178	178	7623.00	23598.00	17740.54	18770.00	3157816.00
chr8	1285747	1287021	1274	1274	0.00	12.00	1.11	0.00	1414.00
chr10	71930168	71930259	91	91	40.00	462.00	275.90	276.00	25107.00
chr7	22852591	22852804	213	213	88.00	14146.00	6820.48	6180.00	1452762.00
chr6	34385239	34385324	85	85	288.00	7473.00	3526.56	3509.00	299758.00
chr19	13351029	13351528	499	499	0.00	0.00	0.00	0.00	0.00
chr8	82633461	82633523	62	62	25.00	174.00	126.77	145.00	7860.00
chr7	157639384	157641336	1952	1952	0.00	10.00	1.34	0.00	2622.00
chr11	61312182	61313477	1295	1295	0.00	30.00	6.07	5.00	7862.00
chr2	55462563	55463120	557	557	13.00	26416.00	4872.08	68.00	2713751.00
chr15	82822713	82822779	66	66	12587.00	18191.00	15808.65	16010.50	1043371.00
chr15	83207056	83207122	66	66	14323.00	17186.00	15626.03	15630.50	1031318.00
chr20	60962898	60963118	220	220	42.00	23644.00	6851.86	63.00	1507410.00
chr14	50087279	50087341	62	62	75.00	3311.00	1713.95	1771.50	106265.00
chr1	161007431	161007616	185	185	45.00	1805.00	1050.06	1136.00	194261.00
chr16	56667662	56667871	209	209	116.00	1641.00	1099.27	1193.00	229747.00
chr2	62095273	62095841	568	568	11.00	3354.00	945.24	196.00	536895.00
chr19	50002768	50002948	180	180	26.00	21104.00	10679.86	11360.50	1922375.00
chr5	141350268	141350442	174	174	192.00	341.00	290.12	296.00	50481.00
chr14	50050290	50050393	103	103	47.00	15837.00	6271.80	4230.00	645995.00
chr11	13438704	13438826	122	122	0.00	969.00	727.27	866.50	88727.00
chr2	3113787	3114772	985	985	0.00	0.00	0.00	0.00	0.00
chr4	166234389	166234518	129	129	1080.00	1445.00	1255.96	1231.00	162019.00
chr20	57607274	57607398	124	124	78.00	18669.00	8822.57	8285.00	1093999.00
chr6	52860421	52860742	321	321	2.00	2155.00	1155.37	1264.00	370874.00
chr8	74203786	74203896	110	110	14140.00	22161.00	17914.64	17593.50	1970610.00
chr7	10973076	10973319	243	243	16.00	47741.00	22494.51	24500.00	5466166.00
chr2	76672341	76672528	187	187	1.00	56.00	30.45	30.00	5694.00
chr8	74204007	74204145	138	138	15230.00	19849.00	17773.99	17881.50	2452811.00
chr16	85833245	85833358	113	113	477.00	14097.00	3801.30	2095.00	429547.00
chr10	7830132	7830226	94	94	123.00	2540.00	1212.99	1111.00	114021.00
chr6	35438356	35438556	200	200	97.00	8966.00	5630.60	7359.50	1126121.00
chr17	44450181	44450232	51	51	98.00	1108.00	516.35	550.00	26334.00
chr4	170611680	170611803	123	123	301.00	429.00	357.99	353.00	44033.00
chr6	34741222	34741557	335	335	30.00	2022.00	1323.95	1596.00	443524.00
chr2	220113512	220113621	109	109	14.00	47.00	39.93	42.00	4352.00
chr2	217363965	217364121	156	156	33.00	49290.00	30351.65	36336.50	4734857.00
chr17	4701574	4701786	212	212	73.00	3853.00	2476.05	3063.00	524923.00
chr17	44668087	44668153	66	66	16.00	585.00	218.94	209.00	14450.00
chr4	166248829	166248916	87	87	5.00	342.00	152.15	145.00	13237.00
chr14	50052369	50052767	398	398	0.00	25711.00	5570.26	4.00	2216962.00
chr17	8285460	8285633	173	173	21490.00	42636.00	31809.23	30720.00	5502997.00
chr9	33256798	33256906	108	108	2483.00	3007.00	2787.41	2790.00	301040.00
chr11	17096643	17096744	101	101	6134.00	9010.00	7813.27	7793.00	789140.00
chr3	179332758	179332847	89	89	1571.00	2254.00	1773.25	1749.00	157819.00
chr6	40459174	40459904	730	730	0.00	0.00	0.00	0.00	0.00
chr16	910657	910966	309	309	1.00	40.00	18.67	21.00	5770.00
chr4	39456483	39456564	81	81	18549.00	24574.00	20901.06	20432.00	1692986.00
chr5	1815964	1816162	198	198	74.00	5085.00	3104.00	3784.50	614592.00
chr1	40506387	40506473	86	86	35.00	440.00	200.50	184.00	17243.00
chr7	22862295	22862456	161	161	142.00	15267.00	10239.04	11922.00	1648485.00
chr19	13547230	13547514	284	284	0.00	0.00	0.00	0.00	0.00
chr11	125092545	125092689	144	144	0.00	0.00	0.00	0.00	0.00
chr15	55681562	55681631	69	69	92.00	158.00	133.83	141.00	9234.00
chr1	153964041	153964236	195	195	15.00	29309.00	14436.62	20941.00	2815141.00
chr13	27827736	27827980	244	244	0.00	36638.00	8857.93	0.00	2161334.00
chr5	81574138	81574200	62	62	104.00	7311.00	1480.79	255.00	91809.00
chr12	56510998	56511604	606	606	22.00	54852.00	20414.93	8080.50	12371447.00
chr10	120938266	120938323	57	57	57.00	849.00	497.61	563.00	28364.00
chr13	114561069	114562803	1734	1734	0.00	10.00	0.82	0.00	1414.00
chr3	150340171	150340282	111	111	1013.00	1526.00	1298.41	1344.00	144123.00
chr6	75947476	75947704	228	228	44.00	16935.00	8680.01	10138.50	1979043.00
chr1	154245108	154245252	144	144	74.00	1136.00	655.30	747.00	94363.00
chr3	42845927	42845995	68	68	69.00	4192.00	1624.81	1350.00	110487.00
chr20	57603638	57603896	258	258	36.00	15109.00	4233.80	1633.00	1092321.00
chr11	61307866	61308833	967	967	0.00	15.00	3.55	3.00	3437.00
chr8	1287087	1289234	2147	2147	0.00	5.00	0.47	0.00	1010.00
chr1	95615763	95615822	59	59	106.00	139.00	121.39	120.00	7162.00
chr11	61306915	61307700	785	785	0.00	4.00	0.80	0.00	626.00
chr2	85569254	85569444	190	190	82.00	406.00	282.35	323.00	53647.00
chr16	18796059	18796145	86	86	7770.00	10470.00	9044.84	8973.00	777856.00
chr16	18800302	18800440	138	138	4896.00	14292.00	10566.88	11847.00	1458230.00
chr13	76104249	76104402	153	153	2342.00	3020.00	2687.65	2648.00	411211.00
chr6	160200926	160201119	193	193	1850.00	2594.00	2258.34	2283.00	435860.00
chr3	119217402	119217802	400	400	19.00	905.00	670.16	785.50	268063.00
chr11	77330650	77330740	90	90	1192.00	1441.00	1331.32	1328.50	119819.00
chr17	41150614	41150848	234	234	115.00	24275.00	5806.91	158.00	1358816.00
chr13	27830320	27830529	209	209	27.00	24831.00	16388.44	22162.00	3425185.00
chr10	79231930	79232252	322	322	0.00	0.00	0.00	0.00	0.00
chr11	61556602	61556707	105	105	118.00	2448.00	1227.95	1222.00	128935.00
chr15	34388095	34388215	120	120	687.00	921.00	781.90	759.50	93828.00
chr13	78473993	78474102	109	109	202.00	343.00	254.32	240.00	27721.00
chr2	217364671	217366694	2023	2023	2.00	45983.00	2950.66	57.00	5969186.00
chr7	45022643	45022921	278	278	34.00	769.00	465.48	482.00	129404.00
chr9	88664910	88665253	343	343	0.00	23.00	4.97	3.00	1704.00
chr9	86595417	86595531	114	114	7.00	631.00	346.20	396.00	39467.00
chr9	130210114	130210268	154	154	42.00	9710.00	5343.71	6515.00	822932.00
chr8	53548574	53548629	55	55	684.00	999.00	857.53	870.00	47164.00
chr7	56169263	56169554	291	291	87.00	10398.00	5983.20	6918.00	1741112.00
chr2	212286731	212286829	98	98	7.00	17.00	12.05	15.00	1181.00
chr12	66563634	66563775	141	141	63.00	715.00	400.21	507.00	56429.00
chr22	39708887	39708989	102	102	10.00	20137.00	7672.67	6467.50	782612.00
chr19	9940640	9940792	152	152	20.00	6798.00	3951.64	4324.50	600649.00
chr22	40742544	40742715	171	171	31.00	158.00	111.28	122.00	19029.00
chr6	52947301	52947416	115	115	766.00	1329.00	971.21	918.00	111689.00
chr12	100613785	100613924	139	139	858.00	1220.00	1038.84	1030.00	144399.00
chr17	36920371	36920474	103	103	155.00	2096.00	1222.43	1295.00	125910.00
chr4	152022126	152022314	188	188	11095.00	14485.00	13045.38	13169.00	2452532.00
chr4	109543106	109543180	74	74	6101.00	20571.00	12970.31	13190.00	959803.00
chr7	103848280	103848438	158	158	16.00	120.00	78.06	83.00	12333.00
chr3	197682531	197683078	547	547	2.00	8486.00	782.01	187.00	427759.00
chr5	43313457	43313578	121	121	13.00	383.00	180.86	152.00	21884.00
chr16	46715990	46716125	135	135	0.00	501.00	334.45	452.00	45151.00
chr6	75953432	75953511	79	79	382.00	12227.00	5708.77	5457.00	450993.00
chr8	99053984	99054085	101	101	16.00	12434.00	7274.53	7271.00	734728.00
chr14	39561744	39561831	87	87	164.00	220.00	189.74	189.00	16507.00
chr12	112842994	112843180	186	186	18.00	13336.00	7828.18	8839.00	1456041.00
chr3	156232152	156232238	86	86	378.00	495.00	437.85	435.00	37655.00
chr1	161127910	161128001	91	91	2434.00	3255.00	2809.56	2685.00	255670.00
chr17	3623600	3623696	96	96	537.00	851.00	740.31	751.50	71070.00
chr4	8488160	8488274	114	114	0.00	0.00	0.00	0.00	0.00
chr1	93297596	93297883	287	287	28.00	4866.00	691.90	54.00	198575.00
chr1	6257711	6257893	182	182	14.00	21846.00	9195.26	9162.50	1673538.00
chr17	30178892	30179327	435	435	64.00	3873.00	2762.48	3269.00	1201677.00
chr6	29913227	29913653	426	426	25.00	6098.00	4309.64	5120.00	1835906.00
chr8	1333882	1335355	1473	1473	0.00	8.00	0.16	0.00	232.00
chr8	104033297	104033453	156	156	26.00	1217.00	671.22	795.00	104710.00
chr12	57106217	57106336	119	119	217.00	9876.00	4980.97	4357.00	592735.00
chr14	92587985	92588235	250	250	74.00	3638.00	720.66	304.00	180164.00
chr1	165600456	165600530	74	74	214.00	4283.00	2103.23	2091.00	155639.00
chr12	6975147	6975793	646	646	23.00	3501.00	2312.57	2235.50	1493921.00
chr2	201936712	201936782	70	70	197.00	1792.00	786.57	574.50	55060.00
chr14	78174445	78174551	106	106	133.00	3319.00	1608.58	1583.00	170510.00
chr15	101812398	101813061	663	663	47.00	912.00	618.95	680.00	410366.00
chr16	18794052	18794470	418	418	8.00	7773.00	1306.71	73.00	546206.00
chr14	101331603	101331904	301	301	0.00	0.00	0.00	0.00	0.00
chr8	109260841	109260933	92	92	69.00	815.00	548.39	574.00	50452.00
chr6	33240319	33240503	184	184	22.00	26456.00	10462.17	12976.00	1925039.00
chr15	82823287	82823393	106	106	17689.00	45690.00	35038.36	37896.00	3714066.00
chr15	83207630	83207736	106	106	18107.00	36021.00	27701.90	28465.00	2936401.00
chr9	140049063	140050870	1807	1807	0.00	13.00	1.45	0.00	2626.00
chr9	127623697	127623834	137	137	10277.00	24052.00	18426.80	19183.00	2524471.00
chr4	152024022	152024456	434	434	20.00	22033.00	9326.41	78.00	4047660.00
chr14	39532527	39532617	90	90	208.00	267.00	239.98	238.50	21598.00
chr8	37597882	37597964	82	82	62.00	125.00	104.29	110.00	8552.00
chr2	27994596	27994666	70	70	121.00	2215.00	1141.09	1343.50	79876.00
chr20	57605357	57605484	127	127	15022.00	19687.00	17828.80	17825.00	2264257.00
chr12	21788274	21788643	369	369	17.00	21177.00	13291.37	14421.00	4904516.00
chr11	17098975	17099089	114	114	93.00	11607.00	4025.89	333.00	458952.00
chr15	83654980	83655121	141	141	12.00	340.00	232.70	267.00	32810.00
chr8	1302511	1303663	1152	1152	0.00	10.00	2.03	0.00	2344.00
chr16	56717869	56718106	237	237	35.00	1232.00	645.32	783.00	152941.00
chr11	61316511	61317259	748	748	0.00	0.00	0.00	0.00	0.00
chr8	1407998	1408381	383	383	0.00	7.00	0.02	0.00	7.00
chr9	140833366	140833967	601	601	0.00	9.00	0.64	0.00	382.00
chr2	114713199	114713283	84	84	2057.00	2738.00	2291.61	2208.50	192495.00
chr6	133137599	133137830	231	231	11.00	25662.00	10031.65	27.00	2317311.00
chr2	47403114	47403667	553	553	12.00	24318.00	1591.62	92.00	880166.00
chr18	56824839	56824897	58	58	3049.00	4078.00	3557.26	3337.50	206321.00
chr15	49447721	49447789	68	68	11.00	312.00	168.81	199.00	11479.00
chr8	1328506	1329077	571	571	0.00	21.00	3.88	4.00	2214.00
chr22	48905128	48905505	377	377	0.00	29.00	10.75	7.00	4054.00
chr19	15366874	15367074	200	200	180.00	309.00	227.29	221.00	45458.00
chr5	31663101	31663338	237	237	0.00	0.00	0.00	0.00	0.00
chr4	6499163	6499319	156	156	0.00	0.00	0.00	0.00	0.00
chr18	47016823	47016922	99	99	11063.00	16941.00	13058.43	12776.00	1292785.00
chr20	32677124	32677711	587	587	32.00	2346.00	1253.33	1568.00	735707.00
chr7	154495717	154496173	456	456	0.00	0.00	0.00	0.00	0.00
chr17	79857795	79858128	333	333	174.00	4652.00	2912.09	3416.00	969725.00
chr14	23495058	23495584	526	526	35.00	4358.00	2773.26	3069.50	1458734.00
chr11	33453866	33455459	1593	1593	0.00	1.00	0.06	0.00	101.00
chr19	24009898	24010069	171	171	119.00	4494.00	2655.27	2814.00	454051.00
chr8	99056316	99057688	1372	1372	15.00	22925.00	2722.31	58.00	3735003.00
chr15	76518189	76518270	81	81	1291.00	1477.00	1366.84	1351.00	110714.00
chr7	2405951	2406083	132	132	267.00	510.00	395.03	396.00	52144.00
chr17	77225977	77226356	379	379	0.00	2.00	0.32	0.00	120.00
chr8	109226835	109226945	110	110	1927.00	2420.00	2218.61	2267.50	244047.00
chr15	66795695	66795867	172	172	5440.00	9262.00	7997.67	8268.50	1375600.00
chr21	35751726	35751815	89	89	549.00	896.00	804.04	820.00	71560.00
chr9	140043870	140044424	554	554	0.00	0.00	0.00	0.00	0.00
chr12	53413693	53413810	117	117	517.00	885.00	650.07	663.00	76058.00
chr1	93301746	93301949	203	203	5530.00	8442.00	7264.86	7545.00	1474766.00
chr3	53925796	53925885	89	89	96.00	1424.00	680.79	610.00	60590.00
chr3	69120685	69120768	83	83	244.00	338.00	296.41	296.00	24602.00
chr5	36606686	36607116	430	430	0.00	593.00	97.00	4.00	41708.00
chr8	1337727	1339342	1615	1615	0.00	22.00	2.61	0.00	4222.00
chr3	10555942	10556047	105	105	0.00	0.00	0.00	0.00	0.00
chr17	26903528	26903944	416	416	0.00	2893.00	313.32	4.00	130342.00
chr14	70826235	70826428	193	193	70.00	2283.00	1011.09	844.00	195141.00
chr11	63743696	63744007	311	311	274.00	14404.00	8745.03	10147.00	2719705.00
chr2	3622881	3622940	59	59	84.00	6005.00	1033.95	283.00	61003.00
chr19	41059346	41059540	194	194	0.00	5.00	1.42	0.00	275.00
chr1	160254844	160254920	76	76	5.00	862.00	400.68	396.00	30452.00
chr13	50125461	50125604	143	143	210.00	280.00	245.14	243.00	35055.00
chr10	74385767	74385864	97	97	4.00	285.00	141.97	119.00	13771.00
chr1	24022192	24022622	430	430	0.00	23117.00	4081.06	39.00	1754857.00
chr5	149822902	149823916	1014	1014	73.00	16988.00	973.24	134.00	986868.00
chr3	58417457	58417520	63	63	506.00	812.00	594.68	565.00	37465.00
chr4	8095073	8095888	815	815	0.00	17.00	2.73	0.00	2222.00
chr19	48281945	48282071	126	126	436.00	21809.00	10126.21	12135.00	1275902.00
chr8	1310963	1311278	315	315	0.00	0.00	0.00	0.00	0.00
chr16	56660791	56661007	216	216	193.00	5227.00	3353.37	3913.00	724328.00
chr5	149826985	149827298	313	313	0.00	16855.00	6243.20	56.00	1954122.00
chr18	19353584	19353689	105	105	38.00	88.00	65.79	69.00	6908.00
chr1	117963190	117963308	118	118	0.00	98.00	57.03	77.00	6730.00
chr7	158191496	158192060	564	564	0.00	0.00	0.00	0.00	0.00
chr12	57033663	57033976	313	313	0.00	14912.00	8780.24	11902.00	2748215.00
chr7	54826850	54826915	65	65	64.00	1532.00	906.11	938.00	58897.00
chr18	3262131	3262235	104	104	15.00	3878.00	1735.85	1901.00	180528.00
chr20	56918773	56918855	82	82	230.00	290.00	256.67	255.00	21047.00
chr2	55460498	55460553	55	55	23130.00	29887.00	26664.42	26675.00	1466543.00
chr9	130213556	130213674	118	118	68.00	12595.00	7552.92	7249.00	891244.00
chr7	54819984	54820151	167	167	11.00	3047.00	983.83	626.00	164300.00
chr19	58906048	58906170	122	122	10.00	6683.00	3007.09	2663.00	366865.00
chr2	187531430	187531510	80	80	162.00	222.00	184.53	183.00	14762.00
chr10	51580555	51580696	141	141	289.00	415.00	338.79	330.00	47770.00
chr11	21135134	21135260	126	126	189.00	368.00	277.45	299.00	34959.00
chr4	602915	603654	739	739	0.00	21.00	11.09	11.00	8192.00
chr1	27915783	27915968	185	185	0.00	0.00	0.00	0.00	0.00
chr2	11724902	11725051	149	149	0.00	5.00	3.38	5.00	504.00
chr7	135635346	135635430	84	84	1273.00	1506.00	1355.48	1346.00	113860.00
chr3	13169437	13170032	595	595	0.00	10.00	4.06	5.00	2418.00
chr3	197680808	197681018	210	210	0.00	17399.00	9595.92	12857.50	2015144.00
chr9	34613544	34613868	324	324	48.00	3921.00	2586.79	2813.00	838119.00
chr3	62305395	62305507	112	112	732.00	1339.00	1094.96	1102.50	122635.00
chr4	174308947	174309781	834	834	12.00	4683.00	591.59	32.00	493390.00
chr15	78832790	78832881	91	91	33.00	1210.00	667.78	756.00	60768.00
chr10	714132	714671	539	539	0.00	30.00	13.31	10.00	7176.00
chr8	1312779	1313338	559	559	0.00	0.00	0.00	0.00	0.00
chr17	77366765	77366942	177	177	0.00	0.00	0.00	0.00	0.00
chr2	3623181	3623274	93	93	6421.00	17296.00	11748.47	11020.00	1092608.00
chr14	50272738	50272851	113	113	322.00	423.00	365.77	359.00	41332.00
chr5	52978947	52979164	217	217	106.00	3287.00	1488.08	1394.00	322913.00
chr3	179333770	179333837	67	67	1755.00	1922.00	1838.04	1843.00	123149.00
chr1	162469744	162470057	313	313	0.00	138.00	91.23	98.00	28554.00
chr12	133528347	133528661	314	314	0.00	22.00	7.21	2.00	2265.00
chr9	130209952	130210096	144	144	15.00	3306.00	585.85	59.00	84362.00
chr9	114287457	114287542	85	85	4.00	27.00	17.85	19.00	1517.00
chr16	648960	649176	216	216	0.00	12.00	7.06	6.00	1526.00
chr7	70625531	70625736	205	205	0.00	0.00	0.00	0.00	0.00
chr7	140396504	140396642	138	138	266.00	7797.00	4713.96	5197.00	650527.00
chr3	12877458	12877961	503	503	16.00	31368.00	5883.45	158.00	2959377.00
chr8	1356126	1356675	549	549	0.00	17.00	5.80	4.00	3182.00
chr11	64089057	64089265	208	208	575.00	12493.00	9038.93	10859.00	1880098.00
chr8	962950	963753	803	803	0.00	19.00	2.39	0.00	1919.00
chr8	1243161	1246013	2852	2852	0.00	0.00	0.00	0.00	0.00
chr7	99896310	99896623	313	313	0.00	0.00	0.00	0.00	0.00
chr12	6602223	6602450	227	227	166.00	4544.00	2256.56	2110.00	512240.00
chr11	51168440	51168568	128	128	0.00	0.00	0.00	0.00	0.00
chr1	161183653	161184181	528	528	57.00	3354.00	1349.27	587.00	712415.00
chr8	1421477	1421623	146	146	0.00	0.00	0.00	0.00	0.00
chr11	67123414	67123503	89	89	0.00	0.00	0.00	0.00	0.00
chr1	54507396	54507478	82	82	2842.00	4352.00	3588.95	3570.00	294294.00
chr2	183743604	183743742	138	138	0.00	0.00	0.00	0.00	0.00
chr3	12880847	12881029	182	182	21747.00	29940.00	26014.57	26771.50	4734652.00
chr11	61096834	61097056	222	222	256.00	399.00	321.81	326.00	71442.00
chr17	77277626	77277812	186	186	0.00	0.00	0.00	0.00	0.00
chr20	18548083	18548240	157	157	73.00	2072.00	1298.06	1407.00	203796.00
chr3	184023841	184023943	102	102	1036.00	1518.00	1258.62	1231.00	128379.00
chr20	44845850	44845952	102	102	5.00	12.00	9.14	8.00	932.00
chr1	45244201	45244425	224	224	50.00	21101.00	7496.92	5413.00	1679310.00
chr18	35009257	35009508	251	251	0.00	0.00	0.00	0.00	0.00
chr10	60028911	60029064	153	153	83.00	1513.00	766.34	778.00	117250.00
chr7	140705975	140706335	360	360	59.00	1796.00	1095.59	1162.50	394413.00
chr22	18074542	18075502	960	960	43.00	13184.00	5582.06	7715.50	5358782.00
chr1	153946748	153947311	563	563	46.00	3688.00	1606.44	1415.00	904425.00
chr11	32608557	32608690	133	133	583.00	954.00	751.54	725.00	99955.00
chr1	184695388	184695523	135	135	21.00	65.00	40.10	35.00	5413.00
chr8	10257907	10259478	1571	1571	0.00	5.00	0.58	0.00	912.00
chr3	186502009	186503840	1831	1831	0.00	10022.00	1827.24	26.00	3345670.00
chr7	102996140	102996240	100	100	435.00	695.00	553.23	559.00	55323.00
chr9	35099896	35100169	273	273	70.00	2196.00	1434.30	1532.00	391563.00
chr7	71155616	71155866	250	250	0.00	0.00	0.00	0.00	0.00
chr6	160199201	160199312	111	111	1262.00	1626.00	1482.25	1505.00	164530.00
chr9	101108512	101108977	465	465	0.00	0.00	0.00	0.00	0.00
chr16	56667251	56667317	66	66	1293.00	1714.00	1530.77	1537.50	101031.00
chr8	1391588	1392091	503	503	0.00	0.00	0.00	0.00	0.00
chr11	62340055	62340214	159	159	3500.00	10054.00	7694.96	8390.00	1223498.00
chr17	79214786	79215080	294	294	71.00	3921.00	2605.48	3109.00	766012.00
chr1	173446461	173446631	170	170	64.00	2243.00	1143.53	1286.00	194400.00
chr8	63930051	63930189	138	138	370.00	602.00	471.50	461.00	65067.00
chr7	131890215	131890326	111	111	0.00	0.00	0.00	0.00	0.00
chr4	42051393	42051496	103	103	571.00	998.00	811.64	794.00	83599.00
chr2	91781295	91781567	272	272	0.00	7.00	2.19	0.00	595.00
chr8	1301692	1302498	806	806	0.00	0.00	0.00	0.00	0.00
chr3	58415854	58415965	111	111	1175.00	1744.00	1438.88	1420.00	159716.00
chr14	94594850	94595012	162	162	2346.00	4799.00	4005.37	4145.50	648870.00
chr3	197678029	197678195	166	166	55.00	20108.00	14496.67	16665.00	2406447.00
chr6	74227752	74228333	581	581	75.00	69827.00	43499.15	47678.00	25273004.00
chr8	1346274	1346328	54	54	0.00	0.00	0.00	0.00	0.00
chr12	69979239	69979304	65	65	40.00	395.00	216.23	239.00	14055.00
chr5	167913484	167913548	64	64	0.00	112.00	59.75	60.00	3824.00
chr7	157626545	157627221	676	676	0.00	0.00	0.00	0.00	0.00
chr9	33278110	33278223	113	113	1804.00	2314.00	2059.50	2062.00	232724.00
chr8	67974080	67974367	287	287	67.00	1274.00	858.18	998.00	246298.00
chr2	232037248	232037521	273	273	22.00	2682.00	1385.92	1444.00	378355.00
chr6	133135870	133135921	51	51	14756.00	24612.00	19472.75	19537.00	993110.00
chr8	10360310	10361038	728	728	0.00	28.00	10.07	9.00	7330.00
chr5	176279272	176279378	106	106	0.00	0.00	0.00	0.00	0.00
chr22	33164101	33164375	274	274	0.00	0.00	0.00	0.00	0.00
chr14	101330805	101331525	720	720	0.00	4.00	0.56	0.00	404.00
chr20	3529816	3529985	169	169	23.00	75.00	52.56	50.00	8882.00
chr4	57896369	57896565	196	196	1328.00	2209.00	1777.45	1817.00	348381.00
chr7	157662624	157663418	794	794	0.00	5.00	1.26	0.00	1000.00
chr19	35230427	35230526	99	99	36.00	158.00	129.84	135.00	12854.00
chr22	32783580	32784086	506	506	17.00	1400.00	922.37	1037.00	466720.00
chr16	18812752	18812882	130	130	33.00	4746.00	2181.25	2154.50	283563.00
chr6	24775236	24775340	104	104	43.00	125.00	94.91	108.50	9871.00
chr1	202931009	202931827	818	818	46.00	1404.00	848.44	924.50	694022.00
chr21	39149654	39149774	120	120	0.00	0.00	0.00	0.00	0.00
chr3	27446320	27446454	134	134	6.00	29.00	19.71	22.00	2641.00
chr8	1325595	1325874	279	279	0.00	0.00	0.00	0.00	0.00
chr7	140404659	140404763	104	104	4480.00	10116.00	7382.16	7591.50	767745.00
chr2	209119662	209119824	162	162	12.00	153.00	83.71	98.00	13561.00
chr12	120881821	120882758	937	937	137.00	711.00	382.79	353.00	358677.00
chr21	35286753	35286804	51	51	4397.00	6356.00	5492.78	5400.00	280132.00
chr14	24587596	24587743	147	147	567.00	954.00	692.98	653.00	101868.00
chr12	111595593	111595735	142	142	0.00	0.00	0.00	0.00	0.00
chr10	85908485	85908594	109	109	3291.00	4687.00	4224.82	4288.00	460505.00
chr9	32552798	32552977	179	179	65.00	697.00	350.29	333.00	62702.00
chr17	49773932	49774148	216	216	0.00	0.00	0.00	0.00	0.00
chr16	3781776	3781938	162	162	137.00	235.00	185.10	185.00	29987.00
chr1	185751175	185751337	162	162	0.00	0.00	0.00	0.00	0.00
chr1	165624604	165624865	261	261	123.00	11361.00	5691.55	5716.00	1485494.00
chr11	68895617	68896008	391	391	0.00	34.00	10.39	10.00	4064.00
chr2	135884152	135884226	74	74	172.00	210.00	195.85	197.50	14493.00
chr6	112418243	112418404	161	161	997.00	1945.00	1628.11	1762.00	262126.00
chr17	77527767	77527878	111	111	0.00	0.00	0.00	0.00	0.00
chr17	77629088	77629199	111	111	0.00	0.00	0.00	0.00	0.00
chr2	196582975	196583056	81	81	64.00	277.00	153.43	156.00	12428.00
chr11	70463044	70463452	408	408	0.00	0.00	0.00	0.00	0.00
chr8	97133433	97133638	205	205	0.00	0.00	0.00	0.00	0.00
chr18	3253886	3254048	162	162	742.00	1087.00	912.29	902.00	147791.00
chr8	984873	985055	182	182	0.00	0.00	0.00	0.00	0.00
chr2	172671630	172671712	82	82	508.00	751.00	636.02	640.00	52154.00
chr8	99054872	99055418	546	546	29.00	21121.00	3913.59	86.00	2136818.00
chr3	69126948	69127069	121	121	278.00	589.00	468.95	487.00	56743.00
chr7	157859676	157859927	251	251	2.00	13.00	7.67	9.00	1926.00
chr6	16430725	16431049	324	324	0.00	0.00	0.00	0.00	0.00
chr7	23728887	23729078	191	191	164.00	339.00	245.95	220.00	46977.00
chr7	96747026	96747209	183	183	39.00	346.00	261.48	299.00	47851.00
chr12	6601303	6601633	330	330	79.00	3389.00	2299.22	2878.00	758742.00
chr6	26104168	26104550	382	382	0.00	16.00	4.91	6.00	1876.00
chr16	18799384	18799464	80	80	9975.00	13808.00	12422.83	12601.00	993826.00
chr8	1371931	1372576	645	645	0.00	0.00	0.00	0.00	0.00
chr9	101992618	101992875	257	257	88.00	2549.00	1519.90	1791.00	390614.00
chr5	40834572	40834708	136	136	9802.00	31331.00	23921.22	25221.50	3253286.00
chr8	104053025	104053245	220	220	0.00	1274.00	834.88	1037.00	183673.00
chr6	75950705	75950981	276	276	8.00	14154.00	4276.33	35.00	1180267.00
chr2	55148403	55148762	359	359	0.00	0.00	0.00	0.00	0.00
chr21	35287881	35288110	229	229	36.00	4165.00	673.81	74.00	154302.00
chr22	48231302	48231645	343	343	0.00	0.00	0.00	0.00	0.00
chr20	34129819	34129934	115	115	56.00	847.00	480.03	504.00	55204.00
chr19	49121047	49121134	87	87	4238.00	12136.00	8352.66	8382.00	726681.00
chr12	125398915	125399205	290	290	47.00	8299.00	1105.12	163.00	320485.00
chr2	62103229	62103369	140	140	1378.00	1757.00	1564.14	1580.00	218980.00
chr17	77258008	77258121	113	113	0.00	0.00	0.00	0.00	0.00
chr11	14520383	14520556	173	173	0.00	185.00	123.62	150.00	21386.00
chr14	54955642	54955747	105	105	23.00	816.00	384.52	355.00	40375.00
chr7	157861401	157861634	233	233	0.00	7.00	3.89	5.00	907.00
chr4	39459205	39459316	111	111	0.00	19476.00	15605.50	17823.00	1732211.00
chr10	88822412	88822653	241	241	0.00	1894.00	1178.03	1455.00	283906.00
chr8	1322779	1322945	166	166	0.00	0.00	0.00	0.00	0.00
chr8	1308665	1309830	1165	1165	0.00	0.00	0.00	0.00	0.00
chr7	150488405	150488711	306	306	50.00	599.00	381.25	430.00	116664.00
chr8	42012133	42012478	345	345	68.00	242.00	156.48	156.00	53984.00
chr16	15178498	15178562	64	64	23.00	48.00	38.20	40.00	2445.00
chr8	1339367	1339730	363	363	0.00	7.00	3.59	7.00	1302.00
chr18	3694076	3700673	6597	6597	0.00	18.00	1.27	0.00	8356.00
chr12	39698622	39698740	118	118	933.00	1079.00	1012.40	1016.00	119463.00
chr3	17056199	17056544	345	345	0.00	507.00	242.40	374.00	83627.00
chr18	19358063	19358130	67	67	65.00	91.00	79.96	77.00	5357.00
chr8	983340	983799	459	459	0.00	0.00	0.00	0.00	0.00
chr19	13339877	13341023	1146	1146	0.00	316.00	33.85	6.50	38795.00
chr6	151773624	151773721	97	97	13.00	137.00	79.72	88.00	7733.00
chr14	24686065	24686429	364	364	92.00	7344.00	5124.74	5856.50	1865404.00
chr12	57178636	57178800	164	164	151.00	246.00	206.58	216.50	33879.00
chr19	13337665	13337737	72	72	2.00	5.00	3.88	5.00	279.00
chr1	153642646	153642706	60	60	213.00	485.00	359.58	373.50	21575.00
chr7	158243836	158244365	529	529	0.00	9.00	1.13	0.00	598.00
chr1	182808477	182808591	114	114	28.00	103.00	55.53	41.00	6330.00
chr11	70407472	70407745	273	273	0.00	0.00	0.00	0.00	0.00
chr17	77223847	77224037	190	190	0.00	0.00	0.00	0.00	0.00
chr8	121457307	121457378	71	71	32.00	187.00	101.55	89.00	7210.00
chr7	101148640	101148738	98	98	0.00	0.00	0.00	0.00	0.00
chr1	234195282	234195479	197	197	0.00	0.00	0.00	0.00	0.00
chr10	116894789	116895609	820	820	0.00	5.00	0.39	0.00	317.00
chr5	43700220	43700339	119	119	498.00	706.00	598.50	588.00	71221.00
chr14	104381402	104381526	124	124	7077.00	13450.00	11313.49	11938.50	1402873.00
chr2	183622418	183622552	134	134	740.00	1008.00	849.19	832.50	113792.00
chr7	157637593	157637734	141	141	0.00	0.00	0.00	0.00	0.00
chr7	100240745	100240949	204	204	90.00	1816.00	1237.86	1451.00	252524.00
chr9	68272817	68273041	224	224	0.00	2.00	0.89	0.00	200.00
chr1	54502282	54502391	109	109	3233.00	4060.00	3620.37	3605.00	394620.00
chr12	56119904	56120045	141	141	5980.00	8457.00	7188.78	7225.00	1013618.00
chr1	204624352	204624481	129	129	0.00	0.00	0.00	0.00	0.00
chr8	48401552	48401786	234	234	0.00	1.00	0.50	0.00	116.00
chr12	130973967	130974226	259	259	0.00	0.00	0.00	0.00	0.00
chr10	51565182	51565296	114	114	4.00	437.00	185.90	186.50	21193.00
chr1	161127406	161127483	77	77	2219.00	2584.00	2415.66	2432.00	186006.00
chr6	33407495	33407947	452	452	0.00	15.00	6.13	8.00	2773.00
chr12	96414862	96414915	53	53	210.00	308.00	264.72	283.00	14030.00
chr6	166265710	166267024	1314	1314	0.00	6.00	0.92	0.00	1211.00
chr2	201681828	201681964	136	136	362.00	581.00	449.35	421.00	61112.00
chr14	90178862	90179024	162	162	0.00	4.00	2.49	4.00	403.00
chr12	112847209	112847378	169	169	0.00	387.00	259.61	292.00	43874.00
chr3	150964599	150964917	318	318	0.00	0.00	0.00	0.00	0.00
chr11	118886518	118886649	131	131	33.00	17975.00	7831.05	7121.00	1025868.00
chr17	40963672	40963815	143	143	1214.00	1883.00	1577.38	1590.00	225566.00
chr18	3277250	3277412	162	162	4647.00	5923.00	5359.37	5381.00	868218.00
chr5	10250408	10250557	149	149	12.00	582.00	312.21	306.00	46520.00
chr12	46636982	46637097	115	115	69.00	165.00	115.51	117.00	13284.00
chr3	139102139	139102277	138	138	73.00	191.00	127.54	124.00	17600.00
chr9	140791269	140791603	334	334	0.00	9.00	4.42	8.00	1477.00
chr19	8386191	8386263	72	72	100.00	1693.00	764.51	780.00	55045.00
chr12	41337796	41337972	176	176	904.00	1129.00	1018.26	1023.50	179213.00
chr17	41151878	41152197	319	319	9.00	23601.00	9254.23	14094.00	2952100.00
chr8	1566660	1566775	115	115	0.00	0.00	0.00	0.00	0.00
chr14	39530968	39531075	107	107	246.00	407.00	291.13	278.00	31151.00
chr14	50053002	50053106	104	104	158.00	20268.00	8703.88	8753.00	905203.00
chr16	50353797	50353941	144	144	1039.00	1322.00	1175.74	1165.00	169307.00
chr16	46711226	46711363	137	137	0.00	755.00	392.64	569.00	53792.00
chr1	26231154	26231229	75	75	11868.00	23983.00	17183.33	17191.00	1288750.00
chr6	36944974	36945026	52	52	5982.00	7078.00	6464.81	6416.00	336170.00
chr6	31807319	31807520	201	201	112.00	4841.00	2087.17	1904.00	419521.00
chr9	88190155	88190390	235	235	45.00	983.00	598.40	797.00	140625.00
chr17	8283113	8283254	141	141	23319.00	29785.00	27219.69	27366.00	3837976.00
chr1	176145045	176145143	98	98	47.00	80.00	59.45	57.00	5826.00
chr19	51164998	51165939	941	941	320.00	1973.00	1570.99	1657.00	1478300.00
chr1	117957334	117957453	119	119	74.00	140.00	112.52	118.00	13390.00
chr7	70963377	70963706	329	329	0.00	10.00	1.72	0.00	565.00
chr1	162470702	162470894	192	192	78.00	245.00	166.78	194.50	32022.00
chr8	10325951	10326780	829	829	0.00	4.00	0.48	0.00	400.00
chr3	136047599	136047699	100	100	537.00	640.00	569.66	567.50	56966.00
chr6	27342972	27343027	55	55	16.00	231.00	138.31	153.00	7607.00
chr14	24587263	24587364	101	101	660.00	972.00	821.19	801.00	82940.00
chr12	69981284	69981396	112	112	526.00	733.00	611.97	587.00	68541.00
chr6	44214830	44215056	226	226	0.00	3593.00	784.79	6.00	177362.00
chr18	77733338	77733903	565	565	26.00	4986.00	2359.76	2589.00	1333266.00
chr8	1332671	1332837	166	166	0.00	0.00	0.00	0.00	0.00
chr7	140406362	140406444	82	82	102.00	4125.00	1701.99	1513.00	139563.00
chr7	54825187	54825287	100	100	1785.00	3073.00	2732.34	2825.50	273234.00
chr4	83996449	83996942	493	493	15.00	3442.00	1835.58	2047.00	904941.00
chr5	74046403	74046492	89	89	214.00	277.00	241.66	237.00	21508.00
chr1	62166605	62166697	92	92	1329.00	1855.00	1624.60	1650.00	149463.00
chr6	133135686	133135752	66	66	151.00	14499.00	5379.91	1203.50	355074.00
chr6	30688117	30688340	223	223	90.00	3701.00	2390.77	2975.00	533142.00
chr1	205737285	205737743	458	458	145.00	792.00	428.67	397.00	196332.00
chr16	19516202	19516414	212	212	1211.00	1671.00	1511.06	1548.00	320345.00
chr2	55461254	55461340	86	86	25158.00	30048.00	27682.05	27684.00	2380656.00
chr12	45108414	45108524	110	110	0.00	1863.00	1330.96	1529.50	146406.00
chr8	1337494	1337699	205	205	0.00	8.00	3.88	4.00	796.00
chr15	82821159	82821339	180	180	45.00	19962.00	8922.58	8503.50	1606065.00
chr6	75950016	75950101	85	85	11742.00	16002.00	14385.38	15069.00	1222757.00
chr11	133786960	133787104	144	144	0.00	0.00	0.00	0.00	0.00
chr17	37006056	37006467	411	411	8.00	8546.00	1425.28	113.00	585789.00
chr15	83205502	83205682	180	180	39.00	15210.00	5899.29	4747.00	1061873.00
chr12	2741650	2742001	351	351	0.00	14.00	3.91	7.00	1371.00
chr8	82598486	82598555	69	69	12.00	160.00	76.54	82.00	5281.00
chr11	61327706	61327983	277	277	0.00	0.00	0.00	0.00	0.00
chr12	32866142	32866305	163	163	408.00	643.00	511.21	508.00	83328.00
chr1	54506428	54506513	85	85	1130.00	4579.00	4052.24	4147.00	344440.00
chr14	68162346	68162467	121	121	21.00	551.00	325.26	372.00	39357.00
chr5	81572167	81572337	170	170	24.00	21283.00	11951.56	14726.50	2031765.00
chr12	69980049	69980124	75	75	462.00	676.00	568.72	582.00	42654.00
chr13	42742814	42742954	140	140	10.00	29.00	22.46	29.00	3144.00
chr1	54678173	54678331	158	158	893.00	1154.00	1041.16	1042.50	164503.00
chr22	48230646	48231072	426	426	0.00	0.00	0.00	0.00	0.00
chr10	105156054	105156261	207	207	6.00	8799.00	1662.53	23.00	344144.00
chr22	48197018	48197232	214	214	0.00	0.00	0.00	0.00	0.00
chr9	140899136	140899908	772	772	0.00	36.00	7.25	7.00	5597.00
chr5	85915169	85915316	147	147	44.00	29958.00	23614.50	24812.00	3471331.00
chr2	1872090	1872390	300	300	0.00	0.00	0.00	0.00	0.00
chr19	41052157	41052922	765	765	0.00	41.00	7.02	4.00	5373.00
chr3	186501323	186501791	468	468	0.00	2216.00	154.14	0.00	72136.00
chr7	713588	713686	98	98	0.00	0.00	0.00	0.00	0.00
chr6	33243573	33243660	87	87	23910.00	34397.00	30099.72	30733.00	2618676.00
chr4	146025537	146025667	130	130	121.00	191.00	165.16	168.00	21471.00
chr4	144464349	144464810	461	461	3.00	595.00	165.38	15.00	76240.00
chr13	29233271	29233324	53	53	222.00	1746.00	969.57	871.00	51387.00
chr18	10530766	10530834	68	68	204.00	290.00	254.59	255.50	17312.00
chr2	141027810	141027915	105	105	140.00	202.00	161.89	158.00	16998.00
chr15	77344726	77344810	84	84	3946.00	4639.00	4302.27	4273.50	361391.00
chr5	56469893	56470038	145	145	14.00	309.00	176.85	187.00	25643.00
chr18	56825836	56826060	224	224	90.00	4595.00	2000.78	1582.50	448175.00
chr16	46696894	46697074	180	180	1152.00	1801.00	1460.79	1448.50	262943.00
chr10	116734087	116734144	57	57	293.00	428.00	353.21	337.00	20133.00
chr1	153964540	153964768	228	228	2.00	13371.00	2079.66	51.50	474163.00
chr18	35039659	35039939	280	280	0.00	0.00	0.00	0.00	0.00
chr16	15179495	15179555	60	60	23.00	68.00	38.83	36.00	2330.00
chr17	7760002	7760161	159	159	57.00	4070.00	2109.46	2198.00	335404.00
chr6	55364033	55364097	64	64	123.00	174.00	145.38	144.00	9304.00
chr1	94972093	94972198	105	105	305.00	415.00	373.20	374.00	39186.00
chr8	1246664	1248453	1789	1789	0.00	0.00	0.00	0.00	0.00
chr9	95005497	95005593	96	96	504.00	730.00	599.48	557.00	57550.00
chr7	158071358	158071545	187	187	0.00	0.00	0.00	0.00	0.00
chr5	81573511	81573671	160	160	8654.00	22288.00	17639.06	18664.00	2822250.00
chr12	6979428	6980098	670	670	12.00	25469.00	15127.90	18471.00	10135695.00
chr11	61303993	61304727	734	734	0.00	50.00	13.05	11.00	9580.00
chr16	84733622	84733717	95	95	42.00	228.00	143.04	149.00	13589.00
chr3	36366843	36366990	147	147	0.00	0.00	0.00	0.00	0.00
chr12	124841468	124843196	1728	1728	0.00	30.00	8.33	8.00	14400.00
chr3	107938256	107938419	163	163	409.00	611.00	521.25	530.00	84963.00
chr17	77408582	77409029	447	447	0.00	0.00	0.00	0.00	0.00
chr16	15552927	15553391	464	464	0.00	0.00	0.00	0.00	0.00
chr10	51632928	51633033	105	105	0.00	77.00	58.75	63.00	6169.00
chr2	10929022	10929107	85	85	799.00	979.00	883.94	884.00	75135.00
chr11	812759	812874	115	115	156.00	15507.00	6614.73	6017.00	760694.00
chr6	30587269	30587378	109	109	537.00	689.00	618.87	624.00	67457.00
chr7	76164482	76164642	160	160	0.00	0.00	0.00	0.00	0.00
chr15	77345118	77345271	153	153	3132.00	4073.00	3560.22	3454.00	544714.00
chr17	31704508	31704748	240	240	0.00	0.00	0.00	0.00	0.00
chr12	122248312	122248427	115	115	34.00	61.00	41.98	35.00	4828.00
chr12	49663630	49663759	129	129	96.00	183.00	139.32	142.00	17972.00
chr7	108137926	108138021	95	95	552.00	709.00	610.25	606.00	57974.00
chr4	144933121	144933482	361	361	0.00	0.00	0.00	0.00	0.00
