#chrom	start	end	size	num_data	min	max	mean	median	sum
chr12	1940100	1940691	591	591	86.00	277.00	179.91	182.00	106328.00
chr1	27480473	27481381	908	908	19.00	180.00	93.03	87.00	84469.00
chr15	63112684	63112809	125	125	574.00	839.00	707.43	686.00	88429.00
chr5	149231737	149232254	517	517	2.00	96.00	42.21	41.00	21823.00
chr5	140865429	140867182	1753	1753	9.00	109.00	51.93	49.00	91026.00
chr1	32209793	32209958	165	165	475.00	927.00	697.89	691.00	115152.00
chr16	87873307	87873431	124	124	397.00	532.00	453.44	445.00	56227.00
chr17	34157438	34158175	737	737	0.00	22.00	3.09	0.00	2277.00
chr2	127815619	127816088	469	469	8.00	89.00	42.74	40.00	20045.00
chr1	208212965	208213112	147	147	103.00	175.00	149.10	154.00	21917.00
chr22	19703883	19704666	783	783	3.00	60.00	32.00	31.00	25054.00
chr16	87872319	87872423	104	104	340.00	414.00	372.62	369.00	38752.00
chr9	140055740	140055868	128	128	1634.00	2325.00	2055.01	2086.50	263041.00
chr22	21096515	21096643	128	128	942.00	1105.00	1012.56	1016.50	129608.00
chr9	140056321	140056540	219	219	0.00	2815.00	1775.31	2091.00	388793.00
chr11	78379981	78380253	272	272	24.00	138.00	59.20	52.00	16102.00
chr3	11070420	11070533	113	113	780.00	1039.00	898.66	870.00	101549.00
chr1	109812554	109813222	668	668	1.00	1180.00	493.60	705.50	329725.00
chr2	220161954	220162155	201	201	1596.00	3131.00	2481.82	2579.00	498845.00
chr15	74706887	74707086	199	199	372.00	601.00	455.28	443.00	90600.00
chr17	7318829	7319426	597	597	337.00	831.00	583.15	578.00	348139.00
chr1	21560050	21560154	104	104	68.00	113.00	87.56	83.00	9106.00
chr1	25573799	25573952	153	153	64.00	730.00	436.69	506.00	66813.00
chr14	93198993	93199160	167	167	174.00	253.00	205.17	205.00	34263.00
chr1	205554003	205554119	116	116	791.00	976.00	888.71	888.50	103090.00
chr1	9795005	9795232	227	227	2603.00	4282.00	3455.51	3584.00	784400.00
chr17	42426525	42426670	145	145	125.00	303.00	215.28	212.00	31216.00
chr18	70205887	70206179	292	292	0.00	217.00	62.70	15.00	18308.00
chr1	205553082	205553251	169	169	838.00	1042.00	933.66	933.00	157789.00
chr9	140056623	140056766	143	143	5.00	2786.00	2036.87	2380.00	291272.00
chr6	33412147	33412394	247	247	0.00	1406.00	723.77	902.00	178771.00
chr12	89992366	89992547	181	181	5.00	1883.00	1480.76	1733.00	268018.00
chr2	220088827	220089576	749	749	257.00	489.00	371.08	365.00	277941.00
chr14	100763073	100765222	2149	2149	23.00	301.00	79.97	78.00	171851.00
chr1	110740697	110742543	1846	1846	14.00	1877.00	1119.07	1107.50	2065801.00
chr1	149878201	149879758	1557	1557	2.00	2092.00	517.98	29.00	806488.00
chr3	197264139	197265259	1120	1120	0.00	82.00	9.70	4.00	10869.00
chr8	56449623	56450530	907	907	8.00	158.00	55.23	47.00	50090.00
chr9	139354208	139354326	118	118	143.00	202.00	169.15	170.00	19960.00
chr1	32204908	32205236	328	328	1167.00	1775.00	1514.92	1591.50	496895.00
chr7	75608768	75608897	129	129	162.00	236.00	196.37	195.00	25332.00
chr19	45161029	45161178	149	149	27.00	225.00	154.88	169.00	23077.00
chr19	5243911	5244493	582	582	111.00	301.00	202.88	201.00	118077.00
chr6	32119585	32119717	132	132	19.00	982.00	441.35	441.00	58258.00
chr3	42670878	42672067	1189	1189	0.00	78.00	7.74	3.00	9204.00
chr11	45892392	45892485	93	93	439.00	563.00	501.54	502.00	46643.00
chr17	80040789	80040991	202	202	1097.00	1507.00	1278.44	1290.00	258244.00
chr2	74902875	74903036	161	161	94.00	149.00	122.74	125.00	19761.00
chr17	38335969	38337946	1977	1977	0.00	399.00	32.91	17.00	65062.00
chr16	87870103	87870253	150	150	426.00	630.00	537.81	533.50	80672.00
chr1	32205947	32206142	195	195	961.00	1646.00	1291.44	1296.00	251830.00
chr6	44117553	44117702	149	149	4.00	642.00	403.05	548.00	60055.00
chr1	159163659	159163830	171	171	1944.00	2584.00	2280.68	2272.00	389996.00
chr3	445565	446023	458	458	6.00	35.00	18.79	19.00	8608.00
chr2	25048913	25048995	82	82	263.00	365.00	311.39	296.00	25534.00
chr10	99504485	99504672	187	187	174.00	318.00	234.94	237.00	43933.00
chr4	54364807	54365010	203	203	142.00	272.00	188.63	180.00	38291.00
chr17	1634367	1634552	185	185	34.00	84.00	59.46	53.00	11000.00
chr7	72416124	72416247	123	123	289.00	399.00	333.63	324.00	41037.00
chr1	208212169	208212329	160	160	146.00	215.00	172.07	170.00	27531.00
chr9	140952500	140952702	202	202	84.00	161.00	117.97	113.00	23830.00
chr6	44197325	44197528	203	203	125.00	178.00	151.55	152.00	30765.00
chr6	44197643	44198218	575	575	28.00	237.00	100.94	82.00	58040.00
chr11	118981972	118982084	112	112	662.00	832.00	757.43	757.00	84832.00
chr5	150503846	150503952	106	106	6.00	4772.00	3202.50	4025.00	339465.00
chr11	118981761	118981878	117	117	594.00	804.00	680.75	668.00	79648.00
chr11	126314873	126315000	127	127	220.00	306.00	256.06	257.00	32519.00
chr1	159165808	159166244	436	436	1.00	2465.00	459.83	13.00	200484.00
chr7	134893542	134893750	208	208	26.00	79.00	56.82	55.00	11819.00
chr9	121976196	121976433	237	237	347.00	837.00	597.89	648.00	141699.00
chr19	54691042	54691169	127	127	670.00	1277.00	978.27	1012.00	124240.00
chr22	38621430	38621600	170	170	634.00	899.00	783.86	788.50	133257.00
chr13	42035681	42036205	524	524	0.00	18.00	5.40	4.00	2828.00
chr20	1915360	1915413	53	53	25.00	3048.00	2248.47	2869.00	119169.00
chr5	14496987	14497126	139	139	219.00	371.00	292.53	293.00	40662.00
chr12	56528125	56528212	87	87	123.00	178.00	146.82	145.00	12773.00
chr3	47466974	47467101	127	127	134.00	295.00	202.93	204.00	25772.00
chr17	7415476	7415663	187	187	207.00	446.00	305.64	307.00	57155.00
chr3	33588037	33589252	1215	1215	5.00	100.00	35.60	34.00	43260.00
chr7	887833	888615	782	782	6.00	156.00	50.03	34.00	39120.00
chr10	24813251	24813693	442	442	83.00	241.00	163.30	164.00	72178.00
chr1	109812045	109812213	168	168	547.00	758.00	617.18	600.50	103686.00
chr19	15276597	15276902	305	305	153.00	319.00	226.48	228.00	69075.00
chr16	2334779	2334999	220	220	455.00	632.00	547.15	556.00	120372.00
chr16	68404761	68405261	500	500	89.00	290.00	147.09	128.00	73545.00
chr4	110969111	110969871	760	760	10.00	148.00	66.39	66.00	50460.00
chr1	145693161	145693996	835	835	21.00	94.00	59.42	62.00	49615.00
chr7	44282848	44282932	84	84	1090.00	1407.00	1267.36	1287.00	106458.00
chr2	220164315	220164508	193	193	17.00	1301.00	576.21	48.00	111208.00
chr12	50472203	50472360	157	157	290.00	366.00	325.86	332.00	51160.00
chr2	220163768	220163833	65	65	1309.00	1619.00	1469.46	1446.00	95515.00
chr2	222289928	222290862	934	934	465.00	777.00	610.34	604.50	570061.00
chr12	57599133	57599268	135	135	259.00	447.00	338.51	344.00	45699.00
chr7	157475416	157475629	213	213	1176.00	1682.00	1374.27	1378.00	292719.00
chr1	32203800	32203927	127	127	1477.00	2078.00	1765.06	1734.00	224163.00
chr1	109811731	109811912	181	181	526.00	765.00	650.11	647.00	117670.00
chr9	140052830	140052975	145	145	1535.00	2278.00	1888.68	1871.00	273858.00
chr2	220161706	220161854	148	148	2293.00	3243.00	2739.49	2726.00	405444.00
chr16	29896906	29897070	164	164	699.00	1026.00	855.81	857.00	140353.00
chr16	47143393	47143622	229	229	121.00	255.00	164.23	153.00	37609.00
chr11	993753	993985	232	232	523.00	974.00	792.66	837.00	183896.00
chr9	124059698	124061137	1439	1439	0.00	82.00	30.18	30.00	43427.00
chr9	140350140	140350634	494	494	8.00	83.00	47.43	44.00	23431.00
chr11	14504577	14504697	120	120	98.00	205.00	140.79	125.00	16895.00
chr3	49898612	49898733	121	121	1393.00	1659.00	1519.26	1523.00	183831.00
chr9	131811659	131811777	118	118	157.00	209.00	180.78	183.00	21332.00
chr9	131810705	131810818	113	113	104.00	186.00	142.72	144.00	16127.00
chr1	223400935	223401080	145	145	413.00	592.00	499.54	503.00	72434.00
chr12	125612185	125612820	635	635	0.00	505.00	88.50	14.00	56197.00
chr2	220088590	220088744	154	154	398.00	662.00	548.39	544.00	84452.00
chr9	70888487	70888750	263	263	0.00	7.00	2.47	3.00	649.00
chr14	69813756	69813898	142	142	237.00	340.00	284.61	281.00	40414.00
chr2	47399145	47399890	745	745	6.00	810.00	70.52	53.00	52541.00
chr11	62688689	62689041	352	352	12.00	330.00	101.72	38.00	35807.00
chr6	43745205	43745407	202	202	8.00	278.00	192.13	199.00	38810.00
chr3	11072492	11072997	505	505	0.00	1242.00	238.26	29.00	120322.00
chr7	2696031	2696168	137	137	562.00	797.00	717.26	739.00	98264.00
chr16	14969196	14969279	83	83	681.00	1094.00	874.31	854.00	72568.00
chr17	7377847	7378026	179	179	10.00	26.00	16.87	16.00	3020.00
chr12	65639640	65639719	79	79	186.00	285.00	221.13	216.00	17469.00
chr12	50294912	50295108	196	196	3410.00	4748.00	3928.88	3908.00	770061.00
chr19	42485653	42485788	135	135	3583.00	4474.00	4037.33	4085.00	545039.00
chr10	99509230	99509343	113	113	171.00	340.00	254.06	255.00	28709.00
chr22	38883877	38888120	4243	4243	47.00	1324.00	270.20	205.00	1146452.00
chr12	49416372	49416658	286	286	184.00	268.00	223.48	224.00	63915.00
chr6	24843089	24843782	693	693	101.00	222.00	167.41	168.00	116012.00
chr5	176295561	176295665	104	104	430.00	628.00	535.47	547.00	55689.00
chr10	99510087	99510227	140	140	257.00	429.00	317.46	315.50	44444.00
chr1	159173658	159174770	1112	1112	36.00	329.00	122.28	102.00	135976.00
chr11	1780745	1780869	124	124	2529.00	3454.00	3041.57	3092.00	377155.00
chr19	42486059	42486258	199	199	2270.00	4803.00	3585.07	3635.00	713428.00
chr3	47465422	47465535	113	113	180.00	322.00	272.42	281.00	30784.00
chr1	21573713	21573856	143	143	59.00	125.00	91.99	94.00	13154.00
chr11	65320330	65320453	123	123	187.00	264.00	236.33	242.00	29068.00
chr3	47462420	47462519	99	99	274.00	498.00	413.37	443.00	40924.00
chr2	219204751	219204864	113	113	190.00	333.00	284.05	293.00	32098.00
chr1	43906123	43906257	134	134	23.00	115.00	69.35	56.00	9293.00
chr7	38785158	38785840	682	682	0.00	862.00	90.72	31.00	61870.00
chr2	153499932	153500058	126	126	194.00	278.00	230.51	229.50	29044.00
chr1	32203011	32203132	121	121	0.00	1883.00	1458.72	1708.00	176505.00
chr22	42290823	42290941	118	118	1232.00	2228.00	1894.69	1937.50	223573.00
chr19	47940718	47940818	100	100	702.00	1010.00	820.69	790.50	82069.00
chr4	119539150	119539274	124	124	7.00	35.00	20.26	21.00	2512.00
chr17	44117067	44117250	183	183	102.00	229.00	174.16	181.00	31871.00
chr19	42485873	42485983	110	110	2958.00	3698.00	3413.73	3451.50	375510.00
chr6	44114583	44114664	81	81	189.00	274.00	237.15	240.00	19209.00
chr19	47941105	47941292	187	187	0.00	1194.00	730.42	1050.00	136589.00
chr11	73074250	73074500	250	250	295.00	493.00	396.68	396.00	99170.00
chr3	33418764	33418825	61	61	641.00	731.00	689.00	696.00	42029.00
chr1	700258	700505	247	247	2.00	40.00	18.80	14.00	4644.00
chr9	74319510	74319719	209	209	79.00	199.00	112.10	102.00	23428.00
chr16	2336694	2336968	274	274	273.00	783.00	540.93	569.50	148215.00
chr20	3575125	3575219	94	94	174.00	267.00	224.01	218.00	21057.00
chr9	139231377	139231529	152	152	169.00	277.00	231.78	236.00	35230.00
chr5	140515951	140516498	547	547	1.00	105.00	35.34	27.00	19329.00
chr1	21938208	21938309	101	101	893.00	1237.00	1073.31	1059.00	108404.00
chr3	155659188	155659936	748	748	38.00	237.00	133.44	145.00	99813.00
chr16	27483068	27483241	173	173	236.00	468.00	360.91	387.00	62438.00
chr11	994071	994245	174	174	281.00	687.00	524.36	604.00	91238.00
chr7	71175745	71175913	168	168	1156.00	1534.00	1359.54	1367.50	228402.00
chr12	121204065	121204175	110	110	593.00	778.00	681.95	685.50	75015.00
chr7	73118679	73118753	74	74	2094.00	2285.00	2200.73	2198.50	162854.00
chr9	140972565	140972710	145	145	105.00	168.00	133.52	135.00	19360.00
chr12	121683329	121684024	695	695	0.00	17.00	3.48	1.00	2422.00
chr16	74493579	74493687	108	108	364.00	451.00	409.05	412.00	44177.00
chr2	36771518	36771641	123	123	297.00	540.00	408.89	426.00	50293.00
chr7	94187181	94187996	815	815	13.00	188.00	83.16	80.00	67779.00
chr14	94156951	94157239	288	288	4.00	17.00	12.14	13.00	3496.00
chr7	121739000	121739524	524	524	0.00	33.00	10.84	8.00	5679.00
chr1	19549117	19549328	211	211	150.00	394.00	248.63	222.00	52460.00
chr19	5214571	5214747	176	176	209.00	776.00	457.68	412.50	80552.00
chr19	42557753	42557861	108	108	387.00	765.00	558.18	554.50	60283.00
chr15	102510686	102510925	239	239	8.00	72.00	37.41	38.00	8942.00
chr5	167673761	167675376	1615	1615	35.00	274.00	133.29	119.00	215257.00
chr7	44282158	44282253	95	95	1001.00	1513.00	1178.31	1099.00	111939.00
chr2	160621061	160621717	656	656	0.00	426.00	49.50	21.00	32475.00
chr5	10426501	10426634	133	133	596.00	826.00	705.88	709.00	93882.00
chr16	1814301	1814460	159	159	962.00	1248.00	1117.13	1119.00	177623.00
chr11	21581734	21581928	194	194	344.00	527.00	441.75	451.00	85700.00
chr3	126749085	126749255	170	170	257.00	445.00	371.48	378.00	63152.00
chr11	12237765	12237866	101	101	381.00	637.00	505.89	485.00	51095.00
chr6	31750872	31750963	91	91	168.00	228.00	198.76	200.00	18087.00
chr3	53124201	53124398	197	197	15.00	65.00	38.43	47.00	7570.00
chr2	220161470	220161544	74	74	2853.00	3196.00	3022.15	3022.00	223639.00
chr2	128951046	128951785	739	739	69.00	176.00	117.27	116.00	86661.00
chr5	24535811	24535931	120	120	95.00	139.00	116.88	118.00	14025.00
chr1	44083406	44083582	176	176	574.00	806.00	675.79	676.00	118939.00
chr1	32207653	32207818	165	165	885.00	1037.00	960.20	961.00	158433.00
chr12	7293754	7294000	246	246	3.00	1384.00	799.13	1128.00	196585.00
chr3	131442289	131442469	180	180	114.00	209.00	160.65	173.50	28917.00
chr3	49898871	49899298	427	427	82.00	1770.00	827.57	1303.00	353373.00
chr16	66432358	66432464	106	106	30.00	71.00	42.97	39.00	4555.00
chr1	20982593	20982680	87	87	841.00	1050.00	953.63	950.00	82966.00
chr16	68398653	68398809	156	156	133.00	246.00	172.17	167.00	26858.00
chr17	16676818	16678279	1461	1461	0.00	66.00	34.13	34.00	49857.00
chr1	109814899	109815027	128	128	1275.00	1681.00	1512.31	1519.50	193576.00
chr1	21940478	21940582	104	104	1185.00	1516.00	1368.17	1375.00	142290.00
chr20	57468284	57468793	509	509	1.00	26.00	11.84	10.00	6027.00
chr3	127358087	127358366	279	279	579.00	1693.00	1227.77	1235.00	342549.00
chr3	126735359	126735527	168	168	176.00	301.00	245.54	253.00	41250.00
chr10	103869140	103869264	124	124	716.00	895.00	815.77	821.00	101155.00
chr20	44520554	44520666	112	112	277.00	431.00	355.64	351.50	39832.00
chr1	32203252	32203356	104	104	1495.00	1809.00	1669.53	1662.50	173631.00
chr21	40186196	40186316	120	120	430.00	553.00	502.42	507.00	60290.00
chr5	111067153	111068349	1196	1196	2.00	41.00	15.78	16.00	18875.00
chr9	128002954	128003186	232	232	577.00	839.00	697.30	691.00	161774.00
chr1	43408896	43408992	96	96	428.00	535.00	487.02	492.50	46754.00
chr3	47463931	47464026	95	95	213.00	300.00	260.89	261.00	24785.00
chr2	220161160	220161238	78	78	2940.00	3391.00	3180.19	3188.50	248055.00
chr11	62472772	62473089	317	317	3317.00	4714.00	3994.98	3994.00	1266409.00
chr9	130986341	130986906	565	565	0.00	1273.00	256.36	2.00	144841.00
chr14	69358769	69359000	231	231	248.00	650.00	444.26	473.00	102624.00
chr11	64416205	64416379	174	174	597.00	884.00	737.59	740.00	128340.00
chr17	8398454	8398559	105	105	568.00	824.00	682.52	677.00	71665.00
chr12	53572943	53574193	1250	1250	1.00	118.00	37.17	30.00	46468.00
chr17	17696544	17701827	5283	5283	17.00	491.00	178.57	140.00	943407.00
chr8	11705187	11705331	144	144	2199.00	3253.00	2849.77	2803.00	410367.00
chr19	54963829	54963931	102	102	259.00	330.00	289.27	288.00	29506.00
chr2	70451682	70456295	4613	4613	0.00	292.00	45.04	33.00	207747.00
chr11	118873959	118874169	210	210	0.00	5.00	2.40	0.00	505.00
chr10	75548427	75548581	154	154	51.00	80.00	67.88	70.00	10454.00
chr6	33414351	33414563	212	212	794.00	1217.00	1071.47	1082.50	227152.00
chr17	80042910	80043032	122	122	397.00	549.00	477.37	487.50	58239.00
chr11	11470290	11470483	193	193	205.00	365.00	288.75	299.00	55729.00
chr8	23294446	23294771	325	325	174.00	368.00	276.20	266.00	89766.00
chr1	116932060	116932663	603	603	0.00	2368.00	776.74	13.00	468375.00
chr15	83222627	83222741	114	114	221.00	313.00	271.55	279.50	30957.00
chr3	9841562	9841751	189	189	38.00	116.00	81.54	84.00	15412.00
chr1	116937731	116937907	176	176	2679.00	4633.00	3303.27	3190.00	581375.00
chr16	87868019	87868197	178	178	331.00	522.00	401.79	387.00	71518.00
chr3	124209540	124209731	191	191	967.00	1396.00	1207.08	1235.00	230553.00
chr7	71142195	71142291	96	96	918.00	1152.00	1016.40	1034.50	97574.00
chr5	130497324	130497584	260	260	9.00	29.00	17.83	18.00	4636.00
chr13	100199238	100199358	120	120	787.00	978.00	878.98	868.00	105477.00
chr5	139943336	139943506	170	170	29.00	464.00	387.72	392.50	65912.00
chr17	74395529	74396002	473	473	124.00	232.00	178.11	177.00	84247.00
chr14	93179149	93179216	67	67	258.00	360.00	290.28	287.00	19449.00
chr4	160277004	160277310	306	306	62.00	989.00	603.58	692.50	184695.00
chr17	40666306	40666478	172	172	2226.00	3076.00	2737.18	2743.50	470795.00
chr15	34828065	34828207	142	142	18.00	301.00	209.68	235.50	29775.00
chr14	100165802	100165876	74	74	1460.00	1823.00	1668.73	1679.00	123486.00
chr22	20128089	20128231	142	142	29.00	467.00	245.06	331.00	34798.00
chr12	3392210	3394421	2211	2211	3.00	380.00	144.55	120.00	319602.00
chr17	16687866	16690667	2801	2801	0.00	123.00	28.71	23.00	80419.00
chr6	31664724	31664810	86	86	314.00	439.00	387.78	398.00	33349.00
chr6	30627512	30627611	99	99	148.00	239.00	189.48	186.00	18759.00
chr11	18752834	18755060	2226	2226	0.00	1765.00	163.09	33.00	363028.00
chr12	109332602	109332731	129	129	656.00	944.00	796.51	817.00	102750.00
chr6	90072884	90073110	226	226	6.00	73.00	37.76	45.00	8534.00
chr16	2689371	2689711	340	340	41.00	118.00	78.34	78.00	26635.00
chr1	20987373	20987484	111	111	557.00	962.00	821.23	830.00	91156.00
chr14	85985300	85986667	1367	1367	0.00	60.00	26.84	22.00	36686.00
chr13	32863769	32863880	111	111	351.00	447.00	398.68	393.00	44253.00
chr16	1510418	1510528	110	110	130.00	173.00	148.20	149.00	16302.00
chr19	54963269	54963444	175	175	213.00	344.00	277.32	273.00	48531.00
chr6	44224078	44224233	155	155	170.00	278.00	210.29	210.00	32595.00
chr20	3151172	3152285	1113	1113	0.00	40.00	17.49	19.00	19461.00
chr1	892273	892405	132	132	269.00	379.00	319.08	318.00	42119.00
chr16	90192167	90192724	557	557	0.00	33.00	12.75	10.00	7099.00
chr9	111663704	111663810	106	106	81.00	133.00	106.34	107.00	11272.00
chr6	44108764	44108835	71	71	205.00	286.00	235.41	234.00	16714.00
chr1	36028802	36029027	225	225	5775.00	9188.00	6902.24	6454.00	1553003.00
chr11	66807259	66807674	415	415	5.00	329.00	220.24	215.00	91400.00
chr1	178426817	178427679	862	862	65.00	203.00	115.37	114.00	99451.00
chr19	42482302	42482478	176	176	4035.00	5183.00	4396.09	4356.50	773712.00
chr1	44084718	44084873	155	155	500.00	913.00	670.56	629.00	103937.00
chr1	109812315	109812442	127	127	663.00	850.00	742.70	728.00	94323.00
chr3	180324268	180324391	123	123	89.00	227.00	161.05	171.00	19809.00
chr15	63933668	63933842	174	174	174.00	294.00	229.97	217.00	40014.00
chr20	44521363	44521519	156	156	378.00	551.00	464.90	468.50	72525.00
chr3	33416779	33416910	131	131	376.00	671.00	474.57	433.00	62169.00
chr1	21934624	21934843	219	219	0.00	1799.00	839.46	1178.00	183842.00
chr14	69799801	69799886	85	85	114.00	155.00	126.42	126.00	10746.00
chr1	116936134	116936345	211	211	0.00	3238.00	2695.11	2952.00	568668.00
chr14	23634493	23634645	152	152	75.00	147.00	119.62	129.00	18182.00
chr16	1402538	1402947	409	409	6.00	42.00	19.11	18.00	7818.00
chr9	20331	25000	4669	4669	0.00	257.00	24.70	15.00	115316.00
chr17	43545574	43545959	385	385	28.00	162.00	83.62	75.00	32193.00
chr13	100201418	100201476	58	58	949.00	1084.00	1001.41	1003.00	58082.00
chr15	41865505	41865665	160	160	914.00	1579.00	1173.47	1118.50	187756.00
chr19	19641688	19642196	508	508	0.00	24.00	11.19	10.00	5683.00
chr11	134147593	134148159	566	566	10.00	83.00	40.54	31.00	22946.00
chr2	71656420	71657290	870	870	7.00	98.00	37.52	34.00	32640.00
chr7	97834775	97835016	241	241	361.00	629.00	508.04	523.00	122438.00
chr19	13363804	13363915	111	111	141.00	209.00	173.04	169.00	19207.00
chr18	31328383	31329011	628	628	5.00	57.00	27.15	23.00	17053.00
chr16	66431884	66432009	125	125	14.00	55.00	37.01	37.00	4626.00
chr19	47935155	47935702	547	547	0.00	1632.00	682.09	792.00	373104.00
chr12	50291769	50291873	104	104	2483.00	3181.00	2747.05	2738.00	285693.00
chr11	1780198	1780317	119	119	2570.00	3421.00	2929.93	2903.00	348662.00
chr15	65392626	65393167	541	541	0.00	28.00	7.09	3.00	3837.00
chr2	86397871	86397967	96	96	255.00	336.00	294.49	290.50	28271.00
chr7	97866087	97866233	146	146	170.00	260.00	220.11	225.50	32136.00
chr11	60687157	60687402	245	245	115.00	371.00	269.76	287.00	66090.00
chr21	43307700	43309453	1753	1753	21.00	176.00	95.73	94.00	167812.00
chr14	24619269	24619657	388	388	68.00	192.00	119.76	108.50	46465.00
chr11	65320634	65320727	93	93	191.00	261.00	218.34	207.00	20306.00
chr16	29891184	29891385	201	201	960.00	1416.00	1124.52	1134.00	226029.00
chr1	32207224	32207326	102	102	1054.00	1630.00	1264.35	1262.50	128964.00
chr11	72300218	72300394	176	176	0.00	1293.00	422.28	8.00	74321.00
chr17	7608878	7609038	160	160	118.00	328.00	212.22	218.00	33955.00
chr19	7607646	7607814	168	168	389.00	558.00	476.15	489.00	79994.00
chr19	54966129	54966271	142	142	201.00	288.00	247.95	253.00	35209.00
chr12	57995027	57995131	104	104	358.00	449.00	412.89	415.00	42941.00
chr1	27428875	27429049	174	174	159.00	235.00	197.66	197.50	34392.00
chr2	27688277	27688385	108	108	32.00	83.00	54.70	53.50	5908.00
chr16	2691449	2692254	805	805	19.00	140.00	90.07	88.00	72503.00
chr9	131503813	131503933	120	120	742.00	1037.00	877.51	843.50	105301.00
chr16	2347766	2347922	156	156	284.00	403.00	332.31	325.00	51840.00
chr17	80039884	80040036	152	152	916.00	1102.00	1006.53	1007.50	152992.00
chr1	32204432	32204538	106	106	1494.00	2015.00	1745.97	1753.50	185073.00
chr12	9242951	9243078	127	127	618.00	783.00	681.61	670.00	86565.00
chr3	49702661	49702751	90	90	457.00	592.00	519.42	516.50	46748.00
chr19	35820359	35820837	478	478	10.00	77.00	44.68	42.00	21356.00
chr1	201456762	201457615	853	853	22.00	148.00	64.88	60.00	55343.00
chr16	2334279	2334438	159	159	378.00	611.00	473.47	468.00	75282.00
chr10	73578373	73578481	108	108	11786.00	14210.00	12644.36	12523.00	1365591.00
chr16	18530550	18530756	206	206	10.00	1415.00	756.43	1092.00	155825.00
chr16	16369094	16369300	206	206	10.00	1381.00	739.88	1069.50	152416.00
chr13	113975636	113975785	149	149	18.00	2101.00	832.74	33.00	124078.00
chr11	119293822	119294227	405	405	20.00	7896.00	773.04	116.00	313080.00
chr5	150505962	150506041	79	79	2495.00	3522.00	2931.62	2823.00	231598.00
chr22	44224939	44225078	139	139	2187.00	3199.00	2655.73	2609.00	369146.00
chr15	41865199	41865309	110	110	1015.00	1303.00	1140.37	1133.50	125441.00
chr17	25633807	25636298	2491	2491	5.00	970.00	292.14	230.00	727720.00
chr15	72495155	72495529	374	374	13.00	10963.00	4047.36	36.00	1513712.00
chr9	42540272	42542124	1852	1852	0.00	49.00	22.04	21.00	40819.00
chr11	119290760	119291704	944	944	8.00	12129.00	4165.34	63.00	3932083.00
chr19	5219949	5220165	216	216	282.00	493.00	397.40	387.50	85838.00
chr15	63910769	63911153	384	384	0.00	8.00	1.98	1.00	761.00
chr17	74393879	74393969	90	90	207.00	318.00	273.14	281.00	24583.00
chr10	104129467	104129532	65	65	99.00	139.00	118.34	117.00	7692.00
chr3	142454224	142454620	396	396	0.00	24.00	11.22	10.00	4444.00
chr12	121205196	121205396	200	200	396.00	745.00	561.73	558.00	112345.00
chr3	31705570	31705724	154	154	60.00	131.00	91.76	92.50	14131.00
chr6	118635190	118636593	1403	1403	48.00	288.00	204.52	203.00	286937.00
chr8	10339867	10340829	962	962	0.00	40.00	15.10	16.00	14526.00
chr19	16952578	16952779	201	201	252.00	461.00	372.60	384.00	74892.00
chr8	110984486	110985016	530	530	141.00	364.00	198.94	190.00	105439.00
chr9	128001219	128001610	391	391	796.00	1770.00	1369.34	1435.00	535412.00
chr11	73070878	73070997	119	119	204.00	311.00	259.40	254.00	30869.00
chr10	104130140	104130235	95	95	124.00	197.00	163.52	167.00	15534.00
chr5	95733039	95733173	134	134	129.00	197.00	162.90	160.00	21829.00
chr19	59059400	59059547	147	147	497.00	716.00	585.61	583.00	86085.00
chr5	139943169	139943255	86	86	23.00	423.00	347.97	381.00	29925.00
chr17	73487771	73487981	210	210	188.00	362.00	275.97	286.00	57954.00
chr1	154315588	154315777	189	189	57.00	188.00	110.97	92.00	20974.00
chr14	95652726	95653070	344	344	37.00	76.00	57.60	59.00	19815.00
chr12	123639801	123640772	971	971	11.00	96.00	38.27	37.00	37158.00
chr22	47064870	47065171	301	301	0.00	3.00	0.84	0.00	252.00
chr5	24535220	24535388	168	168	82.00	148.00	117.53	117.00	19745.00
chr12	6806452	6806958	506	506	594.00	1752.00	1155.57	1191.00	584716.00
chr22	29881711	29881836	125	125	764.00	1011.00	909.73	915.00	113716.00
chr7	75894681	75894786	105	105	116.00	199.00	160.36	157.00	16838.00
chr12	121089007	121095893	6886	6886	0.00	237.00	40.77	33.00	280731.00
chr1	207940357	207942365	2008	2008	1.00	464.00	72.31	41.00	145206.00
chr7	154681166	154681240	74	74	1383.00	1912.00	1675.49	1630.50	123986.00
chr5	131696513	131697529	1016	1016	0.00	45.00	10.94	8.00	11118.00
chr11	1776135	1776258	123	123	2377.00	3168.00	2683.88	2634.00	330117.00
chr8	11706554	11706673	119	119	2189.00	2910.00	2483.82	2468.00	295574.00
chr11	18759426	18759511	85	85	853.00	1140.00	981.45	980.00	83423.00
chr16	61689373	61689625	252	252	192.00	310.00	251.35	252.00	63341.00
chr15	51750702	51750824	122	122	357.00	480.00	398.16	396.00	48575.00
chr9	35555056	35555698	642	642	564.00	1196.00	838.81	826.00	538516.00
chr2	198356200	198356621	421	421	0.00	7.00	3.80	4.00	1601.00
chr9	131001723	131001794	71	71	5097.00	5850.00	5588.24	5626.00	396765.00
chr19	5214371	5214491	120	120	429.00	717.00	628.02	669.00	75363.00
chr22	35719488	35719623	135	135	391.00	512.00	456.58	471.00	61638.00
chr12	121678738	121679829	1091	1091	0.00	35.00	14.03	13.00	15302.00
chr14	23820960	23821064	104	104	3338.00	4325.00	3857.16	3972.00	401145.00
chr1	32205710	32205779	69	69	1091.00	1329.00	1179.28	1163.00	81370.00
chr3	33420176	33420326	150	150	10.00	748.00	280.05	21.00	42007.00
chr9	114820707	114820966	259	259	78.00	228.00	143.48	137.00	37162.00
chr15	41865876	41866023	147	147	13.00	1992.00	1493.91	1607.00	219605.00
chr19	55554308	55554637	329	329	4.00	28.00	14.91	15.00	4905.00
chr1	116933403	116933513	110	110	2320.00	3011.00	2600.97	2558.00	286107.00
chr19	15374230	15374359	129	129	101.00	178.00	150.13	156.00	19367.00
chr12	56090682	56090852	170	170	150.00	269.00	213.67	215.00	36324.00
chr14	69445668	69445876	208	208	119.00	260.00	194.61	203.00	40478.00
chr12	57603474	57603651	177	177	699.00	970.00	829.15	842.00	146760.00
chr22	32897492	32898946	1454	1454	21.00	178.00	92.46	95.00	134440.00
chr16	16367702	16367764	62	62	0.00	491.00	246.23	239.50	15266.00
chr19	5245786	5246056	270	270	219.00	322.00	271.75	273.00	73372.00
chr16	74345440	74345829	389	389	0.00	46.00	16.57	10.00	6447.00
chr6	107096899	107097076	177	177	68.00	91.00	78.60	78.00	13912.00
chr1	29641883	29642019	136	136	198.00	330.00	261.48	273.00	35561.00
chr8	97342440	97342509	69	69	556.00	669.00	611.52	600.00	42195.00
chr8	68116914	68117054	140	140	151.00	264.00	196.17	196.00	27464.00
chr22	22037470	22037546	76	76	110.00	173.00	142.37	142.00	10820.00
chr22	50682147	50683420	1273	1273	18.00	220.00	101.06	97.00	128646.00
chr20	44048971	44049069	98	98	431.00	546.00	510.67	520.50	50046.00
chr1	36904356	36904511	155	155	182.00	285.00	244.41	246.00	37883.00
chr12	71054719	71054877	158	158	335.00	444.00	395.96	401.50	62561.00
chr15	50654364	50655515	1151	1151	0.00	34.00	12.20	11.00	14046.00
chr2	234198499	234198620	121	121	143.00	248.00	190.00	192.00	22990.00
chr9	128001699	128001812	113	113	649.00	863.00	762.65	770.00	86179.00
chr8	38272296	38272419	123	123	191.00	325.00	231.72	219.00	28501.00
chr11	73068069	73068179	110	110	192.00	304.00	260.58	276.00	28664.00
chr16	28123137	28123327	190	190	544.00	737.00	664.33	677.50	126222.00
chr12	49424062	49424222	160	160	12.00	77.00	53.85	59.50	8616.00
chr19	50302885	50303023	138	138	704.00	889.00	796.35	796.50	109896.00
chr19	42480567	42480718	151	151	7054.00	8613.00	7878.49	8025.00	1189652.00
chr3	197904395	197905301	906	906	0.00	35.00	10.28	11.00	9317.00
chr13	100189992	100190117	125	125	386.00	454.00	417.96	416.00	52245.00
chr19	14268062	14268272	210	210	440.00	742.00	587.00	592.50	123269.00
chr10	93786886	93787057	171	171	187.00	276.00	236.47	233.00	40437.00
chr1	109808726	109808828	102	102	415.00	699.00	583.31	622.50	59498.00
chr4	134075461	134075520	59	59	588.00	722.00	654.20	655.00	38598.00
chr1	22052268	22053864	1596	1596	0.00	68.00	14.33	10.00	22874.00
chr9	140056855	140056968	113	113	2666.00	3900.00	3319.32	3397.00	375083.00
chr19	42482087	42482224	137	137	5109.00	7826.00	6239.79	6271.00	854851.00
chr19	4556962	4557025	63	63	1267.00	1476.00	1369.06	1352.00	86251.00
chr19	14266921	14267013	92	92	795.00	1110.00	950.13	931.00	87412.00
chr22	42273851	42274127	276	276	12.00	1609.00	932.18	1310.00	257283.00
chr1	205549788	205550049	261	261	207.00	979.00	539.38	534.00	140777.00
chr1	110765585	110766522	937	937	268.00	599.00	393.68	360.00	368877.00
chr19	55553595	55554158	563	563	5.00	33.00	17.26	17.00	9718.00
chr7	150929881	150931360	1479	1479	29.00	198.00	109.78	113.00	162363.00
chr3	124215157	124215260	103	103	861.00	1382.00	1162.42	1212.00	119729.00
chr16	58220658	58220760	102	102	180.00	273.00	237.09	241.00	24183.00
chr3	10381925	10382033	108	108	559.00	847.00	706.47	716.00	76299.00
chr10	11356101	11356221	120	120	242.00	364.00	319.02	330.50	38282.00
chr22	42294652	42294785	133	133	1890.00	2341.00	2154.13	2194.00	286499.00
chr1	2005531	2005714	183	183	28.00	86.00	65.49	70.00	11984.00
chr12	113722522	113722576	54	54	120.00	186.00	154.09	157.50	8321.00
chr9	131502198	131502398	200	200	0.00	1353.00	1109.08	1157.50	221815.00
chr19	40873602	40873786	184	184	3293.00	5059.00	4302.99	4498.50	791750.00
chr2	220162606	220162825	219	219	1082.00	1608.00	1329.34	1309.00	291126.00
chr16	28270027	28270355	328	328	6.00	99.00	54.76	59.00	17962.00
chr4	3225718	3225858	140	140	264.00	441.00	357.95	363.00	50113.00
chr17	44127898	44128070	172	172	108.00	221.00	163.80	168.00	28173.00
chr3	47462043	47462262	219	219	93.00	447.00	205.65	165.00	45037.00
chr6	99873090	99873182	92	92	53.00	245.00	136.74	128.00	12580.00
chr7	142561723	142562504	781	781	390.00	828.00	619.76	637.00	484034.00
chr1	159169540	159169666	126	126	3143.00	5244.00	4328.00	4541.00	545328.00
chr19	7606869	7606953	84	84	260.00	337.00	283.89	280.00	23847.00
chr16	2811561	2818298	6737	6737	0.00	1178.00	395.13	304.00	2661968.00
chr3	47450652	47450807	155	155	97.00	131.00	117.92	117.00	18277.00
chr11	118403631	118403922	291	291	365.00	540.00	445.59	446.00	129666.00
chr1	205555161	205555335	174	174	791.00	1046.00	902.66	893.00	157063.00
chr12	125603186	125603311	125	125	260.00	402.00	331.53	332.00	41441.00
chr11	86658288	86659498	1210	1210	22.00	113.00	58.49	56.00	70770.00
chr22	37764946	37768745	3799	3799	14.00	1303.00	419.25	385.00	1592741.00
chr10	46345664	46346215	551	551	0.00	55.00	14.57	12.00	8026.00
chr22	33673045	33673241	196	196	947.00	1269.00	1126.08	1134.50	220711.00
chr9	140042599	140042666	67	67	0.00	209.00	154.48	159.00	10350.00
chr3	48717233	48717320	87	87	290.00	429.00	358.13	363.00	31157.00
chr11	60681600	60681740	140	140	34.00	118.00	84.26	91.00	11796.00
chr10	93784512	93784724	212	212	129.00	247.00	177.28	167.50	37584.00
chr12	7289424	7290372	948	948	0.00	1294.00	299.03	26.00	283478.00
chr3	132387062	132387526	464	464	0.00	37.00	14.63	16.00	6788.00
chr16	2335442	2335647	205	205	537.00	744.00	640.92	647.00	131388.00
chr16	1794782	1797276	2494	2494	7.00	957.00	118.21	43.00	294822.00
chr16	3786036	3786204	168	168	116.00	213.00	176.53	178.00	29657.00
chr9	141131209	141131766	557	557	0.00	30.00	11.67	8.00	6499.00
chr14	92965028	92966015	987	987	7.00	72.00	30.42	27.00	30020.00
chr19	54692070	54692200	130	130	543.00	1324.00	846.55	742.50	110052.00
chr15	43866006	43866230	224	224	226.00	474.00	325.88	315.00	72998.00
chr3	40231316	40231954	638	638	188.00	354.00	281.21	291.50	179412.00
chr3	50148937	50149455	518	518	7.00	72.00	36.05	34.00	18676.00
chr4	81117505	81117755	250	250	47.00	131.00	87.69	90.00	21922.00
chr10	46740404	46740638	234	234	0.00	8.00	4.37	6.00	1022.00
chr3	124210169	124210271	102	102	895.00	1250.00	1133.23	1183.00	115589.00
chr11	107488830	107488932	102	102	470.00	607.00	547.76	553.00	55872.00
chr9	130591965	130592106	141	141	123.00	187.00	151.45	147.00	21355.00
chr1	20981932	20982027	95	95	855.00	1020.00	942.72	940.00	89558.00
chr12	75875613	75875859	246	246	66.00	164.00	114.21	110.00	28095.00
chr22	32046684	32046764	80	80	70.00	120.00	97.39	102.50	7791.00
chr11	70331418	70331658	240	240	24.00	191.00	93.71	102.00	22491.00
chr14	51079976	51080069	93	93	1293.00	1576.00	1466.67	1460.00	136400.00
chr17	80041077	80041301	224	224	711.00	1803.00	1215.90	1119.50	272361.00
chr7	158540884	158540971	87	87	378.00	521.00	435.61	441.00	37898.00
chr1	21553651	21553719	68	68	161.00	223.00	189.54	189.00	12889.00
chr2	219206256	219206349	93	93	263.00	439.00	337.46	346.00	31384.00
chr17	18444211	18445242	1031	1031	0.00	58.00	29.34	30.00	30251.00
chr12	57599340	57599460	120	120	425.00	610.00	531.86	533.00	63823.00
chr11	64417919	64418110	191	191	584.00	940.00	786.23	811.00	150169.00
chr19	3274926	3275650	724	724	5.00	51.00	27.39	26.00	19827.00
chr16	18532086	18532305	219	219	1059.00	2005.00	1468.59	1413.00	321622.00
chr17	3776702	3776756	54	54	1137.00	1606.00	1407.24	1410.00	75991.00
chr1	116932670	116933033	363	363	8.00	2575.00	1301.72	2197.00	472525.00
chr16	1505731	1505796	65	65	293.00	360.00	333.28	333.00	21663.00
chr1	9794029	9794200	171	171	3518.00	4062.00	3865.22	3880.00	660952.00
chr10	73579221	73579379	158	158	7416.00	9691.00	8265.68	8267.00	1305978.00
chr11	6411684	6412146	462	462	64.00	288.00	193.00	196.00	89166.00
chr1	159163212	159163350	138	138	2038.00	2625.00	2228.96	2205.50	307596.00
chr16	1816723	1816804	81	81	1410.00	1835.00	1624.19	1620.00	131559.00
chr7	91722399	91722630	231	231	4.00	210.00	152.41	158.00	35207.00
chr7	44281816	44281939	123	123	1493.00	1861.00	1690.62	1711.00	207946.00
chr2	220467189	220467297	108	108	90.00	141.00	116.24	114.00	12554.00
chr16	4494664	4494729	65	65	398.00	494.00	456.31	454.00	29660.00
chr15	34681844	34681986	142	142	18.00	455.00	286.61	271.00	40699.00
chr9	139995935	139996124	189	189	263.00	458.00	360.92	363.00	68213.00
chr3	180324040	180324160	120	120	102.00	165.00	135.90	135.00	16308.00
chr3	42678359	42681242	2883	2883	27.00	250.00	125.25	122.00	361084.00
chr7	131812776	131815333	2557	2557	0.00	265.00	121.50	114.00	310667.00
chr20	1585387	1585522	135	135	58.00	739.00	408.04	423.00	55086.00
chr3	126751229	126751442	213	213	353.00	563.00	487.18	490.00	103769.00
chr15	63920875	63921014	139	139	460.00	684.00	578.55	592.00	80418.00
chr16	2040128	2040202	74	74	401.00	535.00	483.89	504.50	35808.00
chr9	74324174	74324390	216	216	79.00	135.00	107.40	108.50	23199.00
chr20	44521858	44521950	92	92	467.00	544.00	508.93	511.00	46822.00
chr9	139911647	139911798	151	151	568.00	877.00	686.07	653.00	103597.00
chr9	140055507	140055649	142	142	958.00	1661.00	1351.45	1431.50	191906.00
chr12	120148055	120148191	136	136	282.00	372.00	322.15	321.00	43812.00
chr12	50474280	50474372	92	92	234.00	377.00	303.27	304.00	27901.00
chr15	63125702	63125828	126	126	473.00	674.00	561.82	552.50	70789.00
chr9	20907148	20907241	93	93	89.00	177.00	130.72	124.00	12157.00
chr16	87874655	87874761	106	106	247.00	311.00	279.27	279.00	29603.00
chr2	162833269	162833460	191	191	2.00	1827.00	1006.08	1578.00	192162.00
chr8	11704560	11704677	117	117	1854.00	2645.00	2163.11	2078.00	253084.00
chr15	63926931	63927087	156	156	233.00	458.00	338.03	350.50	52732.00
chr6	31668718	31668805	87	87	287.00	409.00	335.60	333.00	29197.00
chr7	148910792	148910906	114	114	22.00	78.00	43.19	52.00	4924.00
chr14	42355808	42357213	1405	1405	80.00	331.00	205.16	209.00	288243.00
chr10	88678928	88679226	298	298	41.00	122.00	80.37	79.00	23951.00
chr3	140998219	140998346	127	127	95.00	190.00	133.57	127.00	16964.00
chr1	144859758	144859998	240	240	389.00	548.00	462.50	460.50	111000.00
chr9	96054772	96055455	683	683	226.00	529.00	388.40	391.00	265277.00
chr19	7604803	7604944	141	141	211.00	322.00	247.33	246.00	34873.00
chr12	30906277	30907432	1155	1155	0.00	205.00	53.49	37.00	61785.00
chr9	131112762	131112854	92	92	288.00	420.00	357.65	377.00	32904.00
chr20	61981328	61982379	1051	1051	85.00	343.00	226.23	240.00	237767.00
chr7	38431348	38431618	270	270	747.00	1129.00	949.44	960.00	256348.00
chr20	44521036	44521123	87	87	314.00	390.00	346.20	352.00	30119.00
chr11	64418726	64419108	382	382	429.00	849.00	599.82	586.00	229130.00
chr12	120148344	120150270	1926	1926	0.00	525.00	68.59	17.00	132095.00
chr12	6930971	6931066	95	95	13.00	972.00	498.04	494.00	47314.00
chr16	2339434	2339621	187	187	302.00	371.00	335.42	335.00	62723.00
chr2	27700083	27700187	104	104	26.00	70.00	47.81	40.00	4972.00
chr14	69805367	69805494	127	127	153.00	255.00	204.10	206.00	25921.00
chr12	9242497	9242619	122	122	579.00	739.00	667.83	666.50	81475.00
chr3	58256658	58256791	133	133	355.00	539.00	447.41	421.00	59505.00
chr10	79744927	79745098	171	171	83.00	192.00	144.02	151.00	24627.00
chr1	159161725	159161866	141	141	1461.00	1785.00	1637.16	1666.00	230840.00
chr16	31085202	31085519	317	317	22.00	65.00	40.47	40.00	12828.00
chr1	171755018	171755218	200	200	134.00	229.00	178.12	176.00	35623.00
chr9	130988124	130989280	1156	1156	0.00	3568.00	328.65	9.00	379914.00
chr15	63127935	63127998	63	63	491.00	606.00	560.05	559.00	35283.00
chr19	1917676	1917821	145	145	34.00	462.00	357.09	394.00	51778.00
chr22	25315792	25315960	168	168	172.00	307.00	235.72	232.00	39601.00
chr2	207943790	207945085	1295	1295	20.00	206.00	110.22	103.00	142741.00
chr11	47330706	47330952	246	246	0.00	773.00	323.85	36.00	79667.00
chr3	142743978	142746095	2117	2117	0.00	215.00	41.63	32.00	88126.00
chr7	44839492	44839694	202	202	4.00	19.00	10.14	11.00	2049.00
chr22	31688260	31688471	211	211	0.00	350.00	152.56	156.00	32191.00
chr11	66333492	66333638	146	146	1271.00	1652.00	1449.49	1458.50	211625.00
chr9	131114916	131115026	110	110	398.00	490.00	449.34	453.00	49427.00
chr1	20206	21013	807	807	0.00	85.00	23.13	1.00	18669.00
chr11	108216469	108216635	166	166	62.00	161.00	103.99	91.00	17262.00
chr1	209778880	209779019	139	139	297.00	376.00	343.77	348.00	47784.00
chr1	202935876	202936026	150	150	265.00	492.00	375.75	374.00	56362.00
chr12	57600255	57600524	269	269	439.00	766.00	594.89	585.00	160026.00
chr19	15233503	15233615	112	112	246.00	376.00	320.57	336.00	35904.00
chr8	68115317	68115486	169	169	250.00	383.00	323.14	337.00	54610.00
chr19	13419229	13419342	113	113	51.00	90.00	69.73	68.00	7880.00
chr6	33266815	33267130	315	315	9.00	32.00	22.31	22.00	7029.00
chr16	89780611	89781646	1035	1035	2.00	56.00	19.61	15.00	20299.00
chr12	109964162	109964221	59	59	138.00	199.00	172.31	173.00	10166.00
chr22	24491893	24492045	152	152	87.00	176.00	120.12	119.00	18259.00
chr2	242592926	242593025	99	99	288.00	498.00	414.23	420.00	41009.00
chr1	21937944	21938074	130	130	852.00	1684.00	1273.44	1269.50	165547.00
chr2	223789173	223789313	140	140	465.00	677.00	579.98	585.00	81197.00
chr20	3772318	3772535	217	217	0.00	17.00	6.94	6.00	1506.00
chr16	18531918	18532001	83	83	1175.00	1525.00	1336.13	1360.00	110899.00
chr1	43396296	43396537	241	241	315.00	446.00	392.98	391.00	94709.00
chr2	100037960	100038115	155	155	76.00	210.00	144.06	153.00	22329.00
chr16	1500497	1500770	273	273	3.00	579.00	284.21	383.00	77590.00
chr19	40876016	40876144	128	128	3668.00	4883.00	4323.83	4403.50	553450.00
chr5	168112691	168112932	241	241	74.00	201.00	128.99	128.00	31087.00
chr2	127825738	127825831	93	93	1121.00	1343.00	1234.04	1228.00	114766.00
chr1	19232015	19234990	2975	2975	38.00	275.00	119.99	112.00	356965.00
chr16	1391129	1391196	67	67	324.00	467.00	371.30	364.00	24877.00
chr6	33410665	33411689	1024	1024	12.00	879.00	478.82	514.00	490307.00
chr9	95872033	95872266	233	233	3.00	30.00	16.97	17.00	3953.00
chr1	53378627	53378839	212	212	7.00	32.00	18.01	17.00	3818.00
chr2	80531276	80531693	417	417	130.00	350.00	235.36	229.00	98146.00
chr7	44286718	44286791	73	73	1048.00	1367.00	1177.10	1149.00	85928.00
chr7	157369304	157369471	167	167	1935.00	2609.00	2300.50	2310.00	384183.00
chr11	18755079	18755191	112	112	0.00	1283.00	832.87	1137.00	93281.00
chr6	86237979	86238080	101	101	452.00	643.00	553.34	551.00	55887.00
chr8	145000951	145001050	99	99	84.00	159.00	129.14	132.00	12785.00
chr19	45167680	45167966	286	286	15.00	121.00	73.33	81.00	20973.00
chr10	48930165	48930400	235	235	0.00	21.00	9.08	6.00	2133.00
chr16	87871450	87871547	97	97	358.00	650.00	495.27	506.00	48041.00
chr1	109815454	109815649	195	195	803.00	1218.00	948.08	918.00	184875.00
chr1	208215442	208215711	269	269	132.00	216.00	174.23	177.00	46868.00
chr2	260866	261451	585	585	13.00	53.00	36.05	39.00	21087.00
chr5	180481266	180481724	458	458	7.00	40.00	25.20	26.00	11543.00
chr7	73119479	73119631	152	152	6.00	2860.00	1184.51	19.00	180046.00
chr15	34677248	34677358	110	110	327.00	671.00	511.15	494.00	56226.00
chr16	57687114	57687247	133	133	171.00	313.00	230.47	220.00	30652.00
chr15	50649406	50649592	186	186	0.00	11.00	5.88	6.00	1094.00
chr22	21071995	21072066	71	71	3169.00	3730.00	3387.66	3362.00	240524.00
chr5	179200882	179201561	679	679	14.00	98.00	71.63	74.00	48635.00
chr10	98763824	98763979	155	155	468.00	787.00	625.85	619.00	97007.00
chr14	102963315	102963457	142	142	313.00	409.00	360.03	358.00	51124.00
chr1	21932558	21933138	580	580	0.00	2631.00	522.48	12.00	303038.00
chr16	28118842	28118998	156	156	582.00	911.00	699.90	695.00	109184.00
chr1	241767561	241767881	320	320	148.00	310.00	221.07	219.00	70742.00
chr11	66812063	66812184	121	121	296.00	515.00	384.41	351.00	46514.00
chr11	12248571	12248678	107	107	963.00	1170.00	1070.49	1070.00	114542.00
chr9	130588788	130588951	163	163	120.00	177.00	144.07	143.00	23483.00
chr22	21068915	21068988	73	73	2605.00	3473.00	3139.03	3144.00	229149.00
chr1	43424304	43424531	227	227	36.00	481.00	329.32	401.00	74755.00
chr14	105852021	105853670	1649	1649	23.00	541.00	79.16	68.00	130540.00
chr15	34823469	34823579	110	110	357.00	552.00	474.40	492.00	52184.00
chr11	171365	172282	917	917	0.00	35.00	10.99	10.00	10081.00
chr22	24493976	24494155	179	179	159.00	231.00	194.93	191.00	34892.00
chr15	79291060	79291167	107	107	1187.00	1473.00	1308.75	1306.00	140036.00
chr16	2145904	2146194	290	290	0.00	6.00	2.64	3.00	766.00
chr9	131503050	131503166	116	116	1032.00	1250.00	1117.77	1102.00	129661.00
chr11	61301983	61302579	596	596	0.00	39.00	17.02	17.50	10146.00
chr22	25308609	25308719	110	110	165.00	266.00	220.68	218.00	24275.00
chr12	63977826	63979986	2160	2160	0.00	95.00	29.31	24.00	63317.00
chr19	46928844	46930933	2089	2089	3.00	700.00	406.93	416.00	850080.00
chr16	56969146	56969224	78	78	367.00	428.00	401.04	405.50	31281.00
chr17	40665787	40665996	209	209	42.00	3317.00	1727.58	2800.00	361065.00
chr9	131669435	131671600	2165	2165	36.00	909.00	400.60	363.00	867293.00
chr2	220164026	220164271	245	245	4.00	1627.00	506.70	40.00	124142.00
chr19	7589846	7590052	206	206	168.00	282.00	222.81	221.00	45899.00
chr6	91260186	91260268	82	82	168.00	321.00	246.45	250.00	20209.00
chr9	124543742	124543830	88	88	610.00	815.00	707.83	712.00	62289.00
chr12	54071005	54071170	165	165	6.00	31.00	19.84	20.00	3274.00
chr2	40443	41212	769	769	19.00	127.00	65.86	66.00	50645.00
chr11	67852159	67852747	588	588	0.00	34.00	13.96	12.00	8206.00
chr8	8233762	8234810	1048	1048	14.00	82.00	48.30	46.00	50617.00
chr2	175671113	175672148	1035	1035	0.00	15.00	3.83	2.00	3965.00
chr7	138984922	138985438	516	516	0.00	24.00	8.90	8.00	4591.00
chr22	40816850	40817104	254	254	201.00	297.00	251.09	252.00	63776.00
chr19	14263120	14263249	129	129	1126.00	1346.00	1236.12	1245.00	159459.00
chr19	16962222	16962345	123	123	287.00	432.00	364.83	360.00	44874.00
chr1	109813838	109813918	80	80	707.00	1048.00	838.29	841.00	67063.00
chr3	49898148	49898562	414	414	1.00	1894.00	876.72	1488.00	362963.00
chr17	17131202	17131510	308	308	3.00	195.00	130.69	147.00	40254.00
chr1	21936067	21936139	72	72	674.00	926.00	788.33	764.50	56760.00
chr3	130424404	130424615	211	211	139.00	250.00	192.57	189.00	40632.00
chr12	56532710	56532797	87	87	183.00	249.00	211.61	209.00	18410.00
chr16	29888591	29888788	197	197	1524.00	2021.00	1724.63	1690.00	339753.00
chr2	114394588	114396196	1608	1608	0.00	97.00	35.40	39.00	56922.00
chr3	124180736	124180803	67	67	480.00	558.00	525.49	534.00	35208.00
chr9	111798485	111798660	175	175	108.00	231.00	161.59	164.00	28278.00
chr10	73847897	73848372	475	475	44.00	1585.00	845.59	997.00	401656.00
chr22	21075585	21075706	121	121	1511.00	2081.00	1735.43	1697.00	209987.00
chr22	20920753	20921104	351	351	82.00	369.00	215.41	231.00	75609.00
chr9	140953020	140953185	165	165	64.00	114.00	86.30	92.00	14239.00
chr22	41620970	41621075	105	105	165.00	240.00	199.31	197.00	20928.00
chr11	6243671	6243839	168	168	119.00	255.00	201.79	206.00	33901.00
chr15	74704225	74704353	128	128	400.00	602.00	523.21	537.50	66971.00
chr3	48719780	48719985	205	205	244.00	394.00	327.65	341.00	67168.00
chr1	222833247	222833348	101	101	141.00	284.00	195.94	175.00	19790.00
chr1	6583675	6584824	1149	1149	24.00	112.00	71.89	73.00	82598.00
chr11	126135857	126135976	119	119	377.00	577.00	503.45	521.00	59911.00
chr8	75156763	75157410	647	647	77.00	311.00	177.83	173.00	115055.00
chr15	83345212	83345389	177	177	386.00	628.00	501.94	497.00	88844.00
chr14	68031638	68032561	923	923	0.00	43.00	18.51	18.00	17086.00
chr19	42479780	42479949	169	169	6606.00	10097.00	8021.22	7973.00	1355587.00
chr16	31503329	31503407	78	78	752.00	891.00	799.27	797.50	62343.00
chr17	1564564	1564700	136	136	289.00	490.00	374.15	329.00	50885.00
chr16	58717858	58718082	224	224	61.00	119.00	82.78	76.50	18543.00
chr14	71575320	71575763	443	443	181.00	357.00	268.84	277.00	119096.00
chr1	202934498	202934628	130	130	283.00	503.00	359.77	333.00	46770.00
chr7	73118477	73118586	109	109	2020.00	2543.00	2299.83	2294.00	250681.00
chr19	13365908	13366073	165	165	98.00	181.00	144.27	151.00	23805.00
chr10	102265117	102265958	841	841	0.00	45.00	16.28	14.00	13692.00
chr9	139983320	139983457	137	137	134.00	236.00	179.76	170.00	24627.00
chr18	29206245	29206347	102	102	256.00	379.00	319.11	319.00	32549.00
chr12	120578662	120578827	165	165	104.00	187.00	145.67	147.00	24035.00
chr5	757516	758226	710	710	2.00	74.00	32.07	29.00	22772.00
chr8	21632483	21632567	84	84	58.00	91.00	75.04	74.00	6303.00
chr4	54011499	54011749	250	250	122.00	202.00	155.71	153.00	38927.00
chr8	141680613	141681365	752	752	6.00	59.00	28.54	28.00	21462.00
chr11	57367351	57367850	499	499	86.00	190.00	136.03	138.00	67877.00
chr12	63980009	63980784	775	775	0.00	22.00	6.85	6.00	5308.00
chr9	140057042	140057203	161	161	0.00	4599.00	3872.23	4195.00	623429.00
chr2	7055953	7056098	145	145	58.00	157.00	120.21	132.00	17431.00
chr12	52387768	52389043	1275	1275	9.00	614.00	365.59	378.00	466133.00
chr19	50104931	50105175	244	244	156.00	407.00	240.69	219.00	58729.00
chr19	5218430	5218543	113	113	574.00	914.00	787.48	805.00	88985.00
chr16	29898969	29899138	169	169	647.00	906.00	752.80	728.00	127224.00
chr7	99030900	99031041	141	141	25.00	85.00	65.00	76.00	9165.00
chr17	36692926	36693212	286	286	0.00	17.00	8.25	6.50	2359.00
chr15	73857770	73859335	1565	1565	9.00	109.00	44.58	39.00	69774.00
chr6	44104085	44104176	91	91	208.00	264.00	231.13	231.00	21033.00
chr1	21938518	21938602	84	84	1115.00	1574.00	1350.23	1373.00	113419.00
chr19	13423482	13423595	113	113	33.00	99.00	70.01	66.00	7911.00
chr16	70292882	70293089	207	207	1336.00	2040.00	1672.46	1644.00	346199.00
chr18	61060641	61060782	141	141	243.00	395.00	329.89	329.00	46515.00
chr16	22269814	22270016	202	202	40.00	83.00	60.81	61.00	12284.00
chr1	21554423	21554534	111	111	62.00	174.00	109.13	88.00	12113.00
chr9	140057255	140057455	200	200	3.00	4202.00	2988.51	3704.50	597701.00
chr7	1488255	1488397	142	142	20.00	62.00	42.75	39.00	6070.00
chr14	100166351	100166438	87	87	1490.00	1898.00	1669.34	1674.00	145233.00
chr9	101065522	101065705	183	183	1010.00	1617.00	1280.74	1237.00	234376.00
chr5	68411752	68412041	289	289	40.00	189.00	116.78	114.00	33748.00
chr1	2452539	2452754	215	215	82.00	289.00	196.83	211.00	42318.00
chr1	21564626	21564737	111	111	54.00	88.00	71.19	67.00	7902.00
chr13	42037713	42039066	1353	1353	0.00	48.00	18.60	18.00	25172.00
chr2	114350236	114350443	207	207	6.00	24.00	12.67	13.00	2623.00
chr1	21939668	21939722	54	54	1176.00	1414.00	1329.83	1357.50	71811.00
chr9	139353895	139354007	112	112	97.00	176.00	128.24	128.00	14363.00
chr7	102176367	102176618	251	251	20.00	55.00	38.59	40.00	9687.00
chr3	51411753	51412018	265	265	0.00	650.00	242.97	0.00	64387.00
chr17	73888091	73888266	175	175	35.00	124.00	68.31	56.00	11954.00
chr13	103297258	103297435	177	177	2.00	152.00	67.25	98.00	11903.00
chr15	63922664	63922834	170	170	445.00	546.00	496.41	493.00	84389.00
chr3	33400774	33400849	75	75	211.00	282.00	252.55	246.00	18941.00
chr22	50671744	50671955	211	211	37.00	103.00	78.20	84.00	16500.00
chr1	21190968	21191205	237	237	344.00	660.00	523.67	524.00	124110.00
chr5	14481649	14481727	78	78	219.00	269.00	242.64	243.00	18926.00
chr15	101605556	101606410	854	854	18.00	100.00	54.95	59.00	46930.00
chr17	80040402	80040554	152	152	1140.00	1518.00	1385.34	1384.50	210571.00
chr2	132269293	132270897	1604	1604	7.00	100.00	54.86	57.00	88000.00
chr11	1778553	1778786	233	233	2885.00	3963.00	3321.90	3279.00	774002.00
chr11	1469616	1469808	192	192	33.00	80.00	57.46	58.00	11033.00
chr12	120138549	120138630	81	81	457.00	573.00	509.41	508.00	41262.00
chr7	901016	901101	85	85	421.00	651.00	541.93	538.00	46064.00
chr19	13372263	13372424	161	161	132.00	203.00	181.75	182.00	29261.00
chr17	40843154	40843311	157	157	486.00	688.00	589.66	579.00	92576.00
chr17	80039476	80039719	243	243	767.00	1140.00	935.95	919.00	227436.00
chr17	16681109	16687365	6256	6256	0.00	175.00	65.86	67.00	412003.00
chr1	116935475	116935610	135	135	2433.00	2951.00	2678.85	2652.00	361645.00
chr6	128294808	128294972	164	164	327.00	501.00	412.16	404.50	67594.00
chr5	109189927	109190617	690	690	0.00	70.00	17.85	13.00	12317.00
chr15	40757533	40757634	101	101	59.00	185.00	160.00	168.00	16160.00
chr2	220164706	220164981	275	275	997.00	2206.00	1690.86	1655.00	464987.00
chr3	164905164	164908639	3475	3475	4.00	431.00	131.31	102.00	456299.00
chr11	60699157	60699356	199	199	255.00	879.00	701.12	716.00	139523.00
chr2	96680301	96680717	416	416	3.00	66.00	24.21	18.00	10071.00
chr17	40845314	40845554	240	240	641.00	874.00	747.10	727.50	179304.00
chr12	125264513	125265391	878	878	9.00	77.00	44.62	44.00	39172.00
chr1	156623704	156624158	454	454	0.00	16.00	7.13	6.00	3235.00
chr6	108370456	108370622	166	166	331.00	516.00	425.11	425.00	70568.00
chr11	19180486	19180587	101	101	45.00	102.00	62.54	61.00	6317.00
chr19	42489069	42489338	269	269	1467.00	2727.00	2207.48	2354.00	593812.00
chr2	198274493	198274731	238	238	359.00	623.00	474.24	467.00	112869.00
chr6	47220991	47221257	266	266	595.00	1016.00	816.44	820.00	217172.00
chr19	40872679	40872822	143	143	2233.00	3451.00	2777.70	2750.00	397211.00
chr19	54693278	54693627	349	349	9.00	516.00	208.48	135.00	72760.00
chr12	81929	82174	245	245	18.00	87.00	49.79	53.00	12199.00
chr21	45513943	45514114	171	171	299.00	396.00	350.63	353.00	59958.00
chr3	124201630	124201747	117	117	0.00	1081.00	777.99	965.00	91025.00
chr17	79805118	79805223	105	105	600.00	801.00	698.34	708.00	73326.00
chr20	46307419	46307548	129	129	270.00	483.00	367.40	363.00	47394.00
chr17	38187790	38187873	83	83	270.00	359.00	315.92	308.00	26221.00
chr2	207452814	207452878	64	64	846.00	974.00	912.20	911.50	58381.00
chr17	45695715	45695823	108	108	908.00	1155.00	1037.00	1048.50	111996.00
chr7	44283023	44283126	103	103	1140.00	1453.00	1330.26	1351.00	137017.00
chr20	62274975	62275284	309	309	0.00	6596.00	3290.82	5280.00	1016864.00
chr11	108202605	108202764	159	159	14.00	48.00	34.43	36.00	5475.00
chr9	140051314	140051489	175	175	1229.00	1630.00	1445.90	1432.00	253032.00
chr22	45574118	45574781	663	663	108.00	236.00	166.00	167.00	110060.00
chr15	79312382	79312446	64	64	397.00	478.00	435.91	435.50	27898.00
chr1	21940120	21940199	79	79	1169.00	1410.00	1274.57	1262.00	100691.00
chr17	3775847	3775921	74	74	1364.00	1747.00	1534.64	1533.50	113563.00
chr7	73133931	73134019	88	88	22.00	1926.00	602.44	445.50	53015.00
chr11	72292920	72292991	71	71	1544.00	1831.00	1678.52	1685.00	119175.00
chr7	43547616	43547730	114	114	148.00	229.00	182.92	177.00	20853.00
chr16	58713760	58714145	385	385	33.00	122.00	65.91	54.00	25377.00
chr22	21083600	21083794	194	194	1419.00	2214.00	1853.52	1931.00	359583.00
chr11	66457275	66457414	139	139	1511.00	2096.00	1811.30	1824.00	251771.00
chr15	91561034	91561115	81	81	63.00	81.00	72.98	71.00	5911.00
chr11	2968525	2969001	476	476	0.00	28.00	14.99	16.00	7135.00
chr19	34869838	34869910	72	72	3101.00	3983.00	3465.19	3407.00	249494.00
chr9	121970996	121971219	223	223	698.00	850.00	772.90	772.00	172356.00
chr3	47449772	47449980	208	208	0.00	127.00	77.22	100.00	16062.00
chr12	57601820	57601999	179	179	492.00	861.00	659.99	627.00	118139.00
chr16	2345590	2345741	151	151	355.00	592.00	500.48	528.00	75572.00
chr12	50471782	50471910	128	128	149.00	315.00	211.88	205.00	27121.00
chr1	109814221	109814344	123	123	938.00	1534.00	1248.09	1252.00	153515.00
chr19	16942304	16942458	154	154	151.00	355.00	239.32	243.50	36856.00
chr11	66333301	66333398	97	97	1533.00	1999.00	1718.75	1685.00	166719.00
chr5	74026084	74026223	139	139	219.00	350.00	287.83	282.00	40009.00
chr5	68417520	68417722	202	202	164.00	302.00	245.41	249.50	49573.00
chr19	15272262	15272525	263	263	85.00	174.00	140.55	145.00	36965.00
chr3	45872404	45872482	78	78	354.00	445.00	400.19	403.00	31215.00
chr7	73123374	73123452	78	78	1966.00	3146.00	2687.62	2850.50	209634.00
chr5	14498197	14498360	163	163	296.00	480.00	391.34	386.00	63788.00
chr14	93180167	93180230	63	63	318.00	475.00	373.86	347.00	23553.00
chr9	130984739	130984875	136	136	4247.00	5747.00	5004.74	4989.50	680644.00
chr13	31216764	31216894	130	130	63.00	146.00	107.51	101.50	13976.00
chr12	112614399	112614506	107	107	191.00	423.00	367.81	374.00	39356.00
chr12	57602865	57602982	117	117	725.00	995.00	873.59	863.00	102210.00
chr14	72976861	72976987	126	126	78.00	165.00	118.24	112.00	14898.00
chr1	155209406	155209553	147	147	257.00	533.00	360.73	313.00	53027.00
chr10	49633930	49634113	183	183	347.00	548.00	448.81	455.00	82132.00
chr16	84100093	84100218	125	125	475.00	627.00	562.64	569.00	70330.00
chr1	155207924	155208097	173	173	372.00	626.00	510.71	534.00	88353.00
chr12	2786898	2787033	135	135	56.00	107.00	78.07	74.00	10540.00
chr2	233755457	233756197	740	740	0.00	1804.00	262.95	13.00	194583.00
chr14	60631894	60632099	205	205	23.00	402.00	146.11	129.00	29952.00
chr1	11151549	11151654	105	105	95.00	177.00	138.85	145.00	14579.00
chr4	134076071	134076178	107	107	513.00	773.00	649.48	643.00	69494.00
chr15	91420364	91420441	77	77	258.00	340.00	291.95	289.00	22480.00
chr5	114961533	114961755	222	222	16.00	333.00	165.96	207.00	36843.00
chr16	1814047	1814211	164	164	0.00	1104.00	559.05	889.00	91684.00
chr18	44250463	44252581	2118	2118	38.00	268.00	134.46	134.00	284783.00
chr6	158049380	158049518	138	138	236.00	349.00	291.04	289.50	40164.00
chr19	7675585	7675679	94	94	98.00	148.00	124.31	129.00	11685.00
chr13	99461604	99461719	115	115	43.00	738.00	558.76	545.00	64257.00
chr11	130010829	130011467	638	638	0.00	4294.00	443.57	18.00	282996.00
chr11	107526658	107526792	134	134	833.00	1409.00	1102.29	1054.00	147707.00
chr16	1391294	1391490	196	196	323.00	465.00	386.70	385.00	75793.00
chr1	38182716	38184158	1442	1442	11.00	365.00	222.65	217.00	321061.00
chr5	179231023	179231323	300	300	1.00	31.00	19.66	21.00	5899.00
chr14	69814593	69814719	126	126	302.00	478.00	390.33	392.00	49181.00
chr14	69349174	69349309	135	135	409.00	726.00	548.02	500.00	73983.00
chr19	7614792	7614998	206	206	389.00	538.00	473.58	476.50	97558.00
chr1	228270375	228270466	91	91	21.00	2167.00	712.71	382.00	64857.00
chr1	38186022	38186315	293	293	0.00	215.00	103.01	121.00	30181.00
chr13	77641715	77641999	284	284	793.00	1031.00	909.70	911.00	258354.00
chr14	100157417	100157498	81	81	896.00	1135.00	1003.95	970.00	81320.00
chr13	32978280	32979333	1053	1053	7.00	278.00	54.99	32.00	57901.00
chr12	7301567	7301794	227	227	1446.00	1875.00	1600.58	1578.00	363332.00
chr9	123583116	123583257	141	141	153.00	221.00	189.08	191.00	26660.00
chr17	26883183	26883284	101	101	311.00	416.00	352.06	347.00	35558.00
chr12	6972993	6973137	144	144	887.00	1373.00	1111.81	1091.00	160100.00
chr20	34322310	34322637	327	327	0.00	32.00	11.24	8.00	3674.00
chr19	7606407	7606570	163	163	276.00	442.00	374.20	378.00	60995.00
chr16	2333186	2333373	187	187	7.00	1102.00	850.59	981.00	159060.00
chr12	113825548	113825711	163	163	490.00	806.00	654.13	661.00	106624.00
chr7	4802013	4807749	5736	5736	17.00	253.00	80.95	74.00	464335.00
chr1	43394880	43394985	105	105	603.00	837.00	736.92	761.00	77377.00
chr19	4554399	4554488	89	89	1398.00	1772.00	1618.18	1642.00	144018.00
chr16	31719139	31719372	233	233	16.00	68.00	44.91	47.00	10463.00
chr5	134060669	134061744	1075	1075	31.00	154.00	87.77	90.00	94354.00
chr1	202936318	202936371	53	53	19.00	238.00	134.08	173.00	7106.00
chr2	220087366	220087615	249	249	622.00	953.00	776.05	788.00	193236.00
chr2	36764494	36764689	195	195	263.00	605.00	464.45	498.00	90568.00
chr7	43519208	43519343	135	135	115.00	225.00	178.36	183.00	24078.00
chr10	51249585	51249993	408	408	0.00	29.00	11.62	10.50	4741.00
chr6	32123647	32123755	108	108	197.00	297.00	250.81	246.50	27087.00
chr3	118624442	118624692	250	250	0.00	202.00	83.31	13.00	20828.00
chr1	190129797	190130020	223	223	26.00	132.00	70.35	59.00	15688.00
chr9	131004491	131004624	133	133	3.00	6541.00	5386.12	6257.00	716354.00
chr22	33679187	33679334	147	147	485.00	1018.00	753.03	782.00	110696.00
chr15	74709931	74710016	85	85	261.00	384.00	323.28	320.00	27479.00
chr7	6470110	6470238	128	128	55.00	137.00	112.16	119.00	14356.00
chr1	6640600	6641359	759	759	31.00	105.00	66.58	69.00	50533.00
chr16	31510622	31510728	106	106	433.00	551.00	489.73	494.00	51911.00
chr4	103710287	103711803	1516	1516	13.00	82.00	45.78	46.00	69397.00
chr19	2862339	2862746	407	407	3.00	28.00	15.21	16.00	6192.00
chr2	15467873	15467994	121	121	60.00	156.00	105.72	98.00	12792.00
chr2	36780721	36781492	771	771	10.00	71.00	34.85	31.00	26871.00
chr10	81070680	81070941	261	261	61.00	238.00	136.09	124.00	35519.00
chr2	217234866	217235986	1120	1120	97.00	210.00	148.22	148.00	166006.00
chr10	93786348	93786508	160	160	147.00	267.00	203.07	192.00	32492.00
chr17	20268785	20269076	291	291	9.00	49.00	26.34	27.00	7664.00
chr9	131002006	131002062	56	56	0.00	6085.00	5391.52	5805.50	301925.00
chr1	155208307	155208441	134	134	395.00	583.00	493.51	502.50	66131.00
chr2	162833877	162834373	496	496	0.00	1832.00	150.32	11.00	74559.00
chr9	35799614	35799728	114	114	46.00	119.00	89.63	89.00	10218.00
chr20	62517856	62519234	1378	1378	18.00	477.00	84.17	71.00	115987.00
chr22	35942847	35943127	280	280	183.00	482.00	368.45	379.00	103167.00
chr13	26436438	26436546	108	108	160.00	299.00	229.70	225.00	24808.00
chr14	69371371	69371453	82	82	438.00	586.00	507.70	495.00	41631.00
chr7	44031274	44031581	307	307	0.00	49.00	20.50	13.00	6293.00
chr11	12274988	12275291	303	303	2.00	20.00	10.97	10.00	3325.00
chr5	1334403	1334498	95	95	521.00	632.00	567.22	559.00	53886.00
chr19	34868639	34868786	147	147	2706.00	4414.00	3729.81	3924.00	548282.00
chr16	1815960	1816143	183	183	803.00	1223.00	1000.15	970.00	183027.00
chr10	73578787	73578868	81	81	8167.00	12273.00	9944.12	9665.00	805474.00
chr17	37420427	37420640	213	213	73.00	123.00	93.90	93.00	20001.00
chr5	60835422	60835586	164	164	25.00	97.00	57.60	58.00	9447.00
chr15	79296143	79296517	374	374	599.00	1677.00	1180.27	1271.50	441421.00
chr19	13039568	13039661	93	93	759.00	937.00	848.84	839.00	78942.00
chr12	49421585	49421713	128	128	73.00	126.00	98.74	102.00	12639.00
chr1	1661057	1662583	1526	1526	62.00	1115.00	343.59	198.50	524317.00
chr2	207457340	207457460	120	120	766.00	1008.00	883.19	895.50	105983.00
chr11	64542462	64543441	979	979	0.00	29.00	6.60	5.00	6463.00
chr20	61910250	61910347	97	97	369.00	505.00	442.39	444.00	42912.00
chr11	62394042	62394156	114	114	571.00	947.00	749.13	708.50	85401.00
chr5	37301538	37301652	114	114	53.00	108.00	71.09	71.00	8104.00
chr16	4733843	4733933	90	90	401.00	678.00	547.53	564.50	49278.00
chr15	43693913	43694048	135	135	92.00	152.00	114.99	112.00	15524.00
chr11	18764538	18764622	84	84	701.00	911.00	785.99	762.50	66023.00
chr17	57842331	57842499	168	168	334.00	598.00	482.02	474.50	80979.00
chr9	96076729	96078064	1335	1335	0.00	57.00	17.00	14.00	22690.00
chr11	12246219	12246367	148	148	770.00	931.00	867.98	871.50	128461.00
chr12	7030743	7031565	822	822	1.00	11775.00	3906.36	56.00	3211024.00
chr3	14523178	14523349	171	171	24.00	86.00	63.94	70.00	10934.00
chr5	758508	759483	975	975	3.00	37.00	17.29	16.00	16857.00
chr12	22635490	22635677	187	187	122.00	253.00	194.33	204.00	36339.00
chr5	14479369	14479459	90	90	297.00	367.00	325.26	324.50	29273.00
chr6	143655214	143656079	865	865	0.00	100.00	35.52	26.00	30722.00
chr7	75508360	75508578	218	218	436.00	4019.00	2744.97	3019.00	598403.00
chr11	60697981	60698131	150	150	266.00	601.00	407.71	375.50	61157.00
chr1	151400598	151400889	291	291	149.00	239.00	195.14	196.00	56787.00
chr5	172196431	172197309	878	878	24.00	1304.00	419.75	91.00	368544.00
chr3	49152660	49152794	134	134	84.00	141.00	114.76	119.00	15378.00
chr7	5518281	5519950	1669	1669	39.00	308.00	176.99	182.00	295398.00
chr17	16691106	16691449	343	343	0.00	194.00	64.37	53.00	22080.00
chr2	220086993	220087172	179	179	791.00	1238.00	1091.27	1119.00	195338.00
chr10	51746916	51748006	1090	1090	0.00	79.00	28.39	26.00	30947.00
chr12	7302118	7302289	171	171	1423.00	2732.00	2047.51	2133.00	350125.00
chr11	59562844	59562955	111	111	33.00	140.00	91.59	102.00	10167.00
chr12	6100984	6101184	200	200	91.00	186.00	143.69	149.00	28738.00
chr19	5683274	5683627	353	353	8.00	49.00	26.17	25.00	9237.00
chr12	2786259	2786387	128	128	77.00	126.00	103.14	104.00	13202.00
chr15	26812727	26812880	153	153	495.00	678.00	551.50	545.00	84380.00
chr1	149007980	149008798	818	818	0.00	75.00	33.24	33.00	27193.00
chr19	54965608	54965861	253	253	109.00	258.00	181.15	172.00	45830.00
chr8	27293259	27293310	51	51	738.00	920.00	825.39	841.00	42095.00
chr15	23014437	23014528	91	91	244.00	343.00	295.26	294.00	26869.00
chr1	111717500	111717585	85	85	175.00	324.00	255.87	249.00	21749.00
chr6	150157220	150157433	213	213	424.00	1053.00	697.29	682.00	148522.00
chr13	114566547	114566670	123	123	146.00	448.00	255.20	215.00	31389.00
chr16	58539291	58539605	314	314	7.00	46.00	22.76	18.00	7148.00
chr1	21936612	21936768	156	156	842.00	1610.00	1174.72	1114.00	183257.00
chr1	17322880	17322991	111	111	941.00	1223.00	1044.63	1022.00	115954.00
chr11	60699455	60699599	144	144	630.00	1017.00	812.03	808.50	116933.00
chr5	6749669	6749770	101	101	65.00	147.00	99.03	92.00	10002.00
chr16	2156805	2156949	144	144	322.00	463.00	389.02	387.00	56019.00
chr15	34690834	34690930	96	96	69.00	120.00	101.91	105.00	9783.00
chr3	11074933	11075425	492	492	8.00	1348.00	252.79	14.00	124373.00
chr5	74655222	74655381	159	159	466.00	703.00	581.16	575.00	92405.00
chr20	20022968	20023160	192	192	78.00	159.00	124.20	129.00	23847.00
chr2	39055481	39055578	97	97	73.00	106.00	90.96	94.00	8823.00
chr19	16793231	16793528	297	297	4.00	614.00	159.95	17.00	47504.00
chr2	219205450	219205509	59	59	244.00	303.00	272.80	273.00	16095.00
chr17	74087429	74087729	300	300	14.00	49.00	35.41	36.00	10624.00
chr3	184058150	184060036	1886	1886	8.00	2958.00	373.41	41.00	704248.00
chr6	90333128	90333263	135	135	154.00	239.00	192.87	191.00	26038.00
chr12	125267019	125267429	410	410	4.00	161.00	62.54	39.50	25641.00
chr1	207942580	207943104	524	524	37.00	121.00	77.45	76.00	40586.00
chr4	89356876	89357043	167	167	55.00	117.00	86.64	83.00	14469.00
chr7	101995498	101995736	238	238	6.00	27.00	13.18	12.00	3136.00
chr3	11067458	11067562	104	104	710.00	1031.00	885.01	885.50	92041.00
chr5	95734582	95734740	158	158	113.00	178.00	156.13	160.00	24669.00
chr6	152529106	152529341	235	235	185.00	292.00	243.22	238.00	57156.00
chr5	102295578	102295763	185	185	333.00	810.00	547.62	526.00	101309.00
chr22	21072980	21073110	130	130	1379.00	3439.00	2262.25	2259.00	294093.00
chr12	121855306	121855714	408	408	194.00	478.00	281.69	262.00	114931.00
chr1	160326389	160326544	155	155	360.00	540.00	458.90	451.00	71129.00
chr11	60670930	60671007	77	77	595.00	944.00	823.52	886.00	63411.00
chr17	79804822	79804948	126	126	753.00	898.00	812.88	804.50	102423.00
chr16	18527204	18527332	128	128	2146.00	3152.00	2781.87	2837.50	356079.00
chr16	16372518	16372646	128	128	2105.00	3080.00	2719.70	2771.00	348121.00
chr2	32750530	32750695	165	165	102.00	155.00	128.77	128.00	21247.00
chr14	69369193	69369279	86	86	390.00	547.00	455.78	456.00	39197.00
chr7	66418212	66418356	144	144	396.00	558.00	490.40	493.50	70617.00
chr6	44107988	44108097	109	109	254.00	356.00	317.82	321.00	34642.00
chr7	70885893	70886091	198	198	786.00	1496.00	1129.27	1141.50	223595.00
chr8	27295281	27295397	116	116	725.00	934.00	819.82	820.50	95099.00
chr7	73122918	73123018	100	100	2623.00	3104.00	2823.70	2830.00	282370.00
chr15	34698874	34699071	197	197	51.00	186.00	100.49	92.00	19797.00
chr8	22009343	22009513	170	170	575.00	1140.00	796.60	759.00	135422.00
chr7	1526557	1526737	180	180	182.00	269.00	226.79	232.00	40823.00
chr5	178053946	178054065	119	119	11.00	174.00	90.13	95.00	10725.00
chr12	6103027	6103369	342	342	64.00	175.00	125.21	135.50	42823.00
chr2	3479491	3480482	991	991	5.00	61.00	22.89	21.00	22683.00
chr3	33883388	33883566	178	178	187.00	276.00	231.25	231.00	41163.00
chr19	11019778	11019883	105	105	237.00	359.00	279.31	273.00	29328.00
chr7	98446205	98446318	113	113	4269.00	6718.00	5631.58	5882.00	636369.00
chr8	106813274	106813932	658	658	16.00	54.00	32.38	31.00	21309.00
chr2	223795338	223795530	192	192	916.00	1356.00	1121.81	1124.50	215387.00
chr7	75511146	75511554	408	408	2195.00	4260.00	3292.72	3361.00	1343431.00
chr21	40184926	40185038	112	112	305.00	486.00	403.71	416.00	45215.00
chr19	53383575	53385236	1661	1661	7.00	78.00	40.67	40.00	67561.00
chr19	14208130	14208295	165	165	11.00	1891.00	1198.72	1492.00	197789.00
chr15	91461013	91461618	605	605	20.00	1326.00	386.83	47.00	234035.00
chr8	145278010	145278133	123	123	80.00	152.00	109.45	98.00	13462.00
chr16	28132990	28133083	93	93	450.00	554.00	503.91	506.00	46864.00
chr11	125280091	125280221	130	130	155.00	324.00	242.68	246.00	31549.00
chr15	63128089	63128317	228	228	104.00	675.00	498.65	582.00	113693.00
chr9	131181435	131181557	122	122	16.00	782.00	690.49	729.50	84240.00
chr19	3281196	3281343	147	147	674.00	941.00	815.48	834.00	119876.00
chr11	6240200	6240280	80	80	151.00	232.00	191.66	196.00	15333.00
chr20	31019123	31019287	164	164	31.00	102.00	67.60	62.00	11086.00
chr6	46825865	46827260	1395	1395	50.00	186.00	121.22	122.00	169098.00
chr12	1672006	1672666	660	660	0.00	85.00	27.26	27.00	17993.00
chr12	9098824	9099001	177	177	414.00	553.00	464.65	461.00	82243.00
chr7	121738503	121738630	127	127	24.00	86.00	54.87	45.00	6969.00
chr19	40875814	40875935	121	121	3692.00	4566.00	4108.97	4157.00	497185.00
chr20	3581592	3581671	79	79	241.00	315.00	274.46	272.00	21682.00
chr17	7226965	7227042	77	77	187.00	304.00	230.01	235.00	17711.00
chr2	74331800	74332809	1009	1009	0.00	93.00	43.67	44.00	44061.00
chr1	209785136	209785610	474	474	4.00	874.00	599.42	641.50	284123.00
chr9	35546426	35548532	2106	2106	181.00	716.00	365.70	327.50	770160.00
chr17	80040198	80040290	92	92	921.00	1228.00	1061.85	1047.50	97690.00
chr11	73074791	73075284	493	493	10.00	469.00	144.07	42.00	71025.00
chr20	44674976	44675075	99	99	532.00	711.00	617.64	618.00	61146.00
chr20	5892091	5892328	237	237	101.00	1045.00	570.53	575.00	135215.00
chr17	20316581	20317594	1013	1013	0.00	27.00	11.82	11.00	11969.00
chr12	99478702	99478801	99	99	398.00	530.00	457.88	457.00	45330.00
chr17	40842756	40842960	204	204	565.00	739.00	655.27	661.00	133676.00
chr11	107501142	107501288	146	146	420.00	624.00	538.45	546.50	78614.00
chr11	85429236	85429532	296	296	0.00	47.00	16.01	14.00	4739.00
chr20	9449217	9449319	102	102	173.00	257.00	203.93	196.50	20801.00
chr14	23371395	23371591	196	196	421.00	548.00	477.06	474.00	93504.00
chr7	716865	716957	92	92	3185.00	4710.00	4143.26	4201.50	381180.00
chr10	48862360	48862682	322	322	0.00	369.00	206.99	280.00	66651.00
chr10	68686678	68688210	1532	1532	66.00	375.00	157.20	148.00	240838.00
chr5	179674854	179674926	72	72	847.00	1025.00	937.75	938.00	67518.00
chr1	209773327	209773456	129	129	256.00	366.00	312.47	312.00	40308.00
chr17	45691034	45691091	57	57	991.00	1159.00	1076.58	1076.00	61365.00
chr1	19669871	19670118	247	247	18.00	78.00	40.35	29.00	9966.00
chr17	45664025	45664710	685	685	0.00	560.00	83.50	29.00	57196.00
chr19	2337634	2338840	1206	1206	0.00	196.00	51.15	49.00	61681.00
chr8	22011480	22011552	72	72	632.00	831.00	756.22	768.50	54448.00
