#chrom	start	end	size	num_data	min	max	mean	median	sum
chr12	1940100	1940691	591	591	80.00	262.00	173.00	183.00	102244.00
chr1	27480473	27481381	908	908	31.00	145.00	79.04	78.00	71768.00
chr15	63112684	63112809	125	125	741.00	1028.00	910.77	907.00	113846.00
chr5	149231737	149232254	517	517	14.00	111.00	52.44	50.00	27114.00
chr5	140865429	140867182	1753	1753	0.00	205.00	45.22	35.00	79265.00
chr1	32209793	32209958	165	165	450.00	1089.00	786.28	797.00	129737.00
chr16	87873307	87873431	124	124	216.00	358.00	299.43	312.00	37129.00
chr17	34157438	34158175	737	737	0.00	34.00	11.81	13.00	8701.00
chr2	127815619	127816088	469	469	5.00	79.00	42.94	42.00	20141.00
chr1	208212965	208213112	147	147	106.00	257.00	194.20	197.00	28547.00
chr22	19703883	19704666	783	783	19.00	98.00	55.62	53.00	43554.00
chr16	87872319	87872423	104	104	222.00	352.00	281.31	277.00	29256.00
chr9	140055740	140055868	128	128	1745.00	2553.00	2209.98	2256.50	282877.00
chr22	21096515	21096643	128	128	1077.00	1267.00	1178.44	1171.00	150840.00
chr9	140056321	140056540	219	219	0.00	3860.00	2204.91	2439.00	482875.00
chr11	78379981	78380253	272	272	31.00	72.00	51.62	55.00	14040.00
chr3	11070420	11070533	113	113	563.00	728.00	638.78	636.00	72182.00
chr1	109812554	109813222	668	668	20.00	1125.00	537.18	786.50	358834.00
chr2	220161954	220162155	201	201	2073.00	2843.00	2504.72	2538.00	503449.00
chr15	74706887	74707086	199	199	195.00	327.00	245.50	242.00	48855.00
chr17	7318829	7319426	597	597	392.00	819.00	575.95	561.00	343843.00
chr1	21560050	21560154	104	104	15.00	64.00	39.64	36.00	4123.00
chr1	25573799	25573952	153	153	2.00	856.00	469.98	574.00	71907.00
chr14	93198993	93199160	167	167	230.00	445.00	345.75	362.00	57741.00
chr1	205554003	205554119	116	116	753.00	937.00	849.45	837.50	98536.00
chr1	9795005	9795232	227	227	2237.00	4423.00	3304.58	3331.00	750139.00
chr17	42426525	42426670	145	145	78.00	296.00	198.57	203.00	28793.00
chr18	70205887	70206179	292	292	9.00	179.00	69.81	34.00	20384.00
chr1	205553082	205553251	169	169	793.00	1126.00	985.64	990.00	166574.00
chr9	140056623	140056766	143	143	2.00	3300.00	2263.94	2628.00	323744.00
chr6	33412147	33412394	247	247	7.00	1824.00	942.90	1073.00	232897.00
chr12	89992366	89992547	181	181	0.00	2260.00	1605.24	1713.00	290549.00
chr2	220088827	220089576	749	749	139.00	654.00	358.95	340.00	268854.00
chr14	100763073	100765222	2149	2149	12.00	300.00	72.93	66.00	156729.00
chr1	110740697	110742543	1846	1846	6.00	1744.00	1029.74	1023.50	1900909.00
chr1	149878201	149879758	1557	1557	3.00	2169.00	561.69	48.00	874553.00
chr3	197264139	197265259	1120	1120	0.00	69.00	15.53	11.00	17397.00
chr8	56449623	56450530	907	907	13.00	184.00	68.68	65.00	62292.00
chr9	139354208	139354326	118	118	109.00	179.00	134.74	129.00	15899.00
chr1	32204908	32205236	328	328	1358.00	2318.00	1718.16	1673.50	563558.00
chr7	75608768	75608897	129	129	205.00	296.00	245.61	245.00	31684.00
chr19	45161029	45161178	149	149	57.00	122.00	88.58	88.00	13199.00
chr19	5243911	5244493	582	582	102.00	290.00	197.98	183.50	115227.00
chr6	32119585	32119717	132	132	37.00	1241.00	530.92	533.50	70081.00
chr3	42670878	42672067	1189	1189	0.00	190.00	46.33	21.00	55091.00
chr11	45892392	45892485	93	93	402.00	547.00	476.62	487.00	44326.00
chr17	80040789	80040991	202	202	1142.00	1929.00	1496.10	1486.00	302213.00
chr2	74902875	74903036	161	161	104.00	168.00	139.22	139.00	22414.00
chr17	38335969	38337946	1977	1977	0.00	547.00	63.05	39.00	124654.00
chr16	87870103	87870253	150	150	291.00	575.00	410.04	435.50	61506.00
chr1	32205947	32206142	195	195	1052.00	1775.00	1381.60	1406.00	269412.00
chr6	44117553	44117702	149	149	4.00	542.00	320.40	415.00	47740.00
chr1	159163659	159163830	171	171	2311.00	2676.00	2509.43	2517.00	429113.00
chr3	445565	446023	458	458	0.00	42.00	20.65	18.00	9459.00
chr2	25048913	25048995	82	82	338.00	464.00	401.23	404.50	32901.00
chr10	99504485	99504672	187	187	308.00	475.00	396.35	399.00	74118.00
chr4	54364807	54365010	203	203	183.00	275.00	236.66	238.00	48041.00
chr17	1634367	1634552	185	185	36.00	70.00	52.98	51.00	9801.00
chr7	72416124	72416247	123	123	215.00	323.00	275.04	276.00	33830.00
chr1	208212169	208212329	160	160	191.00	287.00	244.49	247.00	39119.00
chr9	140952500	140952702	202	202	48.00	107.00	73.09	72.50	14765.00
chr6	44197325	44197528	203	203	32.00	85.00	61.04	63.00	12392.00
chr6	44197643	44198218	575	575	13.00	194.00	83.97	64.00	48280.00
chr11	118981972	118982084	112	112	509.00	770.00	660.83	699.00	74013.00
chr5	150503846	150503952	106	106	0.00	4708.00	3349.53	4234.00	355050.00
chr11	118981761	118981878	117	117	473.00	606.00	526.02	521.00	61544.00
chr11	126314873	126315000	127	127	155.00	339.00	230.69	223.00	29297.00
chr1	159165808	159166244	436	436	0.00	2566.00	494.76	10.00	215717.00
chr7	134893542	134893750	208	208	80.00	181.00	127.87	127.50	26597.00
chr9	121976196	121976433	237	237	413.00	1099.00	747.39	801.00	177132.00
chr19	54691042	54691169	127	127	707.00	1287.00	973.34	942.00	123614.00
chr22	38621430	38621600	170	170	551.00	731.00	630.90	633.00	107253.00
chr13	42035681	42036205	524	524	0.00	58.00	12.09	0.00	6336.00
chr20	1915360	1915413	53	53	0.00	2066.00	1455.15	1807.00	77123.00
chr5	14496987	14497126	139	139	221.00	321.00	270.19	273.00	37556.00
chr12	56528125	56528212	87	87	151.00	206.00	179.26	181.00	15596.00
chr3	47466974	47467101	127	127	198.00	293.00	240.57	243.00	30553.00
chr17	7415476	7415663	187	187	168.00	332.00	233.13	225.00	43595.00
chr3	33588037	33589252	1215	1215	11.00	116.00	46.63	41.00	56652.00
chr7	887833	888615	782	782	2.00	219.00	64.06	34.00	50097.00
chr10	24813251	24813693	442	442	38.00	208.00	157.17	155.00	69469.00
chr1	109812045	109812213	168	168	657.00	997.00	777.45	752.00	130612.00
chr19	15276597	15276902	305	305	147.00	344.00	216.42	210.00	66009.00
chr16	2334779	2334999	220	220	317.00	558.00	417.70	416.00	91894.00
chr16	68404761	68405261	500	500	138.00	322.00	222.82	223.00	111412.00
chr4	110969111	110969871	760	760	15.00	158.00	89.16	84.00	67761.00
chr1	145693161	145693996	835	835	2.00	161.00	68.39	67.00	57105.00
chr7	44282848	44282932	84	84	2020.00	2370.00	2201.19	2206.00	184900.00
chr2	220164315	220164508	193	193	1.00	1696.00	703.18	34.00	135713.00
chr12	50472203	50472360	157	157	230.00	319.00	268.10	266.00	42091.00
chr2	220163768	220163833	65	65	1780.00	2352.00	2137.23	2221.00	138920.00
chr2	222289928	222290862	934	934	474.00	1017.00	775.43	768.00	724251.00
chr12	57599133	57599268	135	135	355.00	499.00	410.56	402.00	55425.00
chr7	157475416	157475629	213	213	994.00	1498.00	1220.98	1186.00	260068.00
chr1	32203800	32203927	127	127	1612.00	2450.00	1980.51	2065.00	251525.00
chr1	109811731	109811912	181	181	650.00	875.00	761.99	756.00	137921.00
chr9	140052830	140052975	145	145	1839.00	2934.00	2391.94	2467.00	346832.00
chr2	220161706	220161854	148	148	2365.00	3059.00	2700.05	2707.00	399607.00
chr16	29896906	29897070	164	164	591.00	1047.00	845.85	803.50	138719.00
chr16	47143393	47143622	229	229	187.00	322.00	260.05	273.00	59552.00
chr11	993753	993985	232	232	538.00	1210.00	893.79	930.50	207359.00
chr9	124059698	124061137	1439	1439	0.00	83.00	27.99	21.00	40277.00
chr9	140350140	140350634	494	494	21.00	171.00	76.33	66.00	37708.00
chr11	14504577	14504697	120	120	207.00	329.00	253.38	250.00	30405.00
chr3	49898612	49898733	121	121	1883.00	2711.00	2193.39	2148.00	265400.00
chr9	131811659	131811777	118	118	146.00	261.00	198.71	188.50	23448.00
chr9	131810705	131810818	113	113	187.00	283.00	231.61	223.00	26172.00
chr1	223400935	223401080	145	145	664.00	1216.00	995.66	1026.00	144371.00
chr12	125612185	125612820	635	635	0.00	433.00	75.94	7.00	48222.00
chr2	220088590	220088744	154	154	303.00	466.00	391.32	384.50	60263.00
chr9	70888487	70888750	263	263	0.00	2.00	0.52	0.00	137.00
chr14	69813756	69813898	142	142	437.00	569.00	484.63	475.00	68817.00
chr2	47399145	47399890	745	745	1.00	1471.00	104.51	72.00	77860.00
chr11	62688689	62689041	352	352	4.00	282.00	76.40	26.00	26894.00
chr6	43745205	43745407	202	202	0.00	249.00	138.76	134.00	28029.00
chr3	11072492	11072997	505	505	9.00	973.00	195.07	25.00	98512.00
chr7	2696031	2696168	137	137	409.00	633.00	548.53	583.00	75148.00
chr16	14969196	14969279	83	83	776.00	1417.00	1056.89	1039.00	87722.00
chr17	7377847	7378026	179	179	0.00	18.00	10.01	9.00	1791.00
chr12	65639640	65639719	79	79	134.00	242.00	178.92	172.00	14135.00
chr12	50294912	50295108	196	196	2814.00	3858.00	3245.81	3280.00	636178.00
chr19	42485653	42485788	135	135	4812.00	6781.00	5954.30	5984.00	803830.00
chr10	99509230	99509343	113	113	285.00	434.00	328.30	331.00	37098.00
chr22	38883877	38888120	4243	4243	44.00	2089.00	434.53	282.00	1843723.00
chr12	49416372	49416658	286	286	186.00	336.00	246.57	241.00	70519.00
chr6	24843089	24843782	693	693	98.00	353.00	219.26	218.00	151949.00
chr5	176295561	176295665	104	104	461.00	633.00	557.31	559.50	57960.00
chr10	99510087	99510227	140	140	305.00	745.00	501.63	490.50	70228.00
chr1	159173658	159174770	1112	1112	11.00	355.00	114.81	86.00	127671.00
chr11	1780745	1780869	124	124	3595.00	5138.00	4428.56	4607.50	549141.00
chr19	42486059	42486258	199	199	2961.00	5117.00	4044.25	4088.00	804805.00
chr3	47465422	47465535	113	113	262.00	350.00	298.81	293.00	33766.00
chr1	21573713	21573856	143	143	37.00	111.00	59.96	58.00	8574.00
chr11	65320330	65320453	123	123	126.00	239.00	191.12	200.00	23508.00
chr3	47462420	47462519	99	99	345.00	437.00	396.15	403.00	39219.00
chr2	219204751	219204864	113	113	257.00	413.00	350.29	358.00	39583.00
chr1	43906123	43906257	134	134	11.00	44.00	25.55	22.00	3424.00
chr7	38785158	38785840	682	682	0.00	862.00	93.22	34.00	63576.00
chr2	153499932	153500058	126	126	178.00	249.00	213.02	209.00	26840.00
chr1	32203011	32203132	121	121	6.00	1663.00	1263.12	1459.00	152838.00
chr22	42290823	42290941	118	118	1573.00	2843.00	2462.58	2498.50	290585.00
chr19	47940718	47940818	100	100	1376.00	2321.00	1839.88	1784.50	183988.00
chr4	119539150	119539274	124	124	1.00	4.00	1.74	1.00	216.00
chr17	44117067	44117250	183	183	139.00	210.00	166.17	161.00	30410.00
chr19	42485873	42485983	110	110	3863.00	5427.00	4735.25	4807.50	520878.00
chr6	44114583	44114664	81	81	208.00	269.00	245.53	250.00	19888.00
chr19	47941105	47941292	187	187	16.00	2404.00	1385.65	1859.00	259116.00
chr11	73074250	73074500	250	250	344.00	484.00	404.05	402.50	101012.00
chr3	33418764	33418825	61	61	691.00	834.00	773.52	774.00	47185.00
chr1	700258	700505	247	247	4.00	29.00	12.51	10.00	3089.00
chr9	74319510	74319719	209	209	102.00	275.00	171.34	169.00	35810.00
chr16	2336694	2336968	274	274	244.00	710.00	514.51	566.00	140975.00
chr20	3575125	3575219	94	94	158.00	228.00	189.66	189.50	17828.00
chr9	139231377	139231529	152	152	108.00	229.00	176.01	170.00	26754.00
chr5	140515951	140516498	547	547	0.00	56.00	20.64	15.00	11290.00
chr1	21938208	21938309	101	101	873.00	1113.00	990.55	1006.00	100046.00
chr3	155659188	155659936	748	748	10.00	309.00	152.46	163.00	114043.00
chr16	27483068	27483241	173	173	250.00	523.00	417.94	469.00	72304.00
chr11	994071	994245	174	174	379.00	770.00	615.06	672.00	107020.00
chr7	71175745	71175913	168	168	1436.00	1870.00	1661.94	1663.50	279206.00
chr12	121204065	121204175	110	110	437.00	822.00	671.06	729.50	73817.00
chr7	73118679	73118753	74	74	2076.00	2561.00	2295.64	2272.00	169877.00
chr9	140972565	140972710	145	145	119.00	203.00	151.10	149.00	21910.00
chr12	121683329	121684024	695	695	0.00	36.00	8.08	3.00	5614.00
chr16	74493579	74493687	108	108	248.00	390.00	327.13	316.50	35330.00
chr2	36771518	36771641	123	123	364.00	687.00	489.05	458.00	60153.00
chr7	94187181	94187996	815	815	11.00	163.00	61.83	52.00	50392.00
chr14	94156951	94157239	288	288	3.00	46.00	19.41	17.50	5589.00
chr7	121739000	121739524	524	524	0.00	53.00	19.66	24.00	10303.00
chr1	19549117	19549328	211	211	77.00	279.00	163.63	138.00	34526.00
chr19	5214571	5214747	176	176	263.00	841.00	486.95	413.00	85703.00
chr19	42557753	42557861	108	108	707.00	890.00	787.47	792.00	85047.00
chr15	102510686	102510925	239	239	0.00	29.00	13.13	14.00	3139.00
chr5	167673761	167675376	1615	1615	57.00	324.00	171.67	172.00	277245.00
chr7	44282158	44282253	95	95	2043.00	2731.00	2363.88	2321.00	224569.00
chr2	160621061	160621717	656	656	0.00	483.00	54.57	19.00	35800.00
chr5	10426501	10426634	133	133	508.00	977.00	780.95	846.00	103866.00
chr16	1814301	1814460	159	159	788.00	1302.00	1045.45	1073.00	166226.00
chr11	21581734	21581928	194	194	323.00	513.00	438.25	450.00	85021.00
chr3	126749085	126749255	170	170	391.00	584.00	489.42	496.00	83202.00
chr11	12237765	12237866	101	101	474.00	650.00	551.07	533.00	55658.00
chr6	31750872	31750963	91	91	169.00	263.00	214.43	213.00	19513.00
chr3	53124201	53124398	197	197	2.00	31.00	17.05	17.00	3358.00
chr2	220161470	220161544	74	74	2472.00	2718.00	2594.89	2597.00	192022.00
chr2	128951046	128951785	739	739	33.00	253.00	126.70	132.00	93628.00
chr5	24535811	24535931	120	120	163.00	235.00	198.24	193.00	23789.00
chr1	44083406	44083582	176	176	411.00	532.00	477.09	474.00	83968.00
chr1	32207653	32207818	165	165	1019.00	1329.00	1112.58	1092.00	183576.00
chr12	7293754	7294000	246	246	0.00	1351.00	809.62	1176.00	199167.00
chr3	131442289	131442469	180	180	339.00	613.00	447.01	446.00	80462.00
chr3	49898871	49899298	427	427	121.00	3067.00	1464.73	2401.00	625441.00
chr16	66432358	66432464	106	106	32.00	61.00	48.03	48.00	5091.00
chr1	20982593	20982680	87	87	930.00	1364.00	1116.20	1091.00	97109.00
chr16	68398653	68398809	156	156	183.00	329.00	267.97	275.00	41804.00
chr17	16676818	16678279	1461	1461	0.00	142.00	47.35	38.00	69178.00
chr1	109814899	109815027	128	128	1314.00	1634.00	1493.52	1505.00	191171.00
chr1	21940478	21940582	104	104	1368.00	1730.00	1542.82	1558.00	160453.00
chr20	57468284	57468793	509	509	0.00	38.00	15.16	14.00	7718.00
chr3	127358087	127358366	279	279	637.00	1878.00	1407.19	1440.00	392607.00
chr3	126735359	126735527	168	168	126.00	230.00	184.17	171.50	30940.00
chr10	103869140	103869264	124	124	684.00	788.00	738.33	741.50	91553.00
chr20	44520554	44520666	112	112	288.00	548.00	405.51	374.00	45417.00
chr1	32203252	32203356	104	104	1339.00	1808.00	1601.68	1600.50	166575.00
chr21	40186196	40186316	120	120	467.00	697.00	600.89	619.00	72107.00
chr5	111067153	111068349	1196	1196	0.00	53.00	16.69	13.00	19964.00
chr9	128002954	128003186	232	232	571.00	1029.00	806.35	828.00	187074.00
chr1	43408896	43408992	96	96	669.00	859.00	770.30	785.00	73949.00
chr3	47463931	47464026	95	95	303.00	385.00	349.25	347.00	33179.00
chr2	220161160	220161238	78	78	2608.00	3450.00	3031.01	3046.00	236419.00
chr11	62472772	62473089	317	317	3180.00	4493.00	3900.88	4011.00	1236578.00
chr9	130986341	130986906	565	565	10.00	1683.00	370.80	32.00	209500.00
chr14	69358769	69359000	231	231	310.00	670.00	480.67	467.00	111035.00
chr11	64416205	64416379	174	174	505.00	824.00	658.56	665.00	114589.00
chr17	8398454	8398559	105	105	550.00	833.00	685.32	680.00	71959.00
chr12	53572943	53574193	1250	1250	0.00	100.00	44.71	48.00	55890.00
chr17	17696544	17701827	5283	5283	24.00	557.00	161.27	132.00	852012.00
chr8	11705187	11705331	144	144	2372.00	3581.00	3116.85	3207.50	448826.00
chr19	54963829	54963931	102	102	172.00	539.00	327.78	284.00	33434.00
chr2	70451682	70456295	4613	4613	0.00	423.00	58.27	37.00	268806.00
chr11	118873959	118874169	210	210	0.00	28.00	9.45	7.00	1985.00
chr10	75548427	75548581	154	154	66.00	158.00	113.62	109.00	17498.00
chr6	33414351	33414563	212	212	1192.00	1786.00	1528.27	1570.00	323994.00
chr17	80042910	80043032	122	122	319.00	700.00	544.78	591.50	66463.00
chr11	11470290	11470483	193	193	261.00	340.00	296.40	294.00	57205.00
chr8	23294446	23294771	325	325	174.00	323.00	250.49	249.00	81409.00
chr1	116932060	116932663	603	603	12.00	3116.00	1075.30	31.00	648405.00
chr15	83222627	83222741	114	114	249.00	431.00	350.75	340.50	39986.00
chr3	9841562	9841751	189	189	61.00	165.00	97.85	89.00	18493.00
chr1	116937731	116937907	176	176	3085.00	7987.00	4657.68	4316.00	819752.00
chr16	87868019	87868197	178	178	260.00	562.00	355.96	331.50	63361.00
chr3	124209540	124209731	191	191	1155.00	1566.00	1387.83	1404.00	265076.00
chr7	71142195	71142291	96	96	1168.00	1447.00	1307.67	1310.50	125536.00
chr5	130497324	130497584	260	260	14.00	113.00	58.60	49.00	15236.00
chr13	100199238	100199358	120	120	1175.00	1661.00	1411.68	1398.00	169402.00
chr5	139943336	139943506	170	170	1.00	686.00	499.86	506.00	84976.00
chr17	74395529	74396002	473	473	85.00	267.00	172.70	159.00	81689.00
chr14	93179149	93179216	67	67	536.00	702.00	601.51	600.00	40301.00
chr4	160277004	160277310	306	306	38.00	926.00	421.39	393.00	128944.00
chr17	40666306	40666478	172	172	1867.00	2547.00	2208.90	2184.50	379931.00
chr15	34828065	34828207	142	142	10.00	407.00	220.02	202.00	31243.00
chr14	100165802	100165876	74	74	2074.00	2565.00	2355.20	2376.50	174285.00
chr22	20128089	20128231	142	142	13.00	391.00	185.20	240.00	26298.00
chr12	3392210	3394421	2211	2211	0.00	205.00	92.40	95.00	204292.00
chr17	16687866	16690667	2801	2801	0.00	324.00	62.08	47.00	173874.00
chr6	31664724	31664810	86	86	316.00	506.00	394.12	396.00	33894.00
chr6	30627512	30627611	99	99	124.00	183.00	159.98	162.00	15838.00
chr11	18752834	18755060	2226	2226	0.00	1566.00	162.92	46.00	362668.00
chr12	109332602	109332731	129	129	790.00	1116.00	901.95	865.00	116351.00
chr6	90072884	90073110	226	226	37.00	82.00	55.38	61.00	12515.00
chr16	2689371	2689711	340	340	18.00	54.00	30.64	29.00	10416.00
chr1	20987373	20987484	111	111	778.00	1178.00	1020.36	1022.00	113260.00
chr14	85985300	85986667	1367	1367	0.00	71.00	27.35	26.00	37394.00
chr13	32863769	32863880	111	111	392.00	708.00	559.49	602.00	62103.00
chr16	1510418	1510528	110	110	170.00	308.00	211.72	206.00	23289.00
chr19	54963269	54963444	175	175	310.00	541.00	401.58	363.00	70276.00
chr6	44224078	44224233	155	155	207.00	344.00	265.02	261.00	41078.00
chr20	3151172	3152285	1113	1113	0.00	47.00	16.43	15.00	18287.00
chr1	892273	892405	132	132	334.00	485.00	390.47	380.00	51542.00
chr16	90192167	90192724	557	557	1.00	40.00	11.93	9.00	6645.00
chr9	111663704	111663810	106	106	144.00	216.00	175.02	177.00	18552.00
chr6	44108764	44108835	71	71	235.00	333.00	281.80	279.00	20008.00
chr1	36028802	36029027	225	225	6988.00	11799.00	8946.86	8406.00	2013043.00
chr11	66807259	66807674	415	415	28.00	342.00	171.80	160.00	71297.00
chr1	178426817	178427679	862	862	44.00	270.00	107.60	83.00	92755.00
chr19	42482302	42482478	176	176	4017.00	5460.00	4728.02	4771.50	832131.00
chr1	44084718	44084873	155	155	390.00	647.00	476.52	470.00	73861.00
chr1	109812315	109812442	127	127	805.00	1126.00	945.77	915.00	120113.00
chr3	180324268	180324391	123	123	299.00	455.00	379.85	395.00	46722.00
chr15	63933668	63933842	174	174	179.00	351.00	254.55	250.00	44291.00
chr20	44521363	44521519	156	156	419.00	703.00	554.19	564.00	86454.00
chr3	33416779	33416910	131	131	483.00	771.00	608.05	608.00	79654.00
chr1	21934624	21934843	219	219	0.00	2228.00	849.77	1052.00	186099.00
chr14	69799801	69799886	85	85	340.00	498.00	426.01	436.00	36211.00
chr1	116936134	116936345	211	211	0.00	4451.00	3437.95	3676.00	725408.00
chr14	23634493	23634645	152	152	58.00	122.00	83.66	79.50	12717.00
chr16	1402538	1402947	409	409	0.00	48.00	17.90	14.00	7321.00
chr9	20331	25000	4669	4669	0.00	217.00	22.36	9.00	104398.00
chr17	43545574	43545959	385	385	29.00	82.00	53.94	55.00	20765.00
chr13	100201418	100201476	58	58	1401.00	1700.00	1523.36	1493.50	88355.00
chr15	41865505	41865665	160	160	610.00	1308.00	883.17	823.00	141307.00
chr19	19641688	19642196	508	508	10.00	54.00	29.72	28.00	15096.00
chr11	134147593	134148159	566	566	19.00	138.00	66.42	58.00	37592.00
chr2	71656420	71657290	870	870	20.00	132.00	60.92	56.00	53002.00
chr7	97834775	97835016	241	241	220.00	416.00	333.36	352.00	80340.00
chr19	13363804	13363915	111	111	149.00	198.00	174.02	175.00	19316.00
chr18	31328383	31329011	628	628	0.00	78.00	29.38	27.00	18449.00
chr16	66431884	66432009	125	125	48.00	84.00	66.71	67.00	8339.00
chr19	47935155	47935702	547	547	10.00	2573.00	1022.27	1414.00	559182.00
chr12	50291769	50291873	104	104	2073.00	3430.00	2600.72	2598.00	270475.00
chr11	1780198	1780317	119	119	4120.00	5351.00	4543.53	4482.00	540680.00
chr15	65392626	65393167	541	541	0.00	42.00	15.48	15.00	8373.00
chr2	86397871	86397967	96	96	250.00	350.00	294.24	295.00	28247.00
chr7	97866087	97866233	146	146	182.00	340.00	267.09	279.50	38995.00
chr11	60687157	60687402	245	245	183.00	516.00	315.08	276.00	77195.00
chr21	43307700	43309453	1753	1753	18.00	217.00	89.67	85.00	157196.00
chr14	24619269	24619657	388	388	39.00	271.00	132.42	120.00	51380.00
chr11	65320634	65320727	93	93	151.00	251.00	201.62	209.00	18751.00
chr16	29891184	29891385	201	201	994.00	1690.00	1367.07	1466.00	274782.00
chr1	32207224	32207326	102	102	1252.00	1525.00	1385.23	1389.50	141293.00
chr11	72300218	72300394	176	176	0.00	1617.00	499.09	20.00	87839.00
chr17	7608878	7609038	160	160	74.00	572.00	280.64	285.00	44902.00
chr19	7607646	7607814	168	168	299.00	451.00	382.35	383.50	64235.00
chr19	54966129	54966271	142	142	261.00	481.00	385.44	391.50	54733.00
chr12	57995027	57995131	104	104	423.00	594.00	528.35	533.00	54948.00
chr1	27428875	27429049	174	174	106.00	191.00	149.82	151.50	26068.00
chr2	27688277	27688385	108	108	66.00	140.00	111.80	119.00	12074.00
chr16	2691449	2692254	805	805	0.00	92.00	37.10	40.00	29864.00
chr9	131503813	131503933	120	120	1094.00	1370.00	1216.45	1197.00	145974.00
chr16	2347766	2347922	156	156	303.00	471.00	372.52	364.00	58113.00
chr17	80039884	80040036	152	152	713.00	999.00	843.97	814.00	128284.00
chr1	32204432	32204538	106	106	1305.00	2087.00	1618.29	1619.50	171539.00
chr12	9242951	9243078	127	127	539.00	770.00	650.46	656.00	82608.00
chr3	49702661	49702751	90	90	495.00	641.00	583.61	587.00	52525.00
chr19	35820359	35820837	478	478	0.00	102.00	49.20	53.00	23516.00
chr1	201456762	201457615	853	853	19.00	120.00	68.37	71.00	58316.00
chr16	2334279	2334438	159	159	468.00	719.00	584.38	588.00	92917.00
chr10	73578373	73578481	108	108	13989.00	16526.00	14955.15	14922.50	1615156.00
chr16	18530550	18530756	206	206	0.00	1364.00	773.51	1184.00	159344.00
chr16	16369094	16369300	206	206	0.00	1342.00	761.83	1164.00	156937.00
chr13	113975636	113975785	149	149	33.00	1447.00	594.66	70.00	88604.00
chr11	119293822	119294227	405	405	16.00	12877.00	1093.73	72.00	442960.00
chr5	150505962	150506041	79	79	2592.00	3789.00	3083.89	2911.00	243627.00
chr22	44224939	44225078	139	139	2695.00	3460.00	3002.69	2946.00	417374.00
chr15	41865199	41865309	110	110	786.00	949.00	882.86	885.50	97115.00
chr17	25633807	25636298	2491	2491	3.00	1122.00	324.11	245.00	807359.00
chr15	72495155	72495529	374	374	19.00	10434.00	4051.02	41.00	1515081.00
chr9	42540272	42542124	1852	1852	0.00	87.00	36.13	32.00	66908.00
chr11	119290760	119291704	944	944	13.00	20041.00	5356.68	45.00	5056703.00
chr19	5219949	5220165	216	216	222.00	439.00	333.95	342.00	72133.00
chr15	63910769	63911153	384	384	0.00	24.00	4.26	1.00	1636.00
chr17	74393879	74393969	90	90	280.00	361.00	318.96	319.00	28706.00
chr10	104129467	104129532	65	65	147.00	179.00	162.23	162.00	10545.00
chr3	142454224	142454620	396	396	0.00	39.00	11.72	6.00	4642.00
chr12	121205196	121205396	200	200	545.00	878.00	672.22	658.50	134444.00
chr3	31705570	31705724	154	154	79.00	138.00	108.14	106.50	16654.00
chr6	118635190	118636593	1403	1403	23.00	452.00	213.01	202.00	298860.00
chr8	10339867	10340829	962	962	1.00	70.00	26.96	24.00	25936.00
chr19	16952578	16952779	201	201	232.00	403.00	330.23	336.00	66376.00
chr8	110984486	110985016	530	530	105.00	240.00	168.05	168.00	89067.00
chr9	128001219	128001610	391	391	1077.00	2189.00	1691.80	1760.00	661493.00
chr11	73070878	73070997	119	119	168.00	356.00	265.66	264.00	31613.00
chr10	104130140	104130235	95	95	151.00	260.00	206.14	196.00	19583.00
chr5	95733039	95733173	134	134	30.00	225.00	123.13	130.00	16500.00
chr19	59059400	59059547	147	147	602.00	824.00	714.52	719.00	105035.00
chr5	139943169	139943255	86	86	65.00	433.00	353.72	380.00	30420.00
chr17	73487771	73487981	210	210	172.00	270.00	215.29	217.50	45211.00
chr1	154315588	154315777	189	189	123.00	197.00	167.05	167.00	31572.00
chr14	95652726	95653070	344	344	13.00	120.00	72.73	78.50	25019.00
chr12	123639801	123640772	971	971	10.00	118.00	54.25	48.00	52673.00
chr22	47064870	47065171	301	301	0.00	10.00	1.66	0.00	500.00
chr5	24535220	24535388	168	168	81.00	227.00	138.85	124.00	23326.00
chr12	6806452	6806958	506	506	513.00	1972.00	1138.65	1107.00	576157.00
chr22	29881711	29881836	125	125	610.00	886.00	734.06	739.00	91758.00
chr7	75894681	75894786	105	105	113.00	189.00	161.05	162.00	16910.00
chr12	121089007	121095893	6886	6886	0.00	111.00	21.46	16.00	147794.00
chr1	207940357	207942365	2008	2008	12.00	737.00	113.98	62.00	228877.00
chr7	154681166	154681240	74	74	1949.00	2549.00	2274.74	2235.00	168331.00
chr5	131696513	131697529	1016	1016	0.00	39.00	11.57	9.00	11758.00
chr11	1776135	1776258	123	123	3425.00	4025.00	3661.80	3653.00	450402.00
chr8	11706554	11706673	119	119	2611.00	3233.00	2935.88	2960.00	349370.00
chr11	18759426	18759511	85	85	812.00	1074.00	927.09	922.00	78803.00
chr16	61689373	61689625	252	252	279.00	498.00	418.92	424.00	105569.00
chr15	51750702	51750824	122	122	634.00	842.00	738.42	737.50	90087.00
chr9	35555056	35555698	642	642	442.00	885.00	702.70	692.00	451135.00
chr2	198356200	198356621	421	421	0.00	50.00	20.77	17.00	8744.00
chr9	131001723	131001794	71	71	5171.00	6918.00	6080.31	6102.00	431702.00
chr19	5214371	5214491	120	120	513.00	772.00	687.48	724.00	82497.00
chr22	35719488	35719623	135	135	293.00	477.00	399.84	399.00	53979.00
chr12	121678738	121679829	1091	1091	0.00	35.00	10.80	9.00	11785.00
chr14	23820960	23821064	104	104	4235.00	4956.00	4554.64	4572.50	473683.00
chr1	32205710	32205779	69	69	1335.00	1812.00	1573.57	1559.00	108576.00
chr3	33420176	33420326	150	150	16.00	830.00	311.48	56.00	46722.00
chr9	114820707	114820966	259	259	86.00	214.00	140.29	139.00	36335.00
chr15	41865876	41866023	147	147	20.00	1491.00	1121.67	1162.00	164885.00
chr19	55554308	55554637	329	329	4.00	25.00	11.98	11.00	3943.00
chr1	116933403	116933513	110	110	3997.00	5038.00	4496.25	4469.00	494587.00
chr19	15374230	15374359	129	129	76.00	194.00	138.02	149.00	17805.00
chr12	56090682	56090852	170	170	169.00	305.00	232.75	221.50	39568.00
chr14	69445668	69445876	208	208	74.00	357.00	201.03	180.00	41815.00
chr12	57603474	57603651	177	177	460.00	930.00	681.77	662.00	120673.00
chr22	32897492	32898946	1454	1454	13.00	157.00	79.87	82.00	116130.00
chr16	16367702	16367764	62	62	1.00	525.00	249.94	242.00	15496.00
chr19	5245786	5246056	270	270	81.00	422.00	247.04	258.50	66701.00
chr16	74345440	74345829	389	389	0.00	29.00	11.28	12.00	4387.00
chr6	107096899	107097076	177	177	63.00	208.00	140.17	146.00	24810.00
chr1	29641883	29642019	136	136	130.00	318.00	201.04	188.00	27342.00
chr8	97342440	97342509	69	69	634.00	798.00	704.46	700.00	48608.00
chr8	68116914	68117054	140	140	145.00	217.00	184.79	190.00	25871.00
chr22	22037470	22037546	76	76	269.00	349.00	301.38	294.00	22905.00
chr22	50682147	50683420	1273	1273	27.00	293.00	136.60	118.00	173889.00
chr20	44048971	44049069	98	98	831.00	1093.00	973.31	967.50	95384.00
chr1	36904356	36904511	155	155	292.00	524.00	423.51	416.00	65644.00
chr12	71054719	71054877	158	158	361.00	591.00	454.96	447.00	71883.00
chr15	50654364	50655515	1151	1151	0.00	59.00	12.52	7.00	14406.00
chr2	234198499	234198620	121	121	230.00	390.00	317.04	322.00	38362.00
chr9	128001699	128001812	113	113	1079.00	1298.00	1167.92	1164.00	131975.00
chr8	38272296	38272419	123	123	240.00	532.00	375.11	369.00	46139.00
chr11	73068069	73068179	110	110	249.00	322.00	279.20	276.00	30712.00
chr16	28123137	28123327	190	190	491.00	946.00	704.29	620.50	133816.00
chr12	49424062	49424222	160	160	31.00	151.00	90.86	105.00	14537.00
chr19	50302885	50303023	138	138	830.00	1032.00	919.22	906.50	126853.00
chr19	42480567	42480718	151	151	7096.00	9552.00	8486.68	8617.00	1281489.00
chr3	197904395	197905301	906	906	0.00	53.00	17.91	18.00	16222.00
chr13	100189992	100190117	125	125	660.00	837.00	733.68	728.00	91710.00
chr19	14268062	14268272	210	210	308.00	647.00	493.45	522.50	103625.00
chr10	93786886	93787057	171	171	264.00	369.00	324.75	326.00	55532.00
chr1	109808726	109808828	102	102	522.00	759.00	629.63	642.00	64222.00
chr4	134075461	134075520	59	59	343.00	465.00	387.37	380.00	22855.00
chr1	22052268	22053864	1596	1596	0.00	74.00	27.40	24.00	43727.00
chr9	140056855	140056968	113	113	3188.00	4690.00	4007.89	4120.00	452892.00
chr19	42482087	42482224	137	137	4624.00	8990.00	6753.15	7019.00	925181.00
chr19	4556962	4557025	63	63	1385.00	1594.00	1495.33	1494.00	94206.00
chr19	14266921	14267013	92	92	836.00	1111.00	968.52	965.00	89104.00
chr22	42273851	42274127	276	276	13.00	1607.00	917.45	1304.50	253216.00
chr1	205549788	205550049	261	261	150.00	774.00	447.38	480.00	116767.00
chr1	110765585	110766522	937	937	205.00	712.00	420.67	404.00	394167.00
chr19	55553595	55554158	563	563	0.00	54.00	17.64	15.00	9930.00
chr7	150929881	150931360	1479	1479	44.00	186.00	113.85	118.00	168390.00
chr3	124215157	124215260	103	103	834.00	1658.00	1258.28	1274.00	129603.00
chr16	58220658	58220760	102	102	345.00	464.00	402.58	401.00	41063.00
chr3	10381925	10382033	108	108	431.00	813.00	663.37	675.50	71644.00
chr10	11356101	11356221	120	120	242.00	401.00	326.46	335.00	39175.00
chr22	42294652	42294785	133	133	1779.00	3213.00	2555.59	2531.00	339894.00
chr1	2005531	2005714	183	183	19.00	129.00	85.71	109.00	15685.00
chr12	113722522	113722576	54	54	176.00	206.00	189.93	188.00	10256.00
chr9	131502198	131502398	200	200	15.00	1812.00	1409.16	1504.50	281833.00
chr19	40873602	40873786	184	184	3084.00	4513.00	3949.37	4008.00	726684.00
chr2	220162606	220162825	219	219	1282.00	2313.00	1726.43	1677.00	378088.00
chr16	28270027	28270355	328	328	12.00	63.00	41.55	39.00	13627.00
chr4	3225718	3225858	140	140	322.00	509.00	421.64	419.00	59030.00
chr17	44127898	44128070	172	172	87.00	189.00	135.24	130.00	23261.00
chr3	47462043	47462262	219	219	96.00	448.00	209.68	152.00	45921.00
chr6	99873090	99873182	92	92	19.00	387.00	167.40	175.50	15401.00
chr7	142561723	142562504	781	781	180.00	798.00	390.60	343.00	305056.00
chr1	159169540	159169666	126	126	2753.00	4554.00	3942.25	4132.00	496723.00
chr19	7606869	7606953	84	84	202.00	271.00	238.99	245.50	20075.00
chr16	2811561	2818298	6737	6737	0.00	1132.00	431.72	384.00	2908480.00
chr3	47450652	47450807	155	155	139.00	208.00	167.97	162.00	26036.00
chr11	118403631	118403922	291	291	320.00	492.00	416.11	413.00	121089.00
chr1	205555161	205555335	174	174	771.00	1020.00	865.49	855.50	150595.00
chr12	125603186	125603311	125	125	212.00	425.00	316.22	315.00	39527.00
chr11	86658288	86659498	1210	1210	0.00	129.00	52.17	52.00	63122.00
chr22	37764946	37768745	3799	3799	12.00	1951.00	548.97	486.00	2085538.00
chr10	46345664	46346215	551	551	0.00	45.00	20.40	24.00	11240.00
chr22	33673045	33673241	196	196	899.00	2057.00	1383.33	1326.00	271133.00
chr9	140042599	140042666	67	67	0.00	134.00	92.16	98.00	6175.00
chr3	48717233	48717320	87	87	313.00	409.00	357.87	357.00	31135.00
chr11	60681600	60681740	140	140	19.00	160.00	91.46	84.00	12805.00
chr10	93784512	93784724	212	212	69.00	187.00	105.03	99.00	22266.00
chr12	7289424	7290372	948	948	0.00	1123.00	267.28	14.00	253385.00
chr3	132387062	132387526	464	464	8.00	54.00	27.60	30.00	12805.00
chr16	2335442	2335647	205	205	325.00	983.00	678.52	732.00	139096.00
chr16	1794782	1797276	2494	2494	0.00	1292.00	130.35	56.00	325105.00
chr16	3786036	3786204	168	168	120.00	254.00	195.32	204.00	32813.00
chr9	141131209	141131766	557	557	1.00	40.00	11.93	9.00	6645.00
chr14	92965028	92966015	987	987	16.00	255.00	116.87	95.00	115347.00
chr19	54692070	54692200	130	130	765.00	1395.00	1058.13	1012.50	137557.00
chr15	43866006	43866230	224	224	170.00	686.00	340.79	243.00	76336.00
chr3	40231316	40231954	638	638	201.00	417.00	300.05	294.50	191432.00
chr3	50148937	50149455	518	518	8.00	57.00	31.24	32.00	16184.00
chr4	81117505	81117755	250	250	88.00	200.00	144.82	138.50	36205.00
chr10	46740404	46740638	234	234	0.00	11.00	0.14	0.00	32.00
chr3	124210169	124210271	102	102	964.00	1345.00	1138.24	1145.00	116100.00
chr11	107488830	107488932	102	102	495.00	797.00	622.01	630.00	63445.00
chr9	130591965	130592106	141	141	117.00	174.00	147.69	147.00	20824.00
chr1	20981932	20982027	95	95	952.00	1223.00	1072.23	1058.00	101862.00
chr12	75875613	75875859	246	246	53.00	124.00	89.75	88.00	22078.00
chr22	32046684	32046764	80	80	105.00	157.00	139.91	146.50	11193.00
chr11	70331418	70331658	240	240	78.00	376.00	161.37	139.00	38728.00
chr14	51079976	51080069	93	93	1293.00	1594.00	1417.49	1428.00	131827.00
chr17	80041077	80041301	224	224	708.00	2290.00	1381.36	1192.50	309424.00
chr7	158540884	158540971	87	87	372.00	555.00	458.67	458.00	39904.00
chr1	21553651	21553719	68	68	77.00	169.00	152.62	158.00	10378.00
chr2	219206256	219206349	93	93	301.00	443.00	384.68	383.00	35775.00
chr17	18444211	18445242	1031	1031	0.00	116.00	24.15	16.00	24902.00
chr12	57599340	57599460	120	120	305.00	492.00	383.48	385.00	46017.00
chr11	64417919	64418110	191	191	436.00	658.00	529.46	516.00	101126.00
chr19	3274926	3275650	724	724	8.00	59.00	27.86	26.00	20169.00
chr16	18532086	18532305	219	219	1103.00	1794.00	1401.15	1318.00	306852.00
chr17	3776702	3776756	54	54	1307.00	1708.00	1545.72	1522.00	83469.00
chr1	116932670	116933033	363	363	14.00	4162.00	1850.36	3014.00	671680.00
chr16	1505731	1505796	65	65	233.00	362.00	295.45	289.00	19204.00
chr1	9794029	9794200	171	171	3513.00	4372.00	3900.03	3882.00	666905.00
chr10	73579221	73579379	158	158	8890.00	10733.00	9476.59	9373.50	1497301.00
chr11	6411684	6412146	462	462	19.00	308.00	149.03	131.00	68853.00
chr1	159163212	159163350	138	138	1815.00	2579.00	2071.79	2059.50	285907.00
chr16	1816723	1816804	81	81	1467.00	1900.00	1720.26	1733.00	139341.00
chr7	91722399	91722630	231	231	52.00	305.00	232.29	243.00	53660.00
chr7	44281816	44281939	123	123	2356.00	3267.00	2678.50	2651.00	329456.00
chr2	220467189	220467297	108	108	53.00	88.00	68.52	67.00	7400.00
chr16	4494664	4494729	65	65	527.00	642.00	595.52	592.00	38709.00
chr15	34681844	34681986	142	142	10.00	770.00	355.28	316.50	50450.00
chr9	139995935	139996124	189	189	317.00	679.00	523.38	565.00	98918.00
chr3	180324040	180324160	120	120	252.00	337.00	297.66	303.00	35719.00
chr3	42678359	42681242	2883	2883	68.00	354.00	180.34	178.00	519917.00
chr7	131812776	131815333	2557	2557	0.00	434.00	204.43	199.00	522717.00
chr20	1585387	1585522	135	135	17.00	721.00	363.86	344.00	49121.00
chr3	126751229	126751442	213	213	411.00	703.00	540.96	543.00	115225.00
chr15	63920875	63921014	139	139	491.00	650.00	564.09	568.00	78408.00
chr16	2040128	2040202	74	74	386.00	523.00	457.99	466.00	33891.00
chr9	74324174	74324390	216	216	140.00	310.00	212.83	217.00	45972.00
chr20	44521858	44521950	92	92	543.00	700.00	604.75	603.00	55637.00
chr9	139911647	139911798	151	151	482.00	685.00	578.53	581.00	87358.00
chr9	140055507	140055649	142	142	1003.00	1989.00	1435.23	1463.00	203803.00
chr12	120148055	120148191	136	136	221.00	351.00	277.26	274.00	37708.00
chr12	50474280	50474372	92	92	297.00	360.00	329.97	330.00	30357.00
chr15	63125702	63125828	126	126	568.00	753.00	656.10	650.50	82668.00
chr9	20907148	20907241	93	93	204.00	323.00	267.84	284.00	24909.00
chr16	87874655	87874761	106	106	184.00	446.00	299.37	261.00	31733.00
chr2	162833269	162833460	191	191	5.00	2446.00	1420.69	2252.00	271351.00
chr8	11704560	11704677	117	117	1781.00	3116.00	2322.83	2168.00	271771.00
chr15	63926931	63927087	156	156	403.00	635.00	514.88	520.00	80322.00
chr6	31668718	31668805	87	87	285.00	517.00	403.82	396.00	35132.00
chr7	148910792	148910906	114	114	32.00	51.00	42.87	45.00	4887.00
chr14	42355808	42357213	1405	1405	86.00	372.00	222.75	220.00	312967.00
chr10	88678928	88679226	298	298	80.00	197.00	125.99	128.00	37546.00
chr3	140998219	140998346	127	127	68.00	189.00	124.19	110.00	15772.00
chr1	144859758	144859998	240	240	317.00	543.00	418.60	426.00	100464.00
chr9	96054772	96055455	683	683	256.00	557.00	404.87	399.00	276528.00
chr19	7604803	7604944	141	141	127.00	237.00	160.84	153.00	22679.00
chr12	30906277	30907432	1155	1155	6.00	202.00	65.67	52.00	75849.00
chr9	131112762	131112854	92	92	285.00	396.00	338.63	334.00	31154.00
chr20	61981328	61982379	1051	1051	42.00	221.00	113.98	97.00	119788.00
chr7	38431348	38431618	270	270	606.00	1295.00	939.18	943.50	253579.00
chr20	44521036	44521123	87	87	381.00	615.00	494.89	488.00	43055.00
chr11	64418726	64419108	382	382	324.00	652.00	472.21	469.00	180386.00
chr12	120148344	120150270	1926	1926	0.00	384.00	55.37	22.00	106640.00
chr12	6930971	6931066	95	95	21.00	1035.00	543.64	505.00	51646.00
chr16	2339434	2339621	187	187	311.00	449.00	371.49	361.00	69469.00
chr2	27700083	27700187	104	104	17.00	148.00	69.07	53.00	7183.00
chr14	69805367	69805494	127	127	385.00	499.00	434.52	426.00	55184.00
chr12	9242497	9242619	122	122	791.00	1006.00	879.02	857.50	107241.00
chr3	58256658	58256791	133	133	528.00	756.00	628.60	607.00	83604.00
chr10	79744927	79745098	171	171	115.00	203.00	146.44	139.00	25042.00
chr1	159161725	159161866	141	141	1032.00	1667.00	1358.01	1413.00	191480.00
chr16	31085202	31085519	317	317	0.00	69.00	40.41	43.00	12809.00
chr1	171755018	171755218	200	200	123.00	219.00	163.66	164.00	32732.00
chr9	130988124	130989280	1156	1156	0.00	4053.00	432.68	27.00	500173.00
chr15	63127935	63127998	63	63	570.00	658.00	616.76	617.00	38856.00
chr19	1917676	1917821	145	145	83.00	417.00	334.21	364.00	48461.00
chr22	25315792	25315960	168	168	165.00	304.00	245.86	247.00	41304.00
chr2	207943790	207945085	1295	1295	32.00	203.00	91.47	87.00	118449.00
chr11	47330706	47330952	246	246	0.00	1676.00	722.94	10.00	177844.00
chr3	142743978	142746095	2117	2117	0.00	298.00	43.15	30.00	91351.00
chr7	44839492	44839694	202	202	0.00	35.00	19.00	22.00	3839.00
chr22	31688260	31688471	211	211	34.00	335.00	191.90	191.00	40490.00
chr11	66333492	66333638	146	146	1124.00	1609.00	1370.79	1306.50	200136.00
chr9	131114916	131115026	110	110	406.00	592.00	510.47	541.50	56152.00
chr1	20206	21013	807	807	0.00	103.00	27.84	2.00	22464.00
chr11	108216469	108216635	166	166	60.00	125.00	95.70	98.00	15886.00
chr1	209778880	209779019	139	139	304.00	477.00	379.71	376.00	52780.00
chr1	202935876	202936026	150	150	268.00	589.00	472.41	496.50	70862.00
chr12	57600255	57600524	269	269	332.00	608.00	460.76	459.00	123944.00
chr19	15233503	15233615	112	112	251.00	358.00	309.56	308.50	34671.00
chr8	68115317	68115486	169	169	240.00	530.00	404.18	412.00	68306.00
chr19	13419229	13419342	113	113	63.00	111.00	88.76	89.00	10030.00
chr6	33266815	33267130	315	315	3.00	45.00	23.61	27.00	7438.00
chr16	89780611	89781646	1035	1035	0.00	63.00	17.58	14.00	18199.00
chr12	109964162	109964221	59	59	197.00	244.00	214.76	216.00	12671.00
chr22	24491893	24492045	152	152	108.00	198.00	141.28	138.00	21474.00
chr2	242592926	242593025	99	99	354.00	604.00	488.45	456.00	48357.00
chr1	21937944	21938074	130	130	899.00	1515.00	1133.48	1104.50	147352.00
chr2	223789173	223789313	140	140	590.00	818.00	668.03	657.00	93524.00
chr20	3772318	3772535	217	217	0.00	38.00	17.77	19.00	3857.00
chr16	18531918	18532001	83	83	1280.00	1877.00	1529.39	1517.00	126939.00
chr1	43396296	43396537	241	241	512.00	838.00	701.70	700.00	169109.00
chr2	100037960	100038115	155	155	58.00	179.00	129.03	142.00	20000.00
chr16	1500497	1500770	273	273	4.00	485.00	229.64	261.00	62691.00
chr19	40876016	40876144	128	128	3967.00	5053.00	4476.54	4495.00	572997.00
chr5	168112691	168112932	241	241	177.00	298.00	237.10	241.00	57141.00
chr2	127825738	127825831	93	93	1718.00	2105.00	1958.40	1992.00	182131.00
chr1	19232015	19234990	2975	2975	22.00	234.00	110.05	105.00	327400.00
chr16	1391129	1391196	67	67	406.00	536.00	463.67	466.00	31066.00
chr6	33410665	33411689	1024	1024	6.00	1248.00	647.75	691.00	663296.00
chr9	95872033	95872266	233	233	0.00	9.00	2.88	3.00	671.00
chr1	53378627	53378839	212	212	10.00	47.00	23.40	24.00	4961.00
chr2	80531276	80531693	417	417	89.00	372.00	188.31	172.00	78527.00
chr7	44286718	44286791	73	73	1848.00	2327.00	2119.15	2122.00	154698.00
chr7	157369304	157369471	167	167	1680.00	2567.00	2036.89	1973.00	340160.00
chr11	18755079	18755191	112	112	0.00	996.00	670.79	911.00	75128.00
chr6	86237979	86238080	101	101	732.00	1004.00	872.17	889.00	88089.00
chr8	145000951	145001050	99	99	114.00	155.00	136.46	138.00	13510.00
chr19	45167680	45167966	286	286	11.00	125.00	66.80	72.00	19104.00
chr10	48930165	48930400	235	235	0.00	14.00	2.22	0.00	522.00
chr16	87871450	87871547	97	97	320.00	544.00	441.82	456.00	42857.00
chr1	109815454	109815649	195	195	934.00	1577.00	1192.99	1149.00	232634.00
chr1	208215442	208215711	269	269	84.00	223.00	149.74	145.00	40281.00
chr2	260866	261451	585	585	7.00	62.00	36.16	37.00	21153.00
chr5	180481266	180481724	458	458	12.00	134.00	57.57	44.00	26368.00
chr7	73119479	73119631	152	152	0.00	3325.00	1418.74	0.00	215649.00
chr15	34677248	34677358	110	110	591.00	805.00	694.24	703.50	76366.00
chr16	57687114	57687247	133	133	109.00	160.00	134.63	135.00	17906.00
chr15	50649406	50649592	186	186	0.00	60.00	24.85	26.00	4622.00
chr22	21071995	21072066	71	71	2579.00	3185.00	2847.46	2809.00	202170.00
chr5	179200882	179201561	679	679	0.00	105.00	58.32	57.00	39598.00
chr10	98763824	98763979	155	155	542.00	1124.00	841.72	853.00	130467.00
chr14	102963315	102963457	142	142	315.00	438.00	359.06	353.00	50986.00
chr1	21932558	21933138	580	580	0.00	2637.00	483.23	22.00	280271.00
chr16	28118842	28118998	156	156	653.00	1078.00	828.02	830.00	129171.00
chr1	241767561	241767881	320	320	75.00	215.00	130.08	124.00	41626.00
chr11	66812063	66812184	121	121	236.00	433.00	303.30	272.00	36699.00
chr11	12248571	12248678	107	107	1042.00	1248.00	1114.15	1103.00	119214.00
chr9	130588788	130588951	163	163	66.00	177.00	132.50	147.00	21598.00
chr22	21068915	21068988	73	73	2645.00	3568.00	3233.89	3302.00	236074.00
chr1	43424304	43424531	227	227	21.00	903.00	591.50	728.00	134271.00
chr14	105852021	105853670	1649	1649	17.00	474.00	65.93	61.00	108717.00
chr15	34823469	34823579	110	110	525.00	813.00	680.74	707.00	74881.00
chr11	171365	172282	917	917	0.00	51.00	18.92	19.00	17352.00
chr22	24493976	24494155	179	179	167.00	252.00	204.96	201.00	36687.00
chr15	79291060	79291167	107	107	1068.00	1321.00	1176.75	1178.00	125912.00
chr16	2145904	2146194	290	290	0.00	26.00	10.89	10.00	3158.00
chr9	131503050	131503166	116	116	1053.00	1379.00	1252.47	1261.00	145286.00
chr11	61301983	61302579	596	596	0.00	68.00	20.18	14.00	12025.00
chr22	25308609	25308719	110	110	204.00	279.00	245.93	248.00	27052.00
chr12	63977826	63979986	2160	2160	0.00	77.00	28.03	26.00	60550.00
chr19	46928844	46930933	2089	2089	18.00	946.00	497.49	496.00	1039253.00
chr16	56969146	56969224	78	78	418.00	576.00	517.19	539.00	40341.00
chr17	40665787	40665996	209	209	8.00	3177.00	1493.15	2125.00	312069.00
chr9	131669435	131671600	2165	2165	81.00	630.00	301.65	290.00	653075.00
chr2	220164026	220164271	245	245	0.00	2321.00	709.37	8.00	173796.00
chr19	7589846	7590052	206	206	168.00	279.00	219.85	213.00	45289.00
chr6	91260186	91260268	82	82	265.00	381.00	310.88	299.00	25492.00
chr9	124543742	124543830	88	88	685.00	766.00	726.19	722.00	63905.00
chr12	54071005	54071170	165	165	27.00	94.00	66.85	75.00	11031.00
chr2	40443	41212	769	769	13.00	137.00	78.68	76.00	60506.00
chr11	67852159	67852747	588	588	0.00	40.00	18.79	19.00	11049.00
chr8	8233762	8234810	1048	1048	3.00	110.00	52.81	53.00	55340.00
chr2	175671113	175672148	1035	1035	0.00	47.00	16.53	15.00	17111.00
chr7	138984922	138985438	516	516	0.00	29.00	9.29	9.00	4795.00
chr22	40816850	40817104	254	254	112.00	437.00	272.22	290.00	69145.00
chr19	14263120	14263249	129	129	955.00	1344.00	1125.88	1080.00	145238.00
chr19	16962222	16962345	123	123	291.00	598.00	462.81	493.00	56926.00
chr1	109813838	109813918	80	80	752.00	1120.00	873.35	863.00	69868.00
chr3	49898148	49898562	414	414	0.00	2973.00	1359.78	2083.00	562948.00
chr17	17131202	17131510	308	308	0.00	249.00	156.42	170.00	48177.00
chr1	21936067	21936139	72	72	707.00	984.00	822.50	783.00	59220.00
chr3	130424404	130424615	211	211	78.00	201.00	148.64	151.00	31364.00
chr12	56532710	56532797	87	87	203.00	304.00	265.08	267.00	23062.00
chr16	29888591	29888788	197	197	1419.00	2079.00	1693.04	1619.00	333529.00
chr2	114394588	114396196	1608	1608	14.00	177.00	78.04	74.00	125493.00
chr3	124180736	124180803	67	67	643.00	798.00	713.73	717.00	47820.00
chr9	111798485	111798660	175	175	167.00	315.00	251.84	261.00	44072.00
chr10	73847897	73848372	475	475	44.00	1329.00	711.65	837.00	338033.00
chr22	21075585	21075706	121	121	1594.00	2562.00	2052.91	2012.00	248402.00
chr22	20920753	20921104	351	351	77.00	412.00	222.71	229.00	78172.00
chr9	140953020	140953185	165	165	52.00	178.00	109.09	114.00	18000.00
chr22	41620970	41621075	105	105	168.00	257.00	203.50	198.00	21367.00
chr11	6243671	6243839	168	168	98.00	232.00	180.57	190.00	30336.00
chr15	74704225	74704353	128	128	213.00	467.00	322.31	324.50	41256.00
chr3	48719780	48719985	205	205	226.00	409.00	319.12	336.00	65419.00
chr1	222833247	222833348	101	101	159.00	300.00	231.48	231.00	23379.00
chr1	6583675	6584824	1149	1149	35.00	212.00	99.71	94.00	114563.00
chr11	126135857	126135976	119	119	662.00	811.00	731.08	724.00	86998.00
chr8	75156763	75157410	647	647	115.00	626.00	281.31	229.00	182005.00
chr15	83345212	83345389	177	177	489.00	761.00	639.01	655.00	113104.00
chr14	68031638	68032561	923	923	0.00	69.00	23.09	24.00	21312.00
chr19	42479780	42479949	169	169	7308.00	11888.00	9173.84	8908.00	1550379.00
chr16	31503329	31503407	78	78	725.00	929.00	814.00	807.00	63492.00
chr17	1564564	1564700	136	136	280.00	446.00	347.63	329.00	47278.00
chr16	58717858	58718082	224	224	13.00	58.00	35.14	38.00	7871.00
chr14	71575320	71575763	443	443	130.00	355.00	250.86	267.00	111130.00
chr1	202934498	202934628	130	130	359.00	649.00	458.87	431.00	59653.00
chr7	73118477	73118586	109	109	1854.00	2379.00	2183.00	2205.00	237947.00
chr19	13365908	13366073	165	165	150.00	260.00	204.82	199.00	33796.00
chr10	102265117	102265958	841	841	8.00	87.00	47.29	46.00	39768.00
chr9	139983320	139983457	137	137	153.00	299.00	223.26	218.00	30586.00
chr18	29206245	29206347	102	102	386.00	557.00	460.45	453.00	46966.00
chr12	120578662	120578827	165	165	159.00	272.00	210.54	209.00	34739.00
chr5	757516	758226	710	710	9.00	106.00	44.47	44.00	31577.00
chr8	21632483	21632567	84	84	94.00	138.00	107.85	106.00	9059.00
chr4	54011499	54011749	250	250	54.00	268.00	130.52	116.00	32629.00
chr8	141680613	141681365	752	752	0.00	108.00	47.08	56.00	35404.00
chr11	57367351	57367850	499	499	79.00	286.00	170.75	165.00	85203.00
chr12	63980009	63980784	775	775	0.00	30.00	10.67	11.00	8268.00
chr9	140057042	140057203	161	161	5.00	5087.00	4312.68	4617.00	694342.00
chr2	7055953	7056098	145	145	56.00	129.00	95.27	101.00	13814.00
chr12	52387768	52389043	1275	1275	43.00	724.00	372.24	367.00	474609.00
chr19	50104931	50105175	244	244	115.00	406.00	216.88	194.00	52919.00
chr19	5218430	5218543	113	113	537.00	832.00	704.24	701.00	79579.00
chr16	29898969	29899138	169	169	518.00	1020.00	761.05	743.00	128618.00
chr7	99030900	99031041	141	141	39.00	107.00	77.29	84.00	10898.00
chr17	36692926	36693212	286	286	0.00	20.00	7.57	10.00	2166.00
chr15	73857770	73859335	1565	1565	3.00	178.00	73.70	74.00	115340.00
chr6	44104085	44104176	91	91	165.00	253.00	214.78	222.00	19545.00
chr1	21938518	21938602	84	84	878.00	1325.00	1136.81	1207.50	95492.00
chr19	13423482	13423595	113	113	33.00	87.00	52.65	45.00	5949.00
chr16	70292882	70293089	207	207	1166.00	2770.00	2083.91	2019.00	431370.00
chr18	61060641	61060782	141	141	297.00	485.00	405.77	404.00	57213.00
chr16	22269814	22270016	202	202	6.00	106.00	55.08	53.50	11127.00
chr1	21554423	21554534	111	111	49.00	157.00	96.32	75.00	10691.00
chr9	140057255	140057455	200	200	0.00	5645.00	3789.94	4651.50	757988.00
chr7	1488255	1488397	142	142	12.00	53.00	31.18	31.00	4428.00
chr14	100166351	100166438	87	87	1860.00	2298.00	2065.38	2075.00	179688.00
chr9	101065522	101065705	183	183	744.00	1145.00	897.33	880.00	164212.00
chr5	68411752	68412041	289	289	115.00	253.00	189.85	188.00	54867.00
chr1	2452539	2452754	215	215	132.00	229.00	178.19	182.00	38311.00
chr1	21564626	21564737	111	111	54.00	99.00	85.75	88.00	9518.00
chr13	42037713	42039066	1353	1353	0.00	57.00	21.52	18.00	29112.00
chr2	114350236	114350443	207	207	0.00	14.00	6.72	3.00	1392.00
chr1	21939668	21939722	54	54	1184.00	1515.00	1327.93	1309.00	71708.00
chr9	139353895	139354007	112	112	91.00	169.00	127.17	124.00	14243.00
chr7	102176367	102176618	251	251	0.00	90.00	41.25	30.00	10353.00
chr3	51411753	51412018	265	265	4.00	505.00	186.17	26.00	49334.00
chr17	73888091	73888266	175	175	17.00	123.00	57.75	55.00	10106.00
chr13	103297258	103297435	177	177	0.00	138.00	62.89	88.00	11132.00
chr15	63922664	63922834	170	170	405.00	655.00	537.11	541.50	91309.00
chr3	33400774	33400849	75	75	406.00	506.00	452.31	456.00	33923.00
chr22	50671744	50671955	211	211	104.00	231.00	175.64	188.00	37060.00
chr1	21190968	21191205	237	237	429.00	1093.00	800.30	891.00	189672.00
chr5	14481649	14481727	78	78	384.00	455.00	415.14	413.00	32381.00
chr15	101605556	101606410	854	854	0.00	90.00	40.45	42.00	34542.00
chr17	80040402	80040554	152	152	1162.00	1687.00	1487.62	1514.00	226118.00
chr2	132269293	132270897	1604	1604	1.00	107.00	53.33	52.00	85548.00
chr11	1778553	1778786	233	233	3729.00	6994.00	5595.66	5621.00	1303788.00
chr11	1469616	1469808	192	192	2.00	12.00	5.64	5.00	1082.00
chr12	120138549	120138630	81	81	335.00	449.00	401.22	399.00	32499.00
chr7	901016	901101	85	85	731.00	860.00	798.81	804.00	67899.00
chr19	13372263	13372424	161	161	145.00	272.00	222.40	235.00	35807.00
chr17	40843154	40843311	157	157	456.00	692.00	590.96	601.00	92781.00
chr17	80039476	80039719	243	243	831.00	1373.00	1062.19	1015.00	258112.00
chr17	16681109	16687365	6256	6256	0.00	329.00	111.55	109.00	697882.00
chr1	116935475	116935610	135	135	3101.00	4387.00	3858.81	3981.00	520939.00
chr6	128294808	128294972	164	164	392.00	567.00	471.57	465.50	77337.00
chr5	109189927	109190617	690	690	0.00	20.00	2.93	0.00	2020.00
chr15	40757533	40757634	101	101	70.00	235.00	181.44	193.00	18325.00
chr2	220164706	220164981	275	275	1185.00	2268.00	1939.33	2024.00	533316.00
chr3	164905164	164908639	3475	3475	6.00	692.00	177.49	146.00	616771.00
chr11	60699157	60699356	199	199	236.00	717.00	605.01	612.00	120396.00
chr2	96680301	96680717	416	416	0.00	58.00	19.89	13.00	8276.00
chr17	40845314	40845554	240	240	629.00	1079.00	806.02	764.00	193445.00
chr12	125264513	125265391	878	878	3.00	91.00	47.81	51.00	41977.00
chr1	156623704	156624158	454	454	0.00	45.00	9.46	5.00	4295.00
chr6	108370456	108370622	166	166	545.00	804.00	644.61	630.50	107005.00
chr11	19180486	19180587	101	101	61.00	173.00	146.69	158.00	14816.00
chr19	42489069	42489338	269	269	1458.00	3430.00	2431.72	2494.00	654132.00
chr2	198274493	198274731	238	238	312.00	461.00	391.84	392.00	93258.00
chr6	47220991	47221257	266	266	469.00	1035.00	702.47	679.00	186857.00
chr19	40872679	40872822	143	143	2747.00	3433.00	3022.59	2987.00	432230.00
chr19	54693278	54693627	349	349	2.00	517.00	219.05	121.00	76449.00
chr12	81929	82174	245	245	0.00	28.00	16.18	15.00	3965.00
chr21	45513943	45514114	171	171	288.00	393.00	342.78	342.00	58616.00
chr3	124201630	124201747	117	117	8.00	1141.00	757.56	895.00	88634.00
chr17	79805118	79805223	105	105	897.00	1260.00	1081.96	1072.00	113606.00
chr20	46307419	46307548	129	129	454.00	568.00	513.71	515.00	66268.00
chr17	38187790	38187873	83	83	232.00	384.00	300.67	268.00	24956.00
chr2	207452814	207452878	64	64	672.00	869.00	763.94	756.50	48892.00
chr17	45695715	45695823	108	108	1339.00	1640.00	1453.10	1451.50	156935.00
chr7	44283023	44283126	103	103	1917.00	2425.00	2191.84	2223.00	225760.00
chr20	62274975	62275284	309	309	5.00	7575.00	3827.23	5804.00	1182613.00
chr11	108202605	108202764	159	159	44.00	157.00	116.37	111.00	18503.00
chr9	140051314	140051489	175	175	1246.00	1941.00	1725.95	1783.00	302041.00
chr22	45574118	45574781	663	663	96.00	300.00	186.15	181.00	123417.00
chr15	79312382	79312446	64	64	535.00	633.00	583.72	588.00	37358.00
chr1	21940120	21940199	79	79	1262.00	1564.00	1418.23	1435.00	112040.00
chr17	3775847	3775921	74	74	1500.00	1884.00	1705.43	1715.00	126202.00
chr7	73133931	73134019	88	88	12.00	2280.00	686.76	402.00	60435.00
chr11	72292920	72292991	71	71	1787.00	2070.00	1911.75	1907.00	135734.00
chr7	43547616	43547730	114	114	140.00	242.00	193.70	195.00	22082.00
chr16	58713760	58714145	385	385	11.00	100.00	53.70	55.00	20676.00
chr22	21083600	21083794	194	194	1306.00	1822.00	1497.19	1463.00	290455.00
chr11	66457275	66457414	139	139	1671.00	2209.00	1944.63	1924.00	270304.00
chr15	91561034	91561115	81	81	78.00	133.00	112.35	117.00	9100.00
chr11	2968525	2969001	476	476	0.00	44.00	15.79	18.00	7515.00
chr19	34869838	34869910	72	72	3474.00	4091.00	3780.78	3764.50	272216.00
chr9	121970996	121971219	223	223	664.00	1106.00	855.17	845.00	190704.00
chr3	47449772	47449980	208	208	20.00	208.00	103.38	118.50	21504.00
chr12	57601820	57601999	179	179	568.00	1182.00	848.25	821.00	151836.00
chr16	2345590	2345741	151	151	426.00	669.00	570.93	572.00	86211.00
chr12	50471782	50471910	128	128	255.00	359.00	314.61	323.00	40270.00
chr1	109814221	109814344	123	123	979.00	1724.00	1413.30	1444.00	173836.00
chr19	16942304	16942458	154	154	198.00	289.00	244.39	252.00	37636.00
chr11	66333301	66333398	97	97	1124.00	1635.00	1391.88	1420.00	135012.00
chr5	74026084	74026223	139	139	351.00	582.00	437.45	410.00	60805.00
chr5	68417520	68417722	202	202	135.00	351.00	260.36	268.00	52593.00
chr19	15272262	15272525	263	263	145.00	249.00	196.97	201.00	51803.00
chr3	45872404	45872482	78	78	396.00	611.00	526.60	554.00	41075.00
chr7	73123374	73123452	78	78	2281.00	3770.00	3186.10	3340.50	248516.00
chr5	14498197	14498360	163	163	378.00	511.00	434.47	432.00	70818.00
chr14	93180167	93180230	63	63	463.00	610.00	521.68	527.00	32866.00
chr9	130984739	130984875	136	136	4270.00	6416.00	5322.31	5057.00	723834.00
chr13	31216764	31216894	130	130	103.00	205.00	165.63	161.00	21532.00
chr12	112614399	112614506	107	107	244.00	579.00	462.69	460.00	49508.00
chr12	57602865	57602982	117	117	743.00	1045.00	882.92	847.00	103302.00
chr14	72976861	72976987	126	126	105.00	205.00	149.85	135.00	18881.00
chr1	155209406	155209553	147	147	274.00	585.00	402.97	369.00	59237.00
chr10	49633930	49634113	183	183	369.00	568.00	466.34	460.00	85341.00
chr16	84100093	84100218	125	125	622.00	886.00	783.10	800.00	97887.00
chr1	155207924	155208097	173	173	433.00	703.00	566.34	590.00	97977.00
chr12	2786898	2787033	135	135	27.00	83.00	48.61	41.00	6562.00
chr2	233755457	233756197	740	740	0.00	1166.00	188.77	21.00	139689.00
chr14	60631894	60632099	205	205	47.00	357.00	153.12	156.00	31390.00
chr1	11151549	11151654	105	105	157.00	224.00	192.39	191.00	20201.00
chr4	134076071	134076178	107	107	320.00	526.00	440.86	450.00	47172.00
chr15	91420364	91420441	77	77	148.00	240.00	186.10	184.00	14330.00
chr5	114961533	114961755	222	222	24.00	383.00	219.09	255.00	48637.00
chr16	1814047	1814211	164	164	0.00	1224.00	626.71	1014.00	102780.00
chr18	44250463	44252581	2118	2118	7.00	293.00	158.15	166.00	334971.00
chr6	158049380	158049518	138	138	242.00	353.00	291.93	287.50	40287.00
chr19	7675585	7675679	94	94	89.00	151.00	130.84	137.00	12299.00
chr13	99461604	99461719	115	115	3.00	962.00	692.23	647.00	79607.00
chr11	130010829	130011467	638	638	0.00	6301.00	645.21	28.00	411642.00
chr11	107526658	107526792	134	134	1166.00	1673.00	1452.25	1511.50	194602.00
chr16	1391294	1391490	196	196	415.00	614.00	513.13	497.50	100574.00
chr1	38182716	38184158	1442	1442	30.00	400.00	204.33	208.00	294637.00
chr5	179231023	179231323	300	300	0.00	36.00	10.21	4.00	3062.00
chr14	69814593	69814719	126	126	363.00	631.00	470.43	443.50	59274.00
chr14	69349174	69349309	135	135	573.00	770.00	661.51	660.00	89304.00
chr19	7614792	7614998	206	206	349.00	615.00	495.88	480.00	102151.00
chr1	228270375	228270466	91	91	25.00	3058.00	962.23	434.00	87563.00
chr1	38186022	38186315	293	293	17.00	191.00	97.57	94.00	28587.00
chr13	77641715	77641999	284	284	918.00	1433.00	1201.51	1203.50	341230.00
chr14	100157417	100157498	81	81	578.00	1163.00	826.84	720.00	66974.00
chr13	32978280	32979333	1053	1053	1.00	292.00	55.23	36.00	58159.00
chr12	7301567	7301794	227	227	1330.00	2137.00	1692.44	1572.00	384183.00
chr9	123583116	123583257	141	141	126.00	238.00	180.63	175.00	25469.00
chr17	26883183	26883284	101	101	477.00	558.00	516.71	518.00	52188.00
chr12	6972993	6973137	144	144	720.00	1064.00	905.83	907.00	130439.00
chr20	34322310	34322637	327	327	0.00	25.00	11.26	9.00	3683.00
chr19	7606407	7606570	163	163	244.00	385.00	307.85	299.00	50180.00
chr16	2333186	2333373	187	187	8.00	1164.00	802.43	858.00	150054.00
chr12	113825548	113825711	163	163	320.00	455.00	403.29	410.00	65737.00
chr7	4802013	4807749	5736	5736	0.00	342.00	103.40	83.00	593103.00
chr1	43394880	43394985	105	105	970.00	1274.00	1126.34	1157.00	118266.00
chr19	4554399	4554488	89	89	1529.00	1957.00	1768.89	1812.00	157431.00
chr16	31719139	31719372	233	233	15.00	88.00	47.05	48.00	10963.00
chr5	134060669	134061744	1075	1075	8.00	294.00	139.17	145.00	149603.00
chr1	202936318	202936371	53	53	35.00	271.00	156.17	211.00	8277.00
chr2	220087366	220087615	249	249	468.00	819.00	628.91	650.00	156598.00
chr2	36764494	36764689	195	195	185.00	543.00	349.50	349.00	68152.00
chr7	43519208	43519343	135	135	143.00	262.00	210.24	204.00	28382.00
chr10	51249585	51249993	408	408	0.00	36.00	20.30	25.00	8282.00
chr6	32123647	32123755	108	108	195.00	299.00	248.64	243.00	26853.00
chr3	118624442	118624692	250	250	4.00	119.00	48.88	21.00	12219.00
chr1	190129797	190130020	223	223	47.00	112.00	85.25	87.00	19011.00
chr9	131004491	131004624	133	133	0.00	9268.00	7495.82	8721.00	996944.00
chr22	33679187	33679334	147	147	917.00	1101.00	999.47	997.00	146922.00
chr15	74709931	74710016	85	85	156.00	253.00	204.98	198.00	17423.00
chr7	6470110	6470238	128	128	54.00	103.00	72.73	72.00	9310.00
chr1	6640600	6641359	759	759	31.00	101.00	56.45	53.00	42848.00
chr16	31510622	31510728	106	106	415.00	568.00	494.98	508.00	52468.00
chr4	103710287	103711803	1516	1516	5.00	118.00	55.53	53.00	84176.00
chr19	2862339	2862746	407	407	0.00	50.00	20.97	26.00	8533.00
chr2	15467873	15467994	121	121	122.00	180.00	145.86	144.00	17649.00
chr2	36780721	36781492	771	771	1.00	75.00	30.85	31.00	23782.00
chr10	81070680	81070941	261	261	53.00	139.00	103.20	111.00	26936.00
chr2	217234866	217235986	1120	1120	62.00	349.00	177.11	165.00	198361.00
chr10	93786348	93786508	160	160	88.00	265.00	175.74	179.00	28119.00
chr17	20268785	20269076	291	291	0.00	28.00	12.54	10.00	3649.00
chr9	131002006	131002062	56	56	20.00	7899.00	6852.25	7431.00	383726.00
chr1	155208307	155208441	134	134	498.00	700.00	575.87	571.00	77167.00
chr2	162833877	162834373	496	496	0.00	1701.00	158.30	30.00	78515.00
chr9	35799614	35799728	114	114	84.00	130.00	105.71	100.00	12051.00
chr20	62517856	62519234	1378	1378	28.00	475.00	107.69	86.00	148398.00
chr22	35942847	35943127	280	280	105.00	383.00	283.77	303.00	79455.00
chr13	26436438	26436546	108	108	196.00	278.00	234.38	229.00	25313.00
chr14	69371371	69371453	82	82	266.00	532.00	368.34	341.00	30204.00
chr7	44031274	44031581	307	307	1.00	48.00	21.53	24.00	6610.00
chr11	12274988	12275291	303	303	0.00	83.00	34.60	39.00	10484.00
chr5	1334403	1334498	95	95	614.00	817.00	718.04	737.00	68214.00
chr19	34868639	34868786	147	147	3691.00	4763.00	4180.87	4160.00	614588.00
chr16	1815960	1816143	183	183	857.00	1154.00	1002.26	989.00	183414.00
chr10	73578787	73578868	81	81	10254.00	14916.00	12608.70	12634.00	1021305.00
chr17	37420427	37420640	213	213	19.00	84.00	51.04	56.00	10871.00
chr5	60835422	60835586	164	164	17.00	45.00	29.76	31.00	4881.00
chr15	79296143	79296517	374	374	641.00	1408.00	1069.30	1099.00	399917.00
chr19	13039568	13039661	93	93	810.00	1120.00	954.13	961.00	88734.00
chr12	49421585	49421713	128	128	148.00	263.00	209.62	215.00	26831.00
chr1	1661057	1662583	1526	1526	21.00	1030.00	442.43	402.00	675146.00
chr2	207457340	207457460	120	120	756.00	1037.00	865.22	837.00	103826.00
chr11	64542462	64543441	979	979	0.00	65.00	19.12	16.00	18723.00
chr20	61910250	61910347	97	97	303.00	515.00	393.91	366.00	38209.00
chr11	62394042	62394156	114	114	627.00	1049.00	813.95	777.00	92790.00
chr5	37301538	37301652	114	114	48.00	144.00	95.84	100.00	10926.00
chr16	4733843	4733933	90	90	519.00	688.00	593.91	586.00	53452.00
chr15	43693913	43694048	135	135	136.00	248.00	190.47	194.00	25714.00
chr11	18764538	18764622	84	84	627.00	791.00	705.21	702.50	59238.00
chr17	57842331	57842499	168	168	184.00	665.00	315.35	275.50	52978.00
chr9	96076729	96078064	1335	1335	0.00	67.00	26.99	28.00	36032.00
chr11	12246219	12246367	148	148	826.00	1020.00	909.41	913.00	134592.00
chr12	7030743	7031565	822	822	1.00	10871.00	4113.36	29.00	3381181.00
chr3	14523178	14523349	171	171	43.00	92.00	67.83	69.00	11599.00
chr5	758508	759483	975	975	4.00	97.00	32.30	25.00	31497.00
chr12	22635490	22635677	187	187	64.00	201.00	145.74	163.00	27254.00
chr5	14479369	14479459	90	90	318.00	517.00	454.49	469.00	40904.00
chr6	143655214	143656079	865	865	0.00	85.00	33.26	28.00	28770.00
chr7	75508360	75508578	218	218	450.00	4710.00	3258.70	3859.50	710397.00
chr11	60697981	60698131	150	150	211.00	481.00	319.55	313.00	47933.00
chr1	151400598	151400889	291	291	96.00	182.00	134.52	132.00	39145.00
chr5	172196431	172197309	878	878	13.00	657.00	237.71	104.00	208706.00
chr3	49152660	49152794	134	134	93.00	251.00	138.43	115.00	18549.00
chr7	5518281	5519950	1669	1669	87.00	361.00	199.88	193.00	333599.00
chr17	16691106	16691449	343	343	0.00	411.00	188.29	237.00	64583.00
chr2	220086993	220087172	179	179	573.00	1209.00	952.01	973.00	170409.00
chr10	51746916	51748006	1090	1090	0.00	166.00	46.13	38.00	50282.00
chr12	7302118	7302289	171	171	2245.00	3004.00	2611.85	2613.00	446627.00
chr11	59562844	59562955	111	111	74.00	162.00	110.37	114.00	12251.00
chr12	6100984	6101184	200	200	88.00	161.00	126.38	127.00	25275.00
chr19	5683274	5683627	353	353	4.00	30.00	15.03	15.00	5307.00
chr12	2786259	2786387	128	128	91.00	137.00	112.63	115.00	14417.00
chr15	26812727	26812880	153	153	536.00	926.00	709.63	669.00	108574.00
chr1	149007980	149008798	818	818	0.00	110.00	44.05	40.00	36031.00
chr19	54965608	54965861	253	253	151.00	302.00	231.84	239.00	58655.00
chr8	27293259	27293310	51	51	1339.00	1650.00	1546.82	1554.00	78888.00
chr15	23014437	23014528	91	91	277.00	424.00	367.85	379.00	33474.00
chr1	111717500	111717585	85	85	273.00	430.00	355.69	364.00	30234.00
chr6	150157220	150157433	213	213	623.00	1186.00	952.83	941.00	202952.00
chr13	114566547	114566670	123	123	197.00	410.00	318.82	351.00	39215.00
chr16	58539291	58539605	314	314	0.00	40.00	13.69	8.00	4298.00
chr1	21936612	21936768	156	156	823.00	1604.00	1234.77	1246.50	192624.00
chr1	17322880	17322991	111	111	792.00	1274.00	1013.43	1012.00	112491.00
chr11	60699455	60699599	144	144	618.00	884.00	722.04	692.50	103974.00
chr5	6749669	6749770	101	101	208.00	314.00	274.07	276.00	27681.00
chr16	2156805	2156949	144	144	169.00	546.00	315.94	300.00	45496.00
chr15	34690834	34690930	96	96	98.00	222.00	156.91	144.00	15063.00
chr3	11074933	11075425	492	492	0.00	906.00	168.95	14.00	83124.00
chr5	74655222	74655381	159	159	752.00	1023.00	892.06	916.00	141837.00
chr20	20022968	20023160	192	192	175.00	280.00	220.58	214.00	42351.00
chr2	39055481	39055578	97	97	41.00	127.00	88.21	95.00	8556.00
chr19	16793231	16793528	297	297	0.00	455.00	126.22	12.00	37488.00
chr2	219205450	219205509	59	59	322.00	372.00	342.31	338.00	20196.00
chr17	74087429	74087729	300	300	8.00	66.00	35.23	34.00	10570.00
chr3	184058150	184060036	1886	1886	4.00	4149.00	462.95	48.50	873119.00
chr6	90333128	90333263	135	135	198.00	367.00	290.38	289.00	39201.00
chr12	125267019	125267429	410	410	0.00	201.00	60.50	28.00	24805.00
chr1	207942580	207943104	524	524	36.00	234.00	119.64	119.00	62692.00
chr4	89356876	89357043	167	167	80.00	231.00	139.50	116.00	23296.00
chr7	101995498	101995736	238	238	0.00	9.00	2.30	0.00	548.00
chr3	11067458	11067562	104	104	665.00	891.00	783.63	790.50	81498.00
chr5	95734582	95734740	158	158	49.00	173.00	135.08	150.00	21343.00
chr6	152529106	152529341	235	235	602.00	839.00	702.68	703.00	165129.00
chr5	102295578	102295763	185	185	479.00	987.00	726.02	684.00	134314.00
chr22	21072980	21073110	130	130	1207.00	2794.00	1947.19	1867.50	253135.00
chr12	121855306	121855714	408	408	170.00	619.00	284.24	258.00	115968.00
chr1	160326389	160326544	155	155	483.00	700.00	628.65	633.00	97440.00
chr11	60670930	60671007	77	77	803.00	1144.00	970.79	1002.00	74751.00
chr17	79804822	79804948	126	126	909.00	1288.00	1172.45	1197.00	147729.00
chr16	18527204	18527332	128	128	2021.00	3116.00	2694.91	2762.50	344949.00
chr16	16372518	16372646	128	128	1993.00	3070.00	2647.62	2714.50	338896.00
chr2	32750530	32750695	165	165	89.00	273.00	169.13	171.00	27906.00
chr14	69369193	69369279	86	86	463.00	612.00	548.90	558.00	47205.00
chr7	66418212	66418356	144	144	520.00	716.00	605.27	607.50	87159.00
chr6	44107988	44108097	109	109	269.00	333.00	300.00	303.00	32700.00
chr7	70885893	70886091	198	198	1064.00	2338.00	1590.74	1543.50	314966.00
chr8	27295281	27295397	116	116	962.00	1591.00	1290.14	1306.50	149656.00
chr7	73122918	73123018	100	100	3098.00	3665.00	3345.88	3349.00	334588.00
chr15	34698874	34699071	197	197	55.00	332.00	121.14	85.00	23864.00
chr8	22009343	22009513	170	170	354.00	638.00	514.31	527.50	87432.00
chr7	1526557	1526737	180	180	149.00	298.00	239.80	249.00	43164.00
chr5	178053946	178054065	119	119	4.00	157.00	62.57	35.00	7446.00
chr12	6103027	6103369	342	342	63.00	180.00	118.78	110.50	40623.00
chr2	3479491	3480482	991	991	0.00	76.00	22.46	16.00	22254.00
chr3	33883388	33883566	178	178	190.00	335.00	287.17	292.00	51116.00
chr19	11019778	11019883	105	105	283.00	402.00	337.02	334.00	35387.00
chr7	98446205	98446318	113	113	5721.00	7711.00	6590.65	6641.00	744743.00
chr8	106813274	106813932	658	658	37.00	139.00	78.41	74.00	51595.00
chr2	223795338	223795530	192	192	890.00	1354.00	1169.44	1202.00	224533.00
chr7	75511146	75511554	408	408	3219.00	5043.00	4168.67	4205.50	1700816.00
chr21	40184926	40185038	112	112	235.00	459.00	346.94	362.00	38857.00
chr19	53383575	53385236	1661	1661	0.00	108.00	44.04	41.00	73148.00
chr19	14208130	14208295	165	165	44.00	2670.00	1668.82	2022.00	275356.00
chr15	91461013	91461618	605	605	16.00	1108.00	339.24	55.00	205239.00
chr8	145278010	145278133	123	123	66.00	206.00	135.36	149.00	16649.00
chr16	28132990	28133083	93	93	533.00	787.00	668.58	664.00	62178.00
chr11	125280091	125280221	130	130	152.00	213.00	184.90	186.00	24037.00
chr15	63128089	63128317	228	228	72.00	788.00	552.80	632.50	126038.00
chr9	131181435	131181557	122	122	0.00	506.00	419.50	429.50	51179.00
chr19	3281196	3281343	147	147	720.00	950.00	830.63	822.00	122103.00
chr11	6240200	6240280	80	80	152.00	209.00	185.25	187.00	14820.00
chr20	31019123	31019287	164	164	44.00	117.00	75.19	67.00	12331.00
chr6	46825865	46827260	1395	1395	44.00	423.00	202.14	186.00	281986.00
chr12	1672006	1672666	660	660	0.00	54.00	25.00	27.00	16499.00
chr12	9098824	9099001	177	177	400.00	564.00	501.41	505.00	88749.00
chr7	121738503	121738630	127	127	12.00	59.00	32.36	27.00	4110.00
chr19	40875814	40875935	121	121	3829.00	4755.00	4299.62	4281.00	520254.00
chr20	3581592	3581671	79	79	379.00	553.00	467.47	463.00	36930.00
chr17	7226965	7227042	77	77	174.00	255.00	222.23	230.00	17112.00
chr2	74331800	74332809	1009	1009	14.00	132.00	61.96	56.00	62514.00
chr1	209785136	209785610	474	474	9.00	534.00	369.30	395.50	175046.00
chr9	35546426	35548532	2106	2106	131.00	558.00	358.21	370.00	754384.00
chr17	80040198	80040290	92	92	748.00	1186.00	940.93	863.50	86566.00
chr11	73074791	73075284	493	493	3.00	469.00	137.59	27.00	67832.00
chr20	44674976	44675075	99	99	534.00	694.00	603.08	585.00	59705.00
chr20	5892091	5892328	237	237	45.00	2049.00	968.82	935.00	229611.00
chr17	20316581	20317594	1013	1013	0.00	56.00	24.59	25.00	24911.00
chr12	99478702	99478801	99	99	331.00	424.00	378.32	377.00	37454.00
chr17	40842756	40842960	204	204	566.00	1066.00	833.31	832.00	169996.00
chr11	107501142	107501288	146	146	641.00	951.00	775.01	766.00	113151.00
chr11	85429236	85429532	296	296	6.00	37.00	20.26	19.00	5996.00
chr20	9449217	9449319	102	102	203.00	281.00	239.09	241.50	24387.00
chr14	23371395	23371591	196	196	268.00	481.00	381.43	391.00	74760.00
chr7	716865	716957	92	92	3722.00	5401.00	4810.72	4888.50	442586.00
chr10	48862360	48862682	322	322	6.00	213.00	99.26	105.00	31962.00
chr10	68686678	68688210	1532	1532	28.00	291.00	136.52	133.00	209150.00
chr5	179674854	179674926	72	72	1048.00	1331.00	1209.57	1221.50	87089.00
chr1	209773327	209773456	129	129	266.00	406.00	337.22	337.00	43501.00
chr17	45691034	45691091	57	57	1447.00	1678.00	1569.47	1575.00	89460.00
chr1	19669871	19670118	247	247	35.00	101.00	67.40	69.00	16649.00
chr17	45664025	45664710	685	685	0.00	750.00	123.66	37.00	84706.00
chr19	2337634	2338840	1206	1206	3.00	147.00	55.39	57.00	66800.00
chr8	22011480	22011552	72	72	375.00	553.00	477.71	486.50	34395.00
