#chrom	start	end	size	num_data	min	max	mean	median	sum
chr20	60962376	60962444	68	68	10143.00	29529.00	18538.94	19401.50	1260648.00
chr20	60962666	60962730	64	64	28756.00	34840.00	31255.41	31037.50	2000346.00
chr9	140046637	140048246	1609	1609	0.00	17.00	1.35	0.00	2170.00
chr20	60963364	60963575	211	211	46.00	22816.00	6545.66	1938.00	1381135.00
chr4	39457960	39458158	198	198	42.00	22915.00	11902.96	15762.50	2356786.00
chr16	46717400	46717518	118	118	0.00	257.00	144.57	149.00	17059.00
chr5	141348677	141348732	55	55	9.00	109.00	50.60	49.00	2783.00
chr1	27889774	27889872	98	98	0.00	0.00	0.00	0.00	0.00
chr10	85899271	85899349	78	78	22.00	2630.00	1174.45	1007.00	91607.00
chr12	56436208	56436386	178	178	2431.00	9501.00	6960.47	7604.50	1238964.00
chr8	1285747	1287021	1274	1274	0.00	24.00	3.83	0.00	4882.00
chr10	71930168	71930259	91	91	12.00	332.00	188.87	171.00	17187.00
chr7	22852591	22852804	213	213	76.00	14911.00	7349.85	6835.00	1565519.00
chr6	34385239	34385324	85	85	348.00	9518.00	4793.88	4940.00	407480.00
chr19	13351029	13351528	499	499	0.00	0.00	0.00	0.00	0.00
chr8	82633461	82633523	62	62	5.00	104.00	65.18	72.00	4041.00
chr7	157639384	157641336	1952	1952	0.00	0.00	0.00	0.00	0.00
chr11	61312182	61313477	1295	1295	0.00	12.00	1.01	0.00	1313.00
chr2	55462563	55463120	557	557	31.00	29287.00	5413.29	119.00	3015200.00
chr15	82822713	82822779	66	66	17341.00	25239.00	21681.83	21988.00	1431001.00
chr15	83207056	83207122	66	66	19667.00	24001.00	21778.23	21889.50	1437363.00
chr20	60962898	60963118	220	220	84.00	28572.00	8186.57	115.00	1801046.00
chr14	50087279	50087341	62	62	27.00	3164.00	1539.23	1524.00	95432.00
chr1	161007431	161007616	185	185	35.00	1504.00	796.78	799.00	147405.00
chr16	56667662	56667871	209	209	1119.00	15532.00	10973.89	12904.00	2293544.00
chr2	62095273	62095841	568	568	39.00	3820.00	1176.52	306.00	668265.00
chr19	50002768	50002948	180	180	3.00	29736.00	14272.83	14569.00	2569110.00
chr5	141350268	141350442	174	174	125.00	401.00	314.67	347.00	54752.00
chr14	50050290	50050393	103	103	58.00	19099.00	7672.41	5090.00	790258.00
chr11	13438704	13438826	122	122	0.00	748.00	507.11	578.00	61868.00
chr2	3113787	3114772	985	985	0.00	0.00	0.00	0.00	0.00
chr4	166234389	166234518	129	129	1311.00	1621.00	1495.64	1509.00	192938.00
chr20	57607274	57607398	124	124	69.00	20835.00	9518.05	8861.00	1180238.00
chr6	52860421	52860742	321	321	0.00	2606.00	1387.85	1405.00	445499.00
chr8	74203786	74203896	110	110	16197.00	25475.00	20656.51	20505.00	2272216.00
chr7	10973076	10973319	243	243	37.00	38512.00	18332.86	19774.00	4454884.00
chr2	76672341	76672528	187	187	0.00	137.00	75.72	95.00	14159.00
chr8	74204007	74204145	138	138	16987.00	21685.00	19629.89	19685.00	2708925.00
chr16	85833245	85833358	113	113	539.00	14652.00	4138.84	2374.00	467689.00
chr10	7830132	7830226	94	94	108.00	2731.00	1349.82	1221.00	126883.00
chr6	35438356	35438556	200	200	142.00	11984.00	7665.14	10181.50	1533028.00
chr17	44450181	44450232	51	51	17.00	768.00	359.71	408.00	18345.00
chr4	170611680	170611803	123	123	107.00	181.00	146.34	151.00	18000.00
chr6	34741222	34741557	335	335	78.00	2134.00	1376.05	1645.00	460977.00
chr2	220113512	220113621	109	109	13.00	69.00	46.95	45.00	5118.00
chr2	217363965	217364121	156	156	26.00	60021.00	36718.24	43723.50	5728045.00
chr17	4701574	4701786	212	212	110.00	3425.00	2222.98	2722.00	471272.00
chr17	44668087	44668153	66	66	4.00	414.00	147.68	128.00	9747.00
chr4	166248829	166248916	87	87	15.00	760.00	333.34	346.00	29001.00
chr14	50052369	50052767	398	398	1.00	30724.00	6638.07	15.00	2641952.00
chr17	8285460	8285633	173	173	21599.00	44226.00	32848.77	31671.00	5682837.00
chr9	33256798	33256906	108	108	2109.00	2577.00	2335.98	2320.50	252286.00
chr11	17096643	17096744	101	101	7364.00	11143.00	9651.57	9694.00	974809.00
chr3	179332758	179332847	89	89	1807.00	2614.00	2025.11	1976.00	180235.00
chr6	40459174	40459904	730	730	0.00	0.00	0.00	0.00	0.00
chr16	910657	910966	309	309	0.00	39.00	18.83	18.00	5818.00
chr4	39456483	39456564	81	81	23796.00	30686.00	26643.30	25981.00	2158107.00
chr5	1815964	1816162	198	198	52.00	5354.00	3167.48	3783.50	627161.00
chr1	40506387	40506473	86	86	6.00	460.00	191.66	183.50	16483.00
chr7	22862295	22862456	161	161	123.00	15871.00	10582.19	12408.00	1703732.00
chr19	13547230	13547514	284	284	0.00	0.00	0.00	0.00	0.00
chr11	125092545	125092689	144	144	0.00	10.00	5.05	5.00	727.00
chr15	55681562	55681631	69	69	81.00	112.00	96.10	94.00	6631.00
chr1	153964041	153964236	195	195	20.00	40889.00	19976.11	28418.00	3895341.00
chr13	27827736	27827980	244	244	0.00	39866.00	9659.15	6.00	2356833.00
chr5	81574138	81574200	62	62	105.00	10846.00	2118.77	283.00	131364.00
chr12	56510998	56511604	606	606	79.00	66611.00	25344.39	10516.00	15358701.00
chr10	120938266	120938323	57	57	75.00	1383.00	750.33	768.00	42769.00
chr13	114561069	114562803	1734	1734	0.00	10.00	1.51	0.00	2626.00
chr3	150340171	150340282	111	111	1018.00	1611.00	1312.24	1311.00	145659.00
chr6	75947476	75947704	228	228	31.00	18643.00	9277.18	10252.00	2115196.00
chr1	154245108	154245252	144	144	133.00	1048.00	633.62	663.00	91242.00
chr3	42845927	42845995	68	68	210.00	3526.00	1534.31	1366.00	104333.00
chr20	57603638	57603896	258	258	70.00	17311.00	4673.37	1676.00	1205730.00
chr11	61307866	61308833	967	967	0.00	18.00	5.83	5.00	5639.00
chr8	1287087	1289234	2147	2147	0.00	20.00	1.10	0.00	2367.00
chr1	95615763	95615822	59	59	16.00	30.00	23.20	25.00	1369.00
chr11	61306915	61307700	785	785	0.00	4.00	0.42	0.00	332.00
chr2	85569254	85569444	190	190	90.00	361.00	255.42	272.00	48529.00
chr16	18796059	18796145	86	86	10685.00	13945.00	12208.10	12018.00	1049897.00
chr16	18800302	18800440	138	138	5460.00	17875.00	13229.01	14928.50	1825604.00
chr13	76104249	76104402	153	153	2390.00	3197.00	2761.36	2807.00	422488.00
chr6	160200926	160201119	193	193	2103.00	3633.00	2674.07	2620.00	516095.00
chr3	119217402	119217802	400	400	26.00	1032.00	707.97	794.50	283188.00
chr11	77330650	77330740	90	90	1114.00	1401.00	1223.10	1223.50	110079.00
chr17	41150614	41150848	234	234	243.00	32872.00	7997.07	287.00	1871315.00
chr13	27830320	27830529	209	209	62.00	30161.00	20336.61	27427.00	4250352.00
chr10	79231930	79232252	322	322	0.00	0.00	0.00	0.00	0.00
chr11	61556602	61556707	105	105	92.00	2535.00	1218.10	1256.00	127900.00
chr15	34388095	34388215	120	120	757.00	976.00	857.89	848.50	102947.00
chr13	78473993	78474102	109	109	374.00	534.00	448.49	449.00	48885.00
chr2	217364671	217366694	2023	2023	33.00	57776.00	3578.44	115.00	7239178.00
chr7	45022643	45022921	278	278	82.00	945.00	665.26	734.00	184943.00
chr9	88664910	88665253	343	343	0.00	0.00	0.00	0.00	0.00
chr9	86595417	86595531	114	114	42.00	913.00	447.41	492.00	51005.00
chr9	130210114	130210268	154	154	112.00	13961.00	7935.92	9460.50	1222131.00
chr8	53548574	53548629	55	55	584.00	889.00	717.80	710.00	39479.00
chr7	56169263	56169554	291	291	44.00	9303.00	6076.60	7525.00	1768291.00
chr2	212286731	212286829	98	98	0.00	8.00	5.96	8.00	584.00
chr12	66563634	66563775	141	141	65.00	1193.00	716.79	900.00	101067.00
chr22	39708887	39708989	102	102	13.00	26863.00	10255.39	8892.50	1046050.00
chr19	9940640	9940792	152	152	45.00	8570.00	4631.80	4844.50	704033.00
chr22	40742544	40742715	171	171	77.00	244.00	178.50	175.00	30523.00
chr6	52947301	52947416	115	115	314.00	437.00	362.95	363.00	41739.00
chr12	100613785	100613924	139	139	892.00	1282.00	1064.45	1065.00	147959.00
chr17	36920371	36920474	103	103	225.00	3310.00	1881.84	2183.00	193830.00
chr4	152022126	152022314	188	188	13302.00	16279.00	15123.15	15287.00	2843152.00
chr4	109543106	109543180	74	74	6434.00	22726.00	13939.15	13917.50	1031497.00
chr7	103848280	103848438	158	158	0.00	77.00	32.38	28.00	5116.00
chr3	197682531	197683078	547	547	10.00	11092.00	948.79	252.00	518987.00
chr5	43313457	43313578	121	121	10.00	409.00	167.78	135.00	20301.00
chr16	46715990	46716125	135	135	0.00	306.00	195.36	259.00	26373.00
chr6	75953432	75953511	79	79	234.00	12910.00	5895.01	5887.00	465706.00
chr8	99053984	99054085	101	101	189.00	17075.00	9815.72	9640.00	991388.00
chr14	39561744	39561831	87	87	259.00	313.00	278.62	275.00	24240.00
chr12	112842994	112843180	186	186	67.00	17006.00	10098.35	11254.50	1878293.00
chr3	156232152	156232238	86	86	294.00	370.00	334.12	340.00	28734.00
chr1	161127910	161128001	91	91	2348.00	3124.00	2674.25	2630.00	243357.00
chr17	3623600	3623696	96	96	433.00	832.00	672.65	691.00	64574.00
chr4	8488160	8488274	114	114	0.00	24.00	13.40	10.00	1528.00
chr1	93297596	93297883	287	287	12.00	5504.00	778.30	64.00	223372.00
chr1	6257711	6257893	182	182	16.00	26133.00	11128.96	11173.00	2025471.00
chr17	30178892	30179327	435	435	105.00	4014.00	2882.91	3274.00	1254066.00
chr6	29913227	29913653	426	426	34.00	7044.00	4360.70	4925.50	1857659.00
chr8	1333882	1335355	1473	1473	0.00	0.00	0.00	0.00	0.00
chr8	104033297	104033453	156	156	23.00	992.00	514.12	602.00	80203.00
chr12	57106217	57106336	119	119	326.00	10510.00	5587.93	4932.00	664964.00
chr14	92587985	92588235	250	250	140.00	3845.00	818.62	408.50	204655.00
chr1	165600456	165600530	74	74	234.00	4788.00	2305.54	2341.00	170610.00
chr12	6975147	6975793	646	646	83.00	3436.00	2105.53	1902.50	1360175.00
chr2	201936712	201936782	70	70	146.00	1814.00	786.39	612.50	55047.00
chr14	78174445	78174551	106	106	98.00	3579.00	1768.55	1795.00	187466.00
chr15	101812398	101813061	663	663	33.00	1117.00	770.42	865.00	510791.00
chr16	18794052	18794470	418	418	21.00	10864.00	1834.30	132.00	766739.00
chr14	101331603	101331904	301	301	0.00	0.00	0.00	0.00	0.00
chr8	109260841	109260933	92	92	30.00	1029.00	667.52	640.00	61412.00
chr6	33240319	33240503	184	184	73.00	30515.00	11999.04	14105.50	2207824.00
chr15	82823287	82823393	106	106	24206.00	59500.00	45143.26	48485.50	4785186.00
chr15	83207630	83207736	106	106	23411.00	47906.00	36186.84	37166.50	3835805.00
chr9	140049063	140050870	1807	1807	0.00	7.00	1.40	0.00	2525.00
chr9	127623697	127623834	137	137	12528.00	28525.00	22382.28	23573.00	3066372.00
chr4	152024022	152024456	434	434	41.00	24802.00	10565.18	164.00	4585288.00
chr14	39532527	39532617	90	90	273.00	369.00	322.64	328.00	29038.00
chr8	37597882	37597964	82	82	128.00	174.00	153.61	153.00	12596.00
chr2	27994596	27994666	70	70	118.00	2334.00	1141.90	1291.00	79933.00
chr20	57605357	57605484	127	127	17304.00	22875.00	20890.16	20845.00	2653050.00
chr12	21788274	21788643	369	369	35.00	22017.00	13306.90	13887.00	4910247.00
chr11	17098975	17099089	114	114	146.00	14299.00	4818.87	437.50	549351.00
chr15	83654980	83655121	141	141	6.00	267.00	153.39	145.00	21628.00
chr8	1302511	1303663	1152	1152	0.00	0.00	0.00	0.00	0.00
chr16	56717869	56718106	237	237	1457.00	37924.00	19216.10	20699.00	4554216.00
chr11	61316511	61317259	748	748	0.00	9.00	2.14	0.00	1600.00
chr8	1407998	1408381	383	383	0.00	0.00	0.00	0.00	0.00
chr9	140833366	140833967	601	601	0.00	60.00	10.40	0.00	6250.00
chr2	114713199	114713283	84	84	2011.00	2624.00	2243.33	2166.50	188440.00
chr6	133137599	133137830	231	231	10.00	31109.00	11976.39	24.00	2766545.00
chr2	47403114	47403667	553	553	33.00	22986.00	1520.61	98.00	840898.00
chr18	56824839	56824897	58	58	3140.00	4033.00	3569.21	3307.50	207014.00
chr15	49447721	49447789	68	68	11.00	553.00	334.01	379.00	22713.00
chr8	1328506	1329077	571	571	0.00	10.00	3.42	5.00	1954.00
chr22	48905128	48905505	377	377	0.00	14.00	6.70	7.00	2527.00
chr19	15366874	15367074	200	200	253.00	397.00	316.37	314.00	63274.00
chr5	31663101	31663338	237	237	0.00	0.00	0.00	0.00	0.00
chr4	6499163	6499319	156	156	0.00	0.00	0.00	0.00	0.00
chr18	47016823	47016922	99	99	15904.00	21038.00	17678.85	17516.00	1750206.00
chr20	32677124	32677711	587	587	60.00	2702.00	1578.58	2062.00	926627.00
chr7	154495717	154496173	456	456	0.00	0.00	0.00	0.00	0.00
chr17	79857795	79858128	333	333	138.00	5048.00	3255.15	3927.00	1083965.00
chr14	23495058	23495584	526	526	33.00	3857.00	2746.26	3099.50	1444535.00
chr11	33453866	33455459	1593	1593	0.00	0.00	0.00	0.00	0.00
chr19	24009898	24010069	171	171	133.00	6802.00	4014.89	4031.00	686546.00
chr8	99056316	99057688	1372	1372	6.00	28317.00	3295.50	70.00	4521425.00
chr15	76518189	76518270	81	81	1543.00	1811.00	1693.79	1702.00	137197.00
chr7	2405951	2406083	132	132	284.00	716.00	457.14	416.50	60342.00
chr17	77225977	77226356	379	379	0.00	4.00	1.88	0.00	712.00
chr8	109226835	109226945	110	110	2582.00	3064.00	2820.34	2833.50	310237.00
chr15	66795695	66795867	172	172	6895.00	12111.00	10406.64	10780.00	1789942.00
chr21	35751726	35751815	89	89	630.00	1132.00	1003.38	1019.00	89301.00
chr9	140043870	140044424	554	554	0.00	0.00	0.00	0.00	0.00
chr12	53413693	53413810	117	117	403.00	912.00	690.71	698.00	80813.00
chr1	93301746	93301949	203	203	6739.00	10958.00	9077.05	9591.00	1842642.00
chr3	53925796	53925885	89	89	69.00	1556.00	770.71	698.00	68593.00
chr3	69120685	69120768	83	83	213.00	328.00	265.95	280.00	22074.00
chr5	36606686	36607116	430	430	7.00	2043.00	351.10	32.00	150972.00
chr8	1337727	1339342	1615	1615	0.00	0.00	0.00	0.00	0.00
chr3	10555942	10556047	105	105	0.00	0.00	0.00	0.00	0.00
chr17	26903528	26903944	416	416	9.00	3534.00	403.39	29.00	167809.00
chr14	70826235	70826428	193	193	53.00	2511.00	1080.70	815.00	208576.00
chr11	63743696	63744007	311	311	176.00	12823.00	7547.39	8575.00	2347237.00
chr2	3622881	3622940	59	59	148.00	7389.00	1331.17	405.00	78539.00
chr19	41059346	41059540	194	194	0.00	54.00	16.73	7.00	3246.00
chr1	160254844	160254920	76	76	8.00	572.00	256.01	244.00	19457.00
chr13	50125461	50125604	143	143	70.00	185.00	115.76	115.00	16553.00
chr10	74385767	74385864	97	97	17.00	193.00	101.99	83.00	9893.00
chr1	24022192	24022622	430	430	34.00	27193.00	4839.00	62.00	2080771.00
chr5	149822902	149823916	1014	1014	23.00	23082.00	1263.63	85.50	1281322.00
chr3	58417457	58417520	63	63	724.00	897.00	801.29	801.00	50481.00
chr4	8095073	8095888	815	815	0.00	0.00	0.00	0.00	0.00
chr19	48281945	48282071	126	126	396.00	23330.00	10803.24	12989.50	1361208.00
chr8	1310963	1311278	315	315	0.00	0.00	0.00	0.00	0.00
chr16	56660791	56661007	216	216	329.00	13334.00	7737.00	8580.50	1671193.00
chr5	149826985	149827298	313	313	6.00	20664.00	7579.09	83.00	2372254.00
chr18	19353584	19353689	105	105	12.00	41.00	29.70	28.00	3118.00
chr1	117963190	117963308	118	118	7.00	109.00	66.14	86.00	7805.00
chr7	158191496	158192060	564	564	0.00	0.00	0.00	0.00	0.00
chr12	57033663	57033976	313	313	42.00	13842.00	8108.16	10748.00	2537853.00
chr7	54826850	54826915	65	65	78.00	1890.00	1102.55	1114.00	71666.00
chr18	3262131	3262235	104	104	26.00	4064.00	1790.30	1956.50	186191.00
chr20	56918773	56918855	82	82	202.00	337.00	265.22	267.00	21748.00
chr2	55460498	55460553	55	55	28549.00	37227.00	32787.91	32446.00	1803335.00
chr9	130213556	130213674	118	118	120.00	15026.00	8810.97	8292.50	1039694.00
chr7	54819984	54820151	167	167	0.00	3382.00	1116.32	724.00	186426.00
chr19	58906048	58906170	122	122	28.00	8676.00	3591.30	3117.00	438139.00
chr2	187531430	187531510	80	80	249.00	368.00	312.70	309.00	25016.00
chr10	51580555	51580696	141	141	271.00	427.00	367.60	361.00	51832.00
chr11	21135134	21135260	126	126	169.00	270.00	213.74	216.00	26931.00
chr4	602915	603654	739	739	0.00	32.00	10.09	9.00	7453.00
chr1	27915783	27915968	185	185	0.00	0.00	0.00	0.00	0.00
chr2	11724902	11725051	149	149	0.00	8.00	5.38	6.00	802.00
chr7	135635346	135635430	84	84	682.00	836.00	754.29	749.00	63360.00
chr3	13169437	13170032	595	595	0.00	24.00	5.73	6.00	3411.00
chr3	197680808	197681018	210	210	8.00	22087.00	12399.80	16855.00	2603958.00
chr9	34613544	34613868	324	324	49.00	3836.00	2535.75	2862.50	821584.00
chr3	62305395	62305507	112	112	722.00	1118.00	957.80	928.00	107274.00
chr4	174308947	174309781	834	834	6.00	4200.00	588.67	43.00	490951.00
chr15	78832790	78832881	91	91	35.00	1531.00	847.73	995.00	77143.00
chr10	714132	714671	539	539	3.00	52.00	21.24	20.00	11450.00
chr8	1312779	1313338	559	559	0.00	4.00	0.72	0.00	404.00
chr17	77366765	77366942	177	177	0.00	0.00	0.00	0.00	0.00
chr2	3623181	3623274	93	93	8008.00	22574.00	15275.16	14372.00	1420590.00
chr14	50272738	50272851	113	113	173.00	279.00	229.65	229.00	25950.00
chr5	52978947	52979164	217	217	58.00	2548.00	1128.59	1096.00	244905.00
chr3	179333770	179333837	67	67	1920.00	2141.00	2026.10	2022.00	135749.00
chr1	162469744	162470057	313	313	0.00	80.00	48.00	49.00	15024.00
chr12	133528347	133528661	314	314	0.00	15.00	4.73	3.00	1485.00
chr9	130209952	130210096	144	144	34.00	4956.00	907.48	158.00	130677.00
chr9	114287457	114287542	85	85	0.00	25.00	7.32	0.00	622.00
chr16	648960	649176	216	216	0.00	54.00	16.88	1.00	3646.00
chr7	70625531	70625736	205	205	0.00	0.00	0.00	0.00	0.00
chr7	140396504	140396642	138	138	222.00	8143.00	4978.64	5649.00	687052.00
chr3	12877458	12877961	503	503	10.00	39271.00	7465.33	83.00	3755059.00
chr8	1356126	1356675	549	549	0.00	5.00	1.01	0.00	555.00
chr11	64089057	64089265	208	208	487.00	11679.00	8278.37	10065.00	1721901.00
chr8	962950	963753	803	803	0.00	0.00	0.00	0.00	0.00
chr8	1243161	1246013	2852	2852	0.00	0.00	0.00	0.00	0.00
chr7	99896310	99896623	313	313	0.00	2.00	0.31	0.00	98.00
chr12	6602223	6602450	227	227	232.00	4595.00	2263.49	2106.00	513812.00
chr11	51168440	51168568	128	128	0.00	0.00	0.00	0.00	0.00
chr1	161183653	161184181	528	528	33.00	3338.00	1314.63	527.00	694127.00
chr8	1421477	1421623	146	146	0.00	0.00	0.00	0.00	0.00
chr11	67123414	67123503	89	89	0.00	0.00	0.00	0.00	0.00
chr1	54507396	54507478	82	82	3803.00	5760.00	4849.15	4852.00	397630.00
chr2	183743604	183743742	138	138	0.00	0.00	0.00	0.00	0.00
chr3	12880847	12881029	182	182	28068.00	36431.00	32987.09	33193.00	6003651.00
chr11	61096834	61097056	222	222	227.00	354.00	297.68	296.50	66084.00
chr17	77277626	77277812	186	186	0.00	0.00	0.00	0.00	0.00
chr20	18548083	18548240	157	157	146.00	2305.00	1430.17	1493.00	224537.00
chr3	184023841	184023943	102	102	771.00	1252.00	1008.55	1013.00	102872.00
chr20	44845850	44845952	102	102	0.00	0.00	0.00	0.00	0.00
chr1	45244201	45244425	224	224	109.00	25753.00	8977.60	6426.00	2010982.00
chr18	35009257	35009508	251	251	0.00	0.00	0.00	0.00	0.00
chr10	60028911	60029064	153	153	89.00	1843.00	944.33	1088.00	144482.00
chr7	140705975	140706335	360	360	40.00	1711.00	1175.25	1300.00	423089.00
chr22	18074542	18075502	960	960	21.00	13868.00	5370.79	7101.00	5155958.00
chr1	153946748	153947311	563	563	27.00	4691.00	2064.48	1881.00	1162303.00
chr11	32608557	32608690	133	133	533.00	1270.00	861.52	838.00	114582.00
chr1	184695388	184695523	135	135	69.00	162.00	93.67	83.00	12645.00
chr8	10257907	10259478	1571	1571	0.00	14.00	1.10	0.00	1734.00
chr3	186502009	186503840	1831	1831	0.00	7691.00	1361.75	17.00	2493372.00
chr7	102996140	102996240	100	100	557.00	764.00	659.44	664.00	65944.00
chr9	35099896	35100169	273	273	75.00	1920.00	1258.70	1400.00	343624.00
chr7	71155616	71155866	250	250	0.00	0.00	0.00	0.00	0.00
chr6	160199201	160199312	111	111	1064.00	1305.00	1193.89	1204.00	132522.00
chr9	101108512	101108977	465	465	0.00	8.00	1.70	0.00	792.00
chr16	56667251	56667317	66	66	11453.00	14819.00	13653.03	14071.00	901100.00
chr8	1391588	1392091	503	503	0.00	0.00	0.00	0.00	0.00
chr11	62340055	62340214	159	159	4058.00	12374.00	9226.28	9747.00	1466979.00
chr17	79214786	79215080	294	294	33.00	3418.00	2341.62	2804.00	688435.00
chr1	173446461	173446631	170	170	54.00	2235.00	1096.16	1156.50	186348.00
chr8	63930051	63930189	138	138	242.00	550.00	411.15	424.00	56739.00
chr7	131890215	131890326	111	111	0.00	0.00	0.00	0.00	0.00
chr4	42051393	42051496	103	103	423.00	819.00	669.69	631.00	68978.00
chr2	91781295	91781567	272	272	0.00	0.00	0.00	0.00	0.00
chr8	1301692	1302498	806	806	0.00	0.00	0.00	0.00	0.00
chr3	58415854	58415965	111	111	1145.00	1818.00	1506.79	1454.00	167254.00
chr14	94594850	94595012	162	162	2280.00	3921.00	3426.60	3533.50	555110.00
chr3	197678029	197678195	166	166	115.00	24970.00	17666.11	20114.50	2932575.00
chr6	74227752	74228333	581	581	85.00	97264.00	63242.06	69866.00	36743639.00
chr8	1346274	1346328	54	54	0.00	0.00	0.00	0.00	0.00
chr12	69979239	69979304	65	65	19.00	681.00	387.49	466.00	25187.00
chr5	167913484	167913548	64	64	3.00	123.00	66.59	71.00	4262.00
chr7	157626545	157627221	676	676	0.00	0.00	0.00	0.00	0.00
chr9	33278110	33278223	113	113	2043.00	2554.00	2250.76	2211.00	254336.00
chr8	67974080	67974367	287	287	76.00	1563.00	987.07	1221.00	283290.00
chr2	232037248	232037521	273	273	9.00	3390.00	1623.97	1582.00	443345.00
chr6	133135870	133135921	51	51	19820.00	33473.00	26603.14	26526.00	1356760.00
chr8	10360310	10361038	728	728	0.00	98.00	32.35	25.00	23551.00
chr5	176279272	176279378	106	106	0.00	0.00	0.00	0.00	0.00
chr22	33164101	33164375	274	274	0.00	0.00	0.00	0.00	0.00
chr14	101330805	101331525	720	720	0.00	0.00	0.00	0.00	0.00
chr20	3529816	3529985	169	169	12.00	46.00	24.77	22.00	4186.00
chr4	57896369	57896565	196	196	1344.00	2454.00	1881.47	1986.00	368769.00
chr7	157662624	157663418	794	794	0.00	0.00	0.00	0.00	0.00
chr19	35230427	35230526	99	99	95.00	206.00	159.35	160.00	15776.00
chr22	32783580	32784086	506	506	23.00	1341.00	904.75	986.00	457804.00
chr16	18812752	18812882	130	130	12.00	4188.00	1855.14	1763.00	241168.00
chr6	24775236	24775340	104	104	98.00	151.00	127.75	128.00	13286.00
chr1	202931009	202931827	818	818	21.00	1250.00	714.08	768.00	584117.00
chr21	39149654	39149774	120	120	0.00	0.00	0.00	0.00	0.00
chr3	27446320	27446454	134	134	7.00	56.00	20.01	13.00	2682.00
chr8	1325595	1325874	279	279	0.00	6.00	0.95	0.00	264.00
chr7	140404659	140404763	104	104	3568.00	8992.00	6202.44	6394.00	645054.00
chr2	209119662	209119824	162	162	22.00	121.00	78.39	90.00	12699.00
chr12	120881821	120882758	937	937	4.00	1040.00	496.58	425.00	465295.00
chr21	35286753	35286804	51	51	4188.00	6103.00	5301.37	5234.00	270370.00
chr14	24587596	24587743	147	147	394.00	662.00	531.64	525.00	78151.00
chr12	111595593	111595735	142	142	0.00	0.00	0.00	0.00	0.00
chr10	85908485	85908594	109	109	3373.00	4762.00	4171.56	4185.00	454700.00
chr9	32552798	32552977	179	179	69.00	995.00	516.58	451.00	92468.00
chr17	49773932	49774148	216	216	0.00	0.00	0.00	0.00	0.00
chr16	3781776	3781938	162	162	78.00	164.00	118.62	129.00	19216.00
chr1	185751175	185751337	162	162	0.00	0.00	0.00	0.00	0.00
chr1	165624604	165624865	261	261	166.00	10295.00	5429.64	5701.00	1417135.00
chr11	68895617	68896008	391	391	0.00	0.00	0.00	0.00	0.00
chr2	135884152	135884226	74	74	129.00	195.00	159.97	163.00	11838.00
chr6	112418243	112418404	161	161	934.00	2070.00	1787.02	1901.00	287710.00
chr17	77527767	77527878	111	111	0.00	0.00	0.00	0.00	0.00
chr17	77629088	77629199	111	111	0.00	0.00	0.00	0.00	0.00
chr2	196582975	196583056	81	81	32.00	98.00	66.16	60.00	5359.00
chr11	70463044	70463452	408	408	0.00	0.00	0.00	0.00	0.00
chr8	97133433	97133638	205	205	0.00	0.00	0.00	0.00	0.00
chr18	3253886	3254048	162	162	1404.00	1762.00	1578.43	1575.00	255705.00
chr8	984873	985055	182	182	0.00	0.00	0.00	0.00	0.00
chr2	172671630	172671712	82	82	294.00	525.00	397.45	379.00	32591.00
chr8	99054872	99055418	546	546	22.00	26933.00	5118.79	83.50	2794861.00
chr3	69126948	69127069	121	121	408.00	690.00	563.50	556.00	68184.00
chr7	157859676	157859927	251	251	0.00	28.00	12.16	9.00	3051.00
chr6	16430725	16431049	324	324	0.00	0.00	0.00	0.00	0.00
chr7	23728887	23729078	191	191	309.00	523.00	387.55	368.00	74022.00
chr7	96747026	96747209	183	183	80.00	600.00	439.01	495.00	80338.00
chr12	6601303	6601633	330	330	62.00	3463.00	2238.01	2720.00	738544.00
chr6	26104168	26104550	382	382	0.00	10.00	2.09	0.00	800.00
chr16	18799384	18799464	80	80	13133.00	17797.00	16031.33	16319.50	1282506.00
chr8	1371931	1372576	645	645	0.00	0.00	0.00	0.00	0.00
chr9	101992618	101992875	257	257	84.00	3309.00	2214.54	2624.00	569138.00
chr5	40834572	40834708	136	136	12045.00	39404.00	29871.29	32013.50	4062496.00
chr8	104053025	104053245	220	220	0.00	991.00	688.06	872.00	151374.00
chr6	75950705	75950981	276	276	0.00	15075.00	4527.96	76.00	1249718.00
chr2	55148403	55148762	359	359	0.00	0.00	0.00	0.00	0.00
chr21	35287881	35288110	229	229	23.00	3948.00	618.88	67.00	141723.00
chr22	48231302	48231645	343	343	0.00	0.00	0.00	0.00	0.00
chr20	34129819	34129934	115	115	63.00	896.00	546.68	569.00	62868.00
chr19	49121047	49121134	87	87	6376.00	17540.00	12212.17	12425.00	1062459.00
chr12	125398915	125399205	290	290	20.00	11102.00	1480.29	176.00	429283.00
chr2	62103229	62103369	140	140	1341.00	1765.00	1591.51	1634.00	222811.00
chr17	77258008	77258121	113	113	0.00	0.00	0.00	0.00	0.00
chr11	14520383	14520556	173	173	0.00	226.00	154.20	169.00	26676.00
chr14	54955642	54955747	105	105	36.00	503.00	247.25	261.00	25961.00
chr7	157861401	157861634	233	233	0.00	11.00	1.18	0.00	274.00
chr4	39459205	39459316	111	111	6.00	23458.00	19002.77	22023.00	2109307.00
chr10	88822412	88822653	241	241	0.00	2546.00	1595.05	1950.00	384407.00
chr8	1322779	1322945	166	166	0.00	0.00	0.00	0.00	0.00
chr8	1308665	1309830	1165	1165	0.00	0.00	0.00	0.00	0.00
chr7	150488405	150488711	306	306	252.00	1350.00	838.78	908.00	256668.00
chr8	42012133	42012478	345	345	42.00	196.00	133.69	127.00	46124.00
chr16	15178498	15178562	64	64	79.00	184.00	133.14	125.00	8521.00
chr8	1339367	1339730	363	363	0.00	0.00	0.00	0.00	0.00
chr18	3694076	3700673	6597	6597	0.00	12.00	0.63	0.00	4130.00
chr12	39698622	39698740	118	118	519.00	740.00	625.52	617.50	73811.00
chr3	17056199	17056544	345	345	0.00	234.00	115.14	156.00	39723.00
chr18	19358063	19358130	67	67	38.00	73.00	54.07	62.00	3623.00
chr8	983340	983799	459	459	0.00	0.00	0.00	0.00	0.00
chr19	13339877	13341023	1146	1146	0.00	268.00	25.59	3.00	29322.00
chr6	151773624	151773721	97	97	19.00	177.00	96.54	110.00	9364.00
chr14	24686065	24686429	364	364	50.00	7038.00	4734.00	5417.50	1723177.00
chr12	57178636	57178800	164	164	129.00	319.00	245.60	260.00	40279.00
chr19	13337665	13337737	72	72	0.00	9.00	5.29	9.00	381.00
chr1	153642646	153642706	60	60	293.00	748.00	518.67	534.00	31120.00
chr7	158243836	158244365	529	529	0.00	18.00	5.79	9.00	3061.00
chr1	182808477	182808591	114	114	7.00	143.00	68.85	63.00	7849.00
chr11	70407472	70407745	273	273	0.00	0.00	0.00	0.00	0.00
chr17	77223847	77224037	190	190	0.00	0.00	0.00	0.00	0.00
chr8	121457307	121457378	71	71	39.00	187.00	119.14	132.00	8459.00
chr7	101148640	101148738	98	98	0.00	0.00	0.00	0.00	0.00
chr1	234195282	234195479	197	197	0.00	0.00	0.00	0.00	0.00
chr10	116894789	116895609	820	820	0.00	0.00	0.00	0.00	0.00
chr5	43700220	43700339	119	119	425.00	896.00	634.97	578.00	75561.00
chr14	104381402	104381526	124	124	6854.00	13752.00	11333.12	12084.00	1405307.00
chr2	183622418	183622552	134	134	666.00	895.00	781.67	783.00	104744.00
chr7	157637593	157637734	141	141	0.00	0.00	0.00	0.00	0.00
chr7	100240745	100240949	204	204	53.00	1594.00	990.75	1188.00	202114.00
chr9	68272817	68273041	224	224	0.00	0.00	0.00	0.00	0.00
chr1	54502282	54502391	109	109	3684.00	4790.00	4146.65	4121.00	451985.00
chr12	56119904	56120045	141	141	10790.00	14068.00	12167.08	12052.00	1715558.00
chr1	204624352	204624481	129	129	0.00	0.00	0.00	0.00	0.00
chr8	48401552	48401786	234	234	0.00	0.00	0.00	0.00	0.00
chr12	130973967	130974226	259	259	0.00	0.00	0.00	0.00	0.00
chr10	51565182	51565296	114	114	9.00	371.00	189.55	210.00	21609.00
chr1	161127406	161127483	77	77	2271.00	2610.00	2463.31	2509.00	189675.00
chr6	33407495	33407947	452	452	0.00	4.00	1.57	0.00	709.00
chr12	96414862	96414915	53	53	185.00	321.00	244.15	232.00	12940.00
chr6	166265710	166267024	1314	1314	0.00	0.00	0.00	0.00	0.00
chr2	201681828	201681964	136	136	397.00	736.00	530.47	518.50	72144.00
chr14	90178862	90179024	162	162	0.00	32.00	19.75	32.00	3200.00
chr12	112847209	112847378	169	169	20.00	277.00	186.77	212.00	31564.00
chr3	150964599	150964917	318	318	0.00	0.00	0.00	0.00	0.00
chr11	118886518	118886649	131	131	121.00	24609.00	10607.10	9573.00	1389530.00
chr17	40963672	40963815	143	143	797.00	1142.00	1000.61	1012.00	143087.00
chr18	3277250	3277412	162	162	4888.00	5911.00	5419.19	5414.50	877909.00
chr5	10250408	10250557	149	149	26.00	761.00	427.68	474.00	63725.00
chr12	46636982	46637097	115	115	21.00	51.00	35.41	32.00	4072.00
chr3	139102139	139102277	138	138	139.00	328.00	234.96	237.00	32424.00
chr9	140791269	140791603	334	334	0.00	0.00	0.00	0.00	0.00
chr19	8386191	8386263	72	72	89.00	1857.00	868.81	894.50	62554.00
chr12	41337796	41337972	176	176	551.00	994.00	767.20	786.50	135027.00
chr17	41151878	41152197	319	319	7.00	32425.00	12510.98	18913.00	3991004.00
chr8	1566660	1566775	115	115	0.00	0.00	0.00	0.00	0.00
chr14	39530968	39531075	107	107	267.00	381.00	326.94	326.00	34983.00
chr14	50053002	50053106	104	104	236.00	24316.00	10488.88	10559.50	1090843.00
chr16	50353797	50353941	144	144	734.00	1161.00	940.83	919.50	135479.00
chr16	46711226	46711363	137	137	10.00	447.00	221.80	316.00	30387.00
chr1	26231154	26231229	75	75	9839.00	20731.00	14770.12	14878.00	1107759.00
chr6	36944974	36945026	52	52	4589.00	5477.00	5061.94	5157.50	263221.00
chr6	31807319	31807520	201	201	114.00	5511.00	2282.54	1983.00	458790.00
chr9	88190155	88190390	235	235	0.00	944.00	563.52	756.00	132427.00
chr17	8283113	8283254	141	141	24221.00	32206.00	28722.78	29121.00	4049912.00
chr1	176145045	176145143	98	98	76.00	168.00	131.15	140.00	12853.00
chr19	51164998	51165939	941	941	212.00	1633.00	1216.09	1228.00	1144336.00
chr1	117957334	117957453	119	119	102.00	190.00	155.17	164.00	18465.00
chr7	70963377	70963706	329	329	0.00	0.00	0.00	0.00	0.00
chr1	162470702	162470894	192	192	65.00	144.00	86.55	82.00	16618.00
chr8	10325951	10326780	829	829	0.00	11.00	2.22	0.00	1843.00
chr3	136047599	136047699	100	100	671.00	875.00	777.09	774.50	77709.00
chr6	27342972	27343027	55	55	0.00	88.00	56.56	61.00	3111.00
chr14	24587263	24587364	101	101	589.00	778.00	687.75	683.00	69463.00
chr12	69981284	69981396	112	112	879.00	1329.00	1058.46	1007.00	118547.00
chr6	44214830	44215056	226	226	5.00	3915.00	890.88	57.00	201339.00
chr18	77733338	77733903	565	565	33.00	5342.00	2375.07	2667.00	1341914.00
chr8	1332671	1332837	166	166	0.00	0.00	0.00	0.00	0.00
chr7	140406362	140406444	82	82	38.00	3323.00	1411.68	1277.50	115758.00
chr7	54825187	54825287	100	100	2329.00	3849.00	3436.14	3528.50	343614.00
chr4	83996449	83996942	493	493	36.00	2894.00	1547.29	1679.00	762815.00
chr5	74046403	74046492	89	89	141.00	217.00	167.89	161.00	14942.00
chr1	62166605	62166697	92	92	1202.00	1706.00	1536.90	1602.00	141395.00
chr6	133135686	133135752	66	66	129.00	19246.00	7050.00	1395.00	465300.00
chr6	30688117	30688340	223	223	62.00	4469.00	2811.43	3658.00	626949.00
chr1	205737285	205737743	458	458	120.00	780.00	456.14	473.00	208913.00
chr16	19516202	19516414	212	212	1167.00	1543.00	1332.66	1333.00	282523.00
chr2	55461254	55461340	86	86	30458.00	36137.00	33062.99	32824.00	2843417.00
chr12	45108414	45108524	110	110	0.00	1815.00	1260.63	1493.00	138669.00
chr8	1337494	1337699	205	205	0.00	0.00	0.00	0.00	0.00
chr15	82821159	82821339	180	180	52.00	27650.00	12415.86	12226.00	2234855.00
chr6	75950016	75950101	85	85	12211.00	17566.00	15715.76	16743.00	1335840.00
chr11	133786960	133787104	144	144	0.00	0.00	0.00	0.00	0.00
chr17	37006056	37006467	411	411	31.00	12229.00	2051.53	125.00	843180.00
chr15	83205502	83205682	180	180	26.00	22433.00	8464.95	6930.00	1523691.00
chr12	2741650	2742001	351	351	0.00	0.00	0.00	0.00	0.00
chr8	82598486	82598555	69	69	0.00	189.00	60.19	46.00	4153.00
chr11	61327706	61327983	277	277	0.00	0.00	0.00	0.00	0.00
chr12	32866142	32866305	163	163	202.00	390.00	305.19	328.00	49746.00
chr1	54506428	54506513	85	85	1529.00	6047.00	5146.85	5247.00	437482.00
chr14	68162346	68162467	121	121	0.00	532.00	319.97	365.00	38716.00
chr5	81572167	81572337	170	170	30.00	32064.00	17661.42	21505.50	3002442.00
chr12	69980049	69980124	75	75	732.00	1118.00	951.69	982.00	71377.00
chr13	42742814	42742954	140	140	0.00	14.00	7.25	7.00	1015.00
chr1	54678173	54678331	158	158	638.00	884.00	755.30	751.50	119338.00
chr22	48230646	48231072	426	426	0.00	0.00	0.00	0.00	0.00
chr10	105156054	105156261	207	207	2.00	9386.00	1743.15	22.00	360833.00
chr22	48197018	48197232	214	214	0.00	0.00	0.00	0.00	0.00
chr9	140899136	140899908	772	772	0.00	22.00	6.32	6.00	4877.00
chr5	85915169	85915316	147	147	44.00	32256.00	25361.63	26414.00	3728160.00
chr2	1872090	1872390	300	300	0.00	0.00	0.00	0.00	0.00
chr19	41052157	41052922	765	765	0.00	41.00	9.37	9.00	7170.00
chr3	186501323	186501791	468	468	0.00	1851.00	135.11	10.00	63233.00
chr7	713588	713686	98	98	0.00	0.00	0.00	0.00	0.00
chr6	33243573	33243660	87	87	28692.00	41051.00	35753.85	36199.00	3110585.00
chr4	146025537	146025667	130	130	169.00	271.00	211.85	214.00	27540.00
chr4	144464349	144464810	461	461	0.00	740.00	213.95	16.00	98630.00
chr13	29233271	29233324	53	53	245.00	1771.00	1019.53	942.00	54035.00
chr18	10530766	10530834	68	68	302.00	383.00	341.32	337.00	23210.00
chr2	141027810	141027915	105	105	176.00	282.00	228.04	228.00	23944.00
chr15	77344726	77344810	84	84	4091.00	5125.00	4695.36	4777.50	394410.00
chr5	56469893	56470038	145	145	27.00	346.00	194.82	193.00	28249.00
chr18	56825836	56826060	224	224	89.00	4501.00	1914.42	1600.50	428829.00
chr16	46696894	46697074	180	180	962.00	1438.00	1247.30	1301.00	224514.00
chr10	116734087	116734144	57	57	158.00	223.00	190.00	189.00	10830.00
chr1	153964540	153964768	228	228	6.00	17897.00	2736.96	76.00	624028.00
chr18	35039659	35039939	280	280	0.00	0.00	0.00	0.00	0.00
chr16	15179495	15179555	60	60	102.00	136.00	119.93	115.00	7196.00
chr17	7760002	7760161	159	159	71.00	4882.00	2783.60	3003.00	442593.00
chr6	55364033	55364097	64	64	47.00	142.00	86.67	89.00	5547.00
chr1	94972093	94972198	105	105	280.00	426.00	362.96	362.00	38111.00
chr8	1246664	1248453	1789	1789	0.00	16.00	0.90	0.00	1613.00
chr9	95005497	95005593	96	96	580.00	885.00	704.10	639.50	67594.00
chr7	158071358	158071545	187	187	0.00	0.00	0.00	0.00	0.00
chr5	81573511	81573671	160	160	12707.00	34144.00	26990.97	28848.00	4318555.00
chr12	6979428	6980098	670	670	18.00	26544.00	16613.97	20571.00	11131360.00
chr11	61303993	61304727	734	734	0.00	20.00	4.74	0.00	3479.00
chr16	84733622	84733717	95	95	59.00	213.00	142.42	146.00	13530.00
chr3	36366843	36366990	147	147	0.00	0.00	0.00	0.00	0.00
chr12	124841468	124843196	1728	1728	0.00	30.00	2.95	0.00	5104.00
chr3	107938256	107938419	163	163	320.00	613.00	456.69	451.00	74441.00
chr17	77408582	77409029	447	447	0.00	0.00	0.00	0.00	0.00
chr16	15552927	15553391	464	464	0.00	0.00	0.00	0.00	0.00
chr10	51632928	51633033	105	105	7.00	98.00	81.23	80.00	8529.00
chr2	10929022	10929107	85	85	915.00	1130.00	1040.93	1060.00	88479.00
chr11	812759	812874	115	115	107.00	18501.00	8076.89	7611.00	928842.00
chr6	30587269	30587378	109	109	497.00	647.00	559.47	555.00	60982.00
chr7	76164482	76164642	160	160	0.00	2.00	0.42	0.00	68.00
chr15	77345118	77345271	153	153	3649.00	4531.00	4194.93	4221.00	641824.00
chr17	31704508	31704748	240	240	0.00	0.00	0.00	0.00	0.00
chr12	122248312	122248427	115	115	12.00	64.00	33.90	30.00	3898.00
chr12	49663630	49663759	129	129	687.00	1871.00	1520.42	1649.00	196134.00
chr7	108137926	108138021	95	95	882.00	1149.00	1028.61	1045.00	97718.00
chr4	144933121	144933482	361	361	0.00	0.00	0.00	0.00	0.00
