#chrom	start	end	size	num_data	min	max	mean	median	sum
chr12	1940100	1940691	591	591	43.00	195.00	116.74	109.00	68996.00
chr1	27480473	27481381	908	908	21.00	99.00	63.51	64.00	57665.00
chr15	63112684	63112809	125	125	365.00	571.00	465.98	457.00	58247.00
chr5	149231737	149232254	517	517	0.00	70.00	28.06	23.00	14507.00
chr5	140865429	140867182	1753	1753	0.00	145.00	36.29	28.00	63620.00
chr1	32209793	32209958	165	165	329.00	779.00	610.06	634.00	100660.00
chr16	87873307	87873431	124	124	255.00	341.00	305.57	312.50	37891.00
chr17	34157438	34158175	737	737	0.00	31.00	9.54	5.00	7031.00
chr2	127815619	127816088	469	469	18.00	144.00	75.30	79.00	35315.00
chr1	208212965	208213112	147	147	199.00	258.00	232.22	235.00	34137.00
chr22	19703883	19704666	783	783	0.00	41.00	13.48	13.00	10552.00
chr16	87872319	87872423	104	104	291.00	462.00	394.73	416.00	41052.00
chr9	140055740	140055868	128	128	1311.00	1937.00	1708.23	1745.50	218654.00
chr22	21096515	21096643	128	128	660.00	871.00	788.79	802.00	100965.00
chr9	140056321	140056540	219	219	0.00	2369.00	1446.72	1685.00	316832.00
chr11	78379981	78380253	272	272	12.00	110.00	53.90	57.00	14660.00
chr3	11070420	11070533	113	113	319.00	426.00	380.18	378.00	42960.00
chr1	109812554	109813222	668	668	0.00	809.00	366.86	531.00	245065.00
chr2	220161954	220162155	201	201	1198.00	2142.00	1802.20	1908.00	362242.00
chr15	74706887	74707086	199	199	426.00	637.00	504.53	495.00	100401.00
chr17	7318829	7319426	597	597	574.00	903.00	762.89	769.00	455448.00
chr1	21560050	21560154	104	104	141.00	243.00	185.47	184.00	19289.00
chr1	25573799	25573952	153	153	8.00	645.00	374.83	434.00	57349.00
chr14	93198993	93199160	167	167	281.00	425.00	358.74	357.00	59909.00
chr1	205554003	205554119	116	116	337.00	424.00	385.33	386.00	44698.00
chr1	9795005	9795232	227	227	1784.00	3121.00	2477.31	2484.00	562350.00
chr17	42426525	42426670	145	145	175.00	393.00	307.91	340.00	44647.00
chr18	70205887	70206179	292	292	0.00	108.00	35.19	0.00	10275.00
chr1	205553082	205553251	169	169	432.00	550.00	495.38	495.00	83720.00
chr9	140056623	140056766	143	143	5.00	2369.00	1595.83	1792.00	228203.00
chr6	33412147	33412394	247	247	5.00	1389.00	724.78	903.00	179021.00
chr12	89992366	89992547	181	181	0.00	1512.00	1122.78	1279.00	203223.00
chr2	220088827	220089576	749	749	210.00	407.00	310.50	310.00	232566.00
chr14	100763073	100765222	2149	2149	59.00	470.00	131.25	121.00	282057.00
chr1	110740697	110742543	1846	1846	0.00	1470.00	748.01	714.50	1380827.00
chr1	149878201	149879758	1557	1557	0.00	1169.00	303.25	41.00	472159.00
chr3	197264139	197265259	1120	1120	0.00	111.00	13.30	6.00	14901.00
chr8	56449623	56450530	907	907	5.00	104.00	40.68	40.00	36901.00
chr9	139354208	139354326	118	118	91.00	177.00	121.04	112.00	14283.00
chr1	32204908	32205236	328	328	1293.00	1746.00	1514.56	1533.00	496776.00
chr7	75608768	75608897	129	129	251.00	342.00	298.09	289.00	38453.00
chr19	45161029	45161178	149	149	158.00	368.00	281.71	302.00	41975.00
chr19	5243911	5244493	582	582	75.00	289.00	161.70	151.00	94112.00
chr6	32119585	32119717	132	132	13.00	992.00	492.63	527.50	65027.00
chr3	42670878	42672067	1189	1189	0.00	57.00	10.74	1.00	12765.00
chr11	45892392	45892485	93	93	469.00	578.00	498.66	491.00	46375.00
chr17	80040789	80040991	202	202	885.00	1278.00	1061.06	1041.00	214334.00
chr2	74902875	74903036	161	161	81.00	217.00	137.65	134.00	22162.00
chr17	38335969	38337946	1977	1977	0.00	340.00	34.84	21.00	68880.00
chr16	87870103	87870253	150	150	509.00	667.00	585.31	582.00	87797.00
chr1	32205947	32206142	195	195	947.00	1325.00	1121.78	1101.00	218747.00
chr6	44117553	44117702	149	149	5.00	745.00	447.85	564.00	66730.00
chr1	159163659	159163830	171	171	1319.00	1968.00	1664.53	1685.00	284634.00
chr3	445565	446023	458	458	0.00	50.00	6.35	0.00	2910.00
chr2	25048913	25048995	82	82	344.00	434.00	392.06	402.00	32149.00
chr10	99504485	99504672	187	187	125.00	245.00	185.93	188.00	34769.00
chr4	54364807	54365010	203	203	77.00	220.00	146.69	143.00	29778.00
chr17	1634367	1634552	185	185	40.00	198.00	107.39	101.00	19867.00
chr7	72416124	72416247	123	123	271.00	395.00	345.03	348.00	42439.00
chr1	208212169	208212329	160	160	156.00	219.00	194.94	198.00	31191.00
chr9	140952500	140952702	202	202	39.00	99.00	66.47	63.00	13427.00
chr6	44197325	44197528	203	203	96.00	178.00	128.90	127.00	26167.00
chr6	44197643	44198218	575	575	16.00	139.00	70.18	41.00	40356.00
chr11	118981972	118982084	112	112	442.00	610.00	537.32	545.50	60180.00
chr5	150503846	150503952	106	106	28.00	3054.00	2041.87	2528.00	216438.00
chr11	118981761	118981878	117	117	398.00	637.00	496.78	462.00	58123.00
chr11	126314873	126315000	127	127	153.00	227.00	195.10	198.00	24778.00
chr1	159165808	159166244	436	436	0.00	1625.00	294.33	10.00	128328.00
chr7	134893542	134893750	208	208	63.00	184.00	134.48	148.00	27971.00
chr9	121976196	121976433	237	237	379.00	795.00	581.43	632.00	137799.00
chr19	54691042	54691169	127	127	600.00	968.00	775.32	733.00	98466.00
chr22	38621430	38621600	170	170	669.00	982.00	827.94	818.50	140750.00
chr13	42035681	42036205	524	524	0.00	34.00	11.95	11.00	6264.00
chr20	1915360	1915413	53	53	16.00	2003.00	1457.19	1868.00	77231.00
chr5	14496987	14497126	139	139	273.00	500.00	354.98	337.00	49342.00
chr12	56528125	56528212	87	87	142.00	181.00	166.89	168.00	14519.00
chr3	47466974	47467101	127	127	178.00	300.00	241.64	243.00	30688.00
chr17	7415476	7415663	187	187	199.00	432.00	320.45	359.00	59925.00
chr3	33588037	33589252	1215	1215	0.00	42.00	11.85	10.00	14393.00
chr7	887833	888615	782	782	9.00	114.00	44.88	37.00	35096.00
chr10	24813251	24813693	442	442	27.00	289.00	165.08	183.00	72965.00
chr1	109812045	109812213	168	168	390.00	667.00	547.41	525.00	91965.00
chr19	15276597	15276902	305	305	121.00	265.00	186.83	181.00	56982.00
chr16	2334779	2334999	220	220	432.00	681.00	545.59	528.50	120030.00
chr16	68404761	68405261	500	500	44.00	164.00	104.25	105.00	52124.00
chr4	110969111	110969871	760	760	0.00	126.00	40.49	37.00	30770.00
chr1	145693161	145693996	835	835	9.00	83.00	45.22	44.00	37762.00
chr7	44282848	44282932	84	84	1169.00	1477.00	1329.42	1327.00	111671.00
chr2	220164315	220164508	193	193	16.00	1191.00	482.93	20.00	93206.00
chr12	50472203	50472360	157	157	215.00	303.00	251.65	252.00	39509.00
chr2	220163768	220163833	65	65	915.00	1264.00	1076.52	1060.00	69974.00
chr2	222289928	222290862	934	934	222.00	484.00	348.76	345.00	325742.00
chr12	57599133	57599268	135	135	339.00	571.00	431.77	413.00	58289.00
chr7	157475416	157475629	213	213	716.00	1016.00	846.82	828.00	180373.00
chr1	32203800	32203927	127	127	1486.00	2071.00	1784.17	1807.00	226589.00
chr1	109811731	109811912	181	181	460.00	695.00	603.46	611.00	109227.00
chr9	140052830	140052975	145	145	975.00	1509.00	1269.70	1292.00	184107.00
chr2	220161706	220161854	148	148	1831.00	2556.00	2189.08	2188.50	323984.00
chr16	29896906	29897070	164	164	449.00	768.00	631.84	646.00	103622.00
chr16	47143393	47143622	229	229	172.00	266.00	209.19	207.00	47904.00
chr11	993753	993985	232	232	356.00	874.00	677.90	753.50	157273.00
chr9	124059698	124061137	1439	1439	2.00	98.00	45.42	47.00	65362.00
chr9	140350140	140350634	494	494	29.00	120.00	68.20	63.00	33692.00
chr11	14504577	14504697	120	120	170.00	329.00	227.72	202.00	27327.00
chr3	49898612	49898733	121	121	1025.00	1530.00	1282.03	1260.00	155126.00
chr9	131811659	131811777	118	118	115.00	174.00	150.30	153.50	17735.00
chr9	131810705	131810818	113	113	116.00	185.00	156.12	157.00	17641.00
chr1	223400935	223401080	145	145	470.00	818.00	634.98	629.00	92072.00
chr12	125612185	125612820	635	635	0.00	336.00	66.94	14.00	42507.00
chr2	220088590	220088744	154	154	375.00	605.00	525.94	537.00	80994.00
chr9	70888487	70888750	263	263	0.00	6.00	1.92	1.00	506.00
chr14	69813756	69813898	142	142	407.00	632.00	488.00	482.00	69296.00
chr2	47399145	47399890	745	745	3.00	886.00	108.27	86.00	80664.00
chr11	62688689	62689041	352	352	0.00	262.00	59.51	17.00	20946.00
chr6	43745205	43745407	202	202	34.00	1428.00	1210.58	1239.50	244537.00
chr3	11072492	11072997	505	505	9.00	615.00	136.20	32.00	68783.00
chr7	2696031	2696168	137	137	555.00	700.00	633.00	639.00	86721.00
chr16	14969196	14969279	83	83	456.00	682.00	563.87	585.00	46801.00
chr17	7377847	7378026	179	179	0.00	2.00	0.03	0.00	6.00
chr12	65639640	65639719	79	79	215.00	321.00	257.01	239.00	20304.00
chr12	50294912	50295108	196	196	2421.00	3399.00	2744.92	2729.00	538005.00
chr19	42485653	42485788	135	135	2068.00	2724.00	2429.53	2471.00	327987.00
chr10	99509230	99509343	113	113	186.00	334.00	239.45	221.00	27058.00
chr22	38883877	38888120	4243	4243	84.00	1799.00	462.43	354.00	1962087.00
chr12	49416372	49416658	286	286	149.00	302.00	206.01	200.50	58918.00
chr6	24843089	24843782	693	693	86.00	226.00	133.74	130.00	92683.00
chr5	176295561	176295665	104	104	450.00	571.00	513.68	512.50	53423.00
chr10	99510087	99510227	140	140	306.00	626.00	399.52	345.00	55933.00
chr1	159173658	159174770	1112	1112	11.00	342.00	85.93	55.00	95556.00
chr11	1780745	1780869	124	124	2732.00	3905.00	3306.70	3317.00	410031.00
chr19	42486059	42486258	199	199	1428.00	2572.00	2021.90	2034.00	402359.00
chr3	47465422	47465535	113	113	311.00	372.00	333.01	330.00	37630.00
chr1	21573713	21573856	143	143	116.00	204.00	152.37	152.00	21789.00
chr11	65320330	65320453	123	123	290.00	461.00	382.83	389.00	47088.00
chr3	47462420	47462519	99	99	317.00	544.00	446.41	468.00	44195.00
chr2	219204751	219204864	113	113	205.00	321.00	283.69	291.00	32057.00
chr1	43906123	43906257	134	134	26.00	46.00	33.87	38.00	4539.00
chr7	38785158	38785840	682	682	3.00	796.00	70.46	20.00	48052.00
chr2	153499932	153500058	126	126	94.00	157.00	128.88	128.00	16239.00
chr1	32203011	32203132	121	121	11.00	1857.00	1363.61	1575.00	164997.00
chr22	42290823	42290941	118	118	1004.00	1794.00	1454.62	1395.00	171645.00
chr19	47940718	47940818	100	100	653.00	804.00	730.39	734.50	73039.00
chr4	119539150	119539274	124	124	17.00	37.00	29.35	31.00	3639.00
chr17	44117067	44117250	183	183	85.00	156.00	127.83	134.00	23392.00
chr19	42485873	42485983	110	110	1848.00	2307.00	2092.09	2110.00	230130.00
chr6	44114583	44114664	81	81	130.00	255.00	207.58	222.00	16814.00
chr19	47941105	47941292	187	187	10.00	1010.00	585.58	825.00	109504.00
chr11	73074250	73074500	250	250	257.00	424.00	348.12	352.00	87030.00
chr3	33418764	33418825	61	61	427.00	566.00	497.13	488.00	30325.00
chr1	700258	700505	247	247	0.00	34.00	20.27	23.00	5007.00
chr9	74319510	74319719	209	209	84.00	247.00	145.65	134.00	30440.00
chr16	2336694	2336968	274	274	234.00	708.00	482.07	523.00	132086.00
chr20	3575125	3575219	94	94	139.00	190.00	160.10	157.50	15049.00
chr9	139231377	139231529	152	152	142.00	272.00	201.99	202.00	30703.00
chr5	140515951	140516498	547	547	26.00	117.00	65.91	61.00	36054.00
chr1	21938208	21938309	101	101	713.00	943.00	848.07	866.00	85655.00
chr3	155659188	155659936	748	748	10.00	226.00	99.02	91.00	74064.00
chr16	27483068	27483241	173	173	255.00	403.00	320.08	317.00	55373.00
chr11	994071	994245	174	174	348.00	513.00	423.90	422.00	73759.00
chr7	71175745	71175913	168	168	961.00	1315.00	1132.62	1112.00	190281.00
chr12	121204065	121204175	110	110	438.00	670.00	571.75	570.00	62893.00
chr7	73118679	73118753	74	74	1392.00	1580.00	1468.66	1464.50	108681.00
chr9	140972565	140972710	145	145	103.00	202.00	161.62	162.00	23435.00
chr12	121683329	121684024	695	695	0.00	81.00	34.39	39.00	23903.00
chr16	74493579	74493687	108	108	350.00	445.00	396.65	399.00	42838.00
chr2	36771518	36771641	123	123	265.00	464.00	358.80	355.00	44133.00
chr7	94187181	94187996	815	815	0.00	105.00	45.67	47.00	37224.00
chr14	94156951	94157239	288	288	5.00	23.00	12.93	12.00	3725.00
chr7	121739000	121739524	524	524	0.00	138.00	37.24	26.00	19514.00
chr1	19549117	19549328	211	211	153.00	330.00	203.94	191.00	43032.00
chr19	5214571	5214747	176	176	135.00	449.00	283.51	257.00	49898.00
chr19	42557753	42557861	108	108	593.00	898.00	807.18	825.00	87175.00
chr15	102510686	102510925	239	239	0.00	87.00	46.56	46.00	11129.00
chr5	167673761	167675376	1615	1615	6.00	195.00	87.19	88.00	140813.00
chr7	44282158	44282253	95	95	1185.00	1793.00	1474.14	1434.00	140043.00
chr2	160621061	160621717	656	656	8.00	465.00	59.82	30.00	39243.00
chr5	10426501	10426634	133	133	488.00	729.00	624.92	623.00	83114.00
chr16	1814301	1814460	159	159	906.00	1058.00	972.94	966.00	154698.00
chr11	21581734	21581928	194	194	223.00	388.00	300.60	297.00	58317.00
chr3	126749085	126749255	170	170	237.00	457.00	351.05	372.00	59678.00
chr11	12237765	12237866	101	101	191.00	296.00	242.88	245.00	24531.00
chr6	31750872	31750963	91	91	101.00	154.00	131.07	132.00	11927.00
chr3	53124201	53124398	197	197	26.00	65.00	43.05	41.00	8480.00
chr2	220161470	220161544	74	74	1826.00	2232.00	2071.42	2080.50	153285.00
chr2	128951046	128951785	739	739	15.00	141.00	91.61	94.00	67697.00
chr5	24535811	24535931	120	120	65.00	141.00	107.43	111.00	12892.00
chr1	44083406	44083582	176	176	573.00	806.00	703.30	702.50	123780.00
chr1	32207653	32207818	165	165	841.00	1222.00	1012.70	1012.00	167096.00
chr12	7293754	7294000	246	246	0.00	792.00	462.34	678.50	113735.00
chr3	131442289	131442469	180	180	108.00	247.00	184.31	199.00	33175.00
chr3	49898871	49899298	427	427	37.00	1615.00	690.92	958.00	295023.00
chr16	66432358	66432464	106	106	122.00	244.00	214.46	226.00	22733.00
chr1	20982593	20982680	87	87	606.00	817.00	751.71	764.00	65399.00
chr16	68398653	68398809	156	156	161.00	257.00	206.97	201.00	32287.00
chr17	16676818	16678279	1461	1461	0.00	139.00	32.74	19.00	47835.00
chr1	109814899	109815027	128	128	1095.00	1304.00	1195.62	1201.00	153039.00
chr1	21940478	21940582	104	104	1010.00	1301.00	1183.62	1200.50	123097.00
chr20	57468284	57468793	509	509	0.00	78.00	36.41	31.00	18532.00
chr3	127358087	127358366	279	279	588.00	1449.00	1078.91	1095.00	301017.00
chr3	126735359	126735527	168	168	97.00	178.00	137.12	135.00	23036.00
chr10	103869140	103869264	124	124	658.00	844.00	728.38	724.50	90319.00
chr20	44520554	44520666	112	112	216.00	327.00	267.22	269.50	29929.00
chr1	32203252	32203356	104	104	1298.00	1694.00	1549.89	1581.00	161189.00
chr21	40186196	40186316	120	120	480.00	624.00	555.13	556.00	66616.00
chr5	111067153	111068349	1196	1196	0.00	86.00	20.47	12.00	24480.00
chr9	128002954	128003186	232	232	891.00	1230.00	1063.47	1066.00	246725.00
chr1	43408896	43408992	96	96	890.00	1516.00	1191.23	1209.50	114358.00
chr3	47463931	47464026	95	95	246.00	426.00	364.15	383.00	34594.00
chr2	220161160	220161238	78	78	1752.00	2078.00	1962.79	1985.00	153098.00
chr11	62472772	62473089	317	317	2220.00	3917.00	3068.20	3122.00	972620.00
chr9	130986341	130986906	565	565	0.00	1015.00	199.79	7.00	112879.00
chr14	69358769	69359000	231	231	453.00	800.00	625.95	642.00	144595.00
chr11	64416205	64416379	174	174	503.00	758.00	644.16	658.50	112083.00
chr17	8398454	8398559	105	105	356.00	505.00	430.23	428.00	45174.00
chr12	53572943	53574193	1250	1250	9.00	92.00	35.41	28.00	44260.00
chr17	17696544	17701827	5283	5283	10.00	446.00	147.22	122.00	777764.00
chr8	11705187	11705331	144	144	3084.00	4569.00	4029.11	4146.50	580192.00
chr19	54963829	54963931	102	102	200.00	421.00	317.78	302.00	32414.00
chr2	70451682	70456295	4613	4613	0.00	270.00	42.31	35.00	195161.00
chr11	118873959	118874169	210	210	0.00	16.00	5.41	5.00	1137.00
chr10	75548427	75548581	154	154	35.00	79.00	57.90	58.00	8916.00
chr6	33414351	33414563	212	212	862.00	1458.00	1197.72	1198.50	253916.00
chr17	80042910	80043032	122	122	363.00	519.00	424.99	409.50	51849.00
chr11	11470290	11470483	193	193	350.00	578.00	466.57	478.00	90048.00
chr8	23294446	23294771	325	325	113.00	278.00	181.68	170.00	59046.00
chr1	116932060	116932663	603	603	4.00	2360.00	835.23	34.00	503641.00
chr15	83222627	83222741	114	114	172.00	276.00	213.65	213.00	24356.00
chr3	9841562	9841751	189	189	39.00	92.00	58.84	58.00	11121.00
chr1	116937731	116937907	176	176	2409.00	5076.00	3320.02	3165.50	584324.00
chr16	87868019	87868197	178	178	364.00	663.00	526.22	539.50	93667.00
chr3	124209540	124209731	191	191	882.00	1179.00	1024.85	1016.00	195747.00
chr7	71142195	71142291	96	96	884.00	1036.00	942.98	930.50	90526.00
chr5	130497324	130497584	260	260	4.00	65.00	28.73	21.00	7471.00
chr13	100199238	100199358	120	120	826.00	1052.00	934.60	929.00	112152.00
chr5	139943336	139943506	170	170	26.00	432.00	333.24	359.50	56650.00
chr17	74395529	74396002	473	473	86.00	242.00	153.41	148.00	72562.00
chr14	93179149	93179216	67	67	330.00	394.00	359.99	357.00	24119.00
chr4	160277004	160277310	306	306	49.00	1115.00	547.72	507.00	167602.00
chr17	40666306	40666478	172	172	1614.00	2206.00	1900.88	1865.50	326952.00
chr15	34828065	34828207	142	142	11.00	269.00	152.91	152.50	21713.00
chr14	100165802	100165876	74	74	1343.00	1632.00	1473.36	1467.00	109029.00
chr22	20128089	20128231	142	142	36.00	317.00	174.25	218.00	24744.00
chr12	3392210	3394421	2211	2211	5.00	345.00	139.56	130.00	308570.00
chr17	16687866	16690667	2801	2801	0.00	120.00	31.70	28.00	88797.00
chr6	31664724	31664810	86	86	231.00	345.00	282.57	283.00	24301.00
chr6	30627512	30627611	99	99	75.00	129.00	104.49	105.00	10345.00
chr11	18752834	18755060	2226	2226	0.00	1120.00	110.98	28.00	247038.00
chr12	109332602	109332731	129	129	344.00	507.00	430.07	433.00	55479.00
chr6	90072884	90073110	226	226	23.00	46.00	32.25	32.00	7289.00
chr16	2689371	2689711	340	340	10.00	35.00	24.75	25.00	8415.00
chr1	20987373	20987484	111	111	731.00	921.00	796.04	788.00	88360.00
chr14	85985300	85986667	1367	1367	0.00	53.00	15.41	10.00	21067.00
chr13	32863769	32863880	111	111	354.00	470.00	409.08	406.00	45408.00
chr16	1510418	1510528	110	110	117.00	176.00	145.59	146.50	16015.00
chr19	54963269	54963444	175	175	315.00	402.00	356.11	348.00	62319.00
chr6	44224078	44224233	155	155	175.00	329.00	253.93	243.00	39359.00
chr20	3151172	3152285	1113	1113	0.00	38.00	11.63	11.00	12943.00
chr1	892273	892405	132	132	240.00	364.00	307.00	314.00	40524.00
chr16	90192167	90192724	557	557	0.00	60.00	21.19	19.00	11805.00
chr9	111663704	111663810	106	106	82.00	136.00	113.65	116.00	12047.00
chr6	44108764	44108835	71	71	215.00	352.00	272.31	268.00	19334.00
chr1	36028802	36029027	225	225	4801.00	8875.00	6253.07	5571.00	1406941.00
chr11	66807259	66807674	415	415	6.00	156.00	95.12	92.00	39473.00
chr1	178426817	178427679	862	862	13.00	100.00	40.41	39.00	34834.00
chr19	42482302	42482478	176	176	2725.00	3623.00	3136.16	3149.00	551965.00
chr1	44084718	44084873	155	155	530.00	912.00	763.97	800.00	118415.00
chr1	109812315	109812442	127	127	598.00	729.00	657.20	655.00	83465.00
chr3	180324268	180324391	123	123	99.00	209.00	168.53	180.00	20729.00
chr15	63933668	63933842	174	174	76.00	150.00	111.51	111.00	19402.00
chr20	44521363	44521519	156	156	388.00	668.00	494.88	472.50	77201.00
chr3	33416779	33416910	131	131	180.00	452.00	274.80	251.00	35999.00
chr1	21934624	21934843	219	219	0.00	1683.00	704.02	962.00	154181.00
chr14	69799801	69799886	85	85	340.00	443.00	398.14	401.00	33842.00
chr1	116936134	116936345	211	211	2.00	3603.00	2864.87	3134.00	604487.00
chr14	23634493	23634645	152	152	26.00	83.00	46.19	45.00	7021.00
chr16	1402538	1402947	409	409	0.00	20.00	7.52	7.00	3077.00
chr9	20331	25000	4669	4669	0.00	256.00	33.15	20.00	154788.00
chr17	43545574	43545959	385	385	18.00	99.00	56.21	56.00	21640.00
chr13	100201418	100201476	58	58	901.00	1021.00	943.38	933.50	54716.00
chr15	41865505	41865665	160	160	811.00	1418.00	1049.19	1008.00	167871.00
chr19	19641688	19642196	508	508	0.00	29.00	13.92	12.00	7072.00
chr11	134147593	134148159	566	566	1.00	61.00	27.89	27.00	15784.00
chr2	71656420	71657290	870	870	0.00	75.00	42.16	44.00	36679.00
chr7	97834775	97835016	241	241	151.00	448.00	305.66	317.00	73663.00
chr19	13363804	13363915	111	111	92.00	170.00	134.63	138.00	14944.00
chr18	31328383	31329011	628	628	11.00	72.00	40.31	41.00	25315.00
chr16	66431884	66432009	125	125	158.00	230.00	194.42	196.00	24302.00
chr19	47935155	47935702	547	547	0.00	1255.00	514.58	596.00	281476.00
chr12	50291769	50291873	104	104	1882.00	2481.00	2087.31	2039.00	217080.00
chr11	1780198	1780317	119	119	3123.00	3801.00	3464.79	3462.00	412310.00
chr15	65392626	65393167	541	541	0.00	26.00	10.22	11.00	5528.00
chr2	86397871	86397967	96	96	166.00	217.00	194.50	194.00	18672.00
chr7	97866087	97866233	146	146	102.00	169.00	130.27	129.50	19020.00
chr11	60687157	60687402	245	245	149.00	397.00	281.78	270.00	69037.00
chr21	43307700	43309453	1753	1753	1.00	173.00	93.41	95.00	163747.00
chr14	24619269	24619657	388	388	67.00	226.00	114.49	109.00	44422.00
chr11	65320634	65320727	93	93	243.00	409.00	301.47	282.00	28037.00
chr16	29891184	29891385	201	201	648.00	1161.00	860.52	846.00	172965.00
chr1	32207224	32207326	102	102	999.00	1187.00	1072.51	1066.50	109396.00
chr11	72300218	72300394	176	176	0.00	952.00	280.01	2.00	49282.00
chr17	7608878	7609038	160	160	126.00	209.00	172.40	174.00	27584.00
chr19	7607646	7607814	168	168	409.00	557.00	478.25	479.50	80346.00
chr19	54966129	54966271	142	142	220.00	379.00	308.15	318.00	43757.00
chr12	57995027	57995131	104	104	211.00	328.00	280.49	276.00	29171.00
chr1	27428875	27429049	174	174	76.00	140.00	112.16	111.00	19516.00
chr2	27688277	27688385	108	108	26.00	59.00	43.36	43.00	4683.00
chr16	2691449	2692254	805	805	5.00	64.00	27.57	28.00	22191.00
chr9	131503813	131503933	120	120	632.00	1002.00	837.77	840.00	100532.00
chr16	2347766	2347922	156	156	197.00	323.00	251.44	244.00	39225.00
chr17	80039884	80040036	152	152	756.00	1060.00	860.71	833.50	130828.00
chr1	32204432	32204538	106	106	1476.00	2013.00	1731.49	1759.50	183538.00
chr12	9242951	9243078	127	127	228.00	349.00	291.67	296.00	37042.00
chr3	49702661	49702751	90	90	209.00	388.00	312.96	320.50	28166.00
chr19	35820359	35820837	478	478	28.00	125.00	68.85	64.00	32910.00
chr1	201456762	201457615	853	853	22.00	129.00	77.85	76.00	66410.00
chr16	2334279	2334438	159	159	499.00	719.00	618.89	624.00	98403.00
chr10	73578373	73578481	108	108	11382.00	13753.00	12340.79	12359.00	1332805.00
chr16	18530550	18530756	206	206	12.00	775.00	420.57	621.00	86638.00
chr16	16369094	16369300	206	206	12.00	754.00	411.34	609.50	84736.00
chr13	113975636	113975785	149	149	26.00	2597.00	1012.51	31.00	150864.00
chr11	119293822	119294227	405	405	11.00	6779.00	614.76	50.00	248976.00
chr5	150505962	150506041	79	79	1400.00	2074.00	1618.46	1528.00	127858.00
chr22	44224939	44225078	139	139	1184.00	1763.00	1450.33	1435.00	201596.00
chr15	41865199	41865309	110	110	782.00	1061.00	899.96	889.50	98996.00
chr17	25633807	25636298	2491	2491	0.00	1190.00	370.63	239.00	923239.00
chr15	72495155	72495529	374	374	27.00	7219.00	2693.58	62.00	1007400.00
chr9	42540272	42542124	1852	1852	0.00	68.00	22.41	19.00	41511.00
chr11	119290760	119291704	944	944	1.00	10512.00	3412.78	35.00	3221669.00
chr19	5219949	5220165	216	216	157.00	365.00	236.90	210.50	51170.00
chr15	63910769	63911153	384	384	0.00	46.00	19.56	24.00	7512.00
chr17	74393879	74393969	90	90	140.00	201.00	172.00	171.00	15480.00
chr10	104129467	104129532	65	65	106.00	162.00	130.26	128.00	8467.00
chr3	142454224	142454620	396	396	0.00	43.00	15.53	12.00	6148.00
chr12	121205196	121205396	200	200	374.00	695.00	504.56	496.00	100912.00
chr3	31705570	31705724	154	154	40.00	134.00	81.01	83.00	12475.00
chr6	118635190	118636593	1403	1403	61.00	418.00	202.59	190.00	284237.00
chr8	10339867	10340829	962	962	5.00	66.00	26.89	22.00	25866.00
chr19	16952578	16952779	201	201	188.00	391.00	279.17	281.00	56113.00
chr8	110984486	110985016	530	530	62.00	170.00	111.91	108.00	59314.00
chr9	128001219	128001610	391	391	1270.00	2001.00	1668.41	1694.00	652349.00
chr11	73070878	73070997	119	119	204.00	305.00	247.02	252.00	29395.00
chr10	104130140	104130235	95	95	87.00	165.00	137.95	143.00	13105.00
chr5	95733039	95733173	134	134	24.00	70.00	43.99	42.00	5894.00
chr19	59059400	59059547	147	147	621.00	994.00	793.50	783.00	116644.00
chr5	139943169	139943255	86	86	46.00	229.00	177.24	189.00	15243.00
chr17	73487771	73487981	210	210	161.00	324.00	245.22	254.00	51496.00
chr1	154315588	154315777	189	189	39.00	117.00	75.75	82.00	14317.00
chr14	95652726	95653070	344	344	58.00	179.00	96.83	88.00	33311.00
chr12	123639801	123640772	971	971	0.00	151.00	37.70	31.00	36611.00
chr22	47064870	47065171	301	301	0.00	11.00	2.67	2.00	803.00
chr5	24535220	24535388	168	168	107.00	193.00	151.85	150.00	25510.00
chr12	6806452	6806958	506	506	416.00	1454.00	932.67	966.50	471932.00
chr22	29881711	29881836	125	125	328.00	562.00	427.43	413.00	53429.00
chr7	75894681	75894786	105	105	55.00	88.00	72.44	76.00	7606.00
chr12	121089007	121095893	6886	6886	0.00	118.00	24.00	21.00	165246.00
chr1	207940357	207942365	2008	2008	0.00	831.00	126.84	61.50	254704.00
chr7	154681166	154681240	74	74	1050.00	1431.00	1246.23	1233.00	92221.00
chr5	131696513	131697529	1016	1016	0.00	20.00	6.74	2.00	6845.00
chr11	1776135	1776258	123	123	2621.00	3895.00	3250.81	3206.00	399850.00
chr8	11706554	11706673	119	119	2222.00	3285.00	2714.75	2722.00	323055.00
chr11	18759426	18759511	85	85	666.00	967.00	793.48	789.00	67446.00
chr16	61689373	61689625	252	252	194.00	348.00	268.40	254.50	67638.00
chr15	51750702	51750824	122	122	411.00	532.00	468.40	467.00	57145.00
chr9	35555056	35555698	642	642	454.00	872.00	668.43	683.00	429133.00
chr2	198356200	198356621	421	421	0.00	55.00	19.90	15.00	8377.00
chr9	131001723	131001794	71	71	3856.00	4579.00	4340.66	4393.00	308187.00
chr19	5214371	5214491	120	120	448.00	696.00	607.31	630.00	72877.00
chr22	35719488	35719623	135	135	296.00	437.00	378.59	389.00	51110.00
chr12	121678738	121679829	1091	1091	0.00	50.00	18.15	15.00	19798.00
chr14	23820960	23821064	104	104	2786.00	3151.00	2978.27	2979.00	309740.00
chr1	32205710	32205779	69	69	844.00	1074.00	962.70	953.00	66426.00
chr3	33420176	33420326	150	150	32.00	579.00	247.36	89.00	37104.00
chr9	114820707	114820966	259	259	70.00	238.00	127.68	122.00	33068.00
chr15	41865876	41866023	147	147	27.00	1995.00	1485.33	1618.00	218344.00
chr19	55554308	55554637	329	329	2.00	45.00	22.03	21.00	7248.00
chr1	116933403	116933513	110	110	2107.00	2762.00	2427.15	2406.00	266986.00
chr19	15374230	15374359	129	129	162.00	295.00	248.69	257.00	32081.00
chr12	56090682	56090852	170	170	220.00	316.00	280.25	284.00	47642.00
chr14	69445668	69445876	208	208	231.00	433.00	301.26	281.00	62662.00
chr12	57603474	57603651	177	177	703.00	926.00	826.71	838.00	146327.00
chr22	32897492	32898946	1454	1454	5.00	164.00	75.06	73.00	109139.00
chr16	16367702	16367764	62	62	0.00	325.00	164.90	175.50	10224.00
chr19	5245786	5246056	270	270	180.00	253.00	218.60	220.00	59023.00
chr16	74345440	74345829	389	389	0.00	30.00	7.79	0.00	3030.00
chr6	107096899	107097076	177	177	41.00	68.00	55.90	56.00	9894.00
chr1	29641883	29642019	136	136	258.00	337.00	287.26	286.00	39067.00
chr8	97342440	97342509	69	69	453.00	631.00	537.17	533.00	37065.00
chr8	68116914	68117054	140	140	110.00	306.00	196.58	170.00	27521.00
chr22	22037470	22037546	76	76	134.00	201.00	180.84	189.00	13744.00
chr22	50682147	50683420	1273	1273	4.00	227.00	76.81	71.00	97783.00
chr20	44048971	44049069	98	98	522.00	754.00	635.54	616.50	62283.00
chr1	36904356	36904511	155	155	113.00	246.00	180.52	188.00	27981.00
chr12	71054719	71054877	158	158	135.00	260.00	190.18	182.00	30049.00
chr15	50654364	50655515	1151	1151	1.00	91.00	22.62	18.00	26030.00
chr2	234198499	234198620	121	121	100.00	167.00	121.51	120.00	14703.00
chr9	128001699	128001812	113	113	977.00	1424.00	1181.33	1210.00	133490.00
chr8	38272296	38272419	123	123	436.00	660.00	553.70	540.00	68105.00
chr11	73068069	73068179	110	110	154.00	212.00	180.17	182.00	19819.00
chr16	28123137	28123327	190	190	439.00	718.00	575.83	592.00	109407.00
chr12	49424062	49424222	160	160	30.00	58.00	44.26	44.00	7082.00
chr19	50302885	50303023	138	138	649.00	866.00	761.75	776.50	105122.00
chr19	42480567	42480718	151	151	4895.00	6427.00	5769.87	5828.00	871251.00
chr3	197904395	197905301	906	906	0.00	49.00	18.82	18.00	17049.00
chr13	100189992	100190117	125	125	440.00	752.00	571.23	549.00	71404.00
chr19	14268062	14268272	210	210	317.00	501.00	414.41	433.00	87026.00
chr10	93786886	93787057	171	171	134.00	278.00	201.08	191.00	34384.00
chr1	109808726	109808828	102	102	218.00	566.00	419.74	413.50	42813.00
chr4	134075461	134075520	59	59	354.00	490.00	420.03	420.00	24782.00
chr1	22052268	22053864	1596	1596	0.00	64.00	17.97	15.00	28684.00
chr9	140056855	140056968	113	113	2199.00	2934.00	2595.59	2590.00	293302.00
chr19	42482087	42482224	137	137	3549.00	5734.00	4656.24	4841.00	637905.00
chr19	4556962	4557025	63	63	1370.00	1559.00	1469.71	1474.00	92592.00
chr19	14266921	14267013	92	92	691.00	926.00	795.09	802.00	73148.00
chr22	42273851	42274127	276	276	14.00	1335.00	718.00	992.50	198167.00
chr1	205549788	205550049	261	261	74.00	510.00	282.81	281.00	73813.00
chr1	110765585	110766522	937	937	107.00	461.00	268.05	263.00	251161.00
chr19	55553595	55554158	563	563	0.00	36.00	15.47	16.00	8711.00
chr7	150929881	150931360	1479	1479	36.00	158.00	92.28	92.00	136481.00
chr3	124215157	124215260	103	103	735.00	995.00	868.17	879.00	89422.00
chr16	58220658	58220760	102	102	266.00	339.00	295.43	293.00	30134.00
chr3	10381925	10382033	108	108	271.00	600.00	431.67	403.00	46620.00
chr10	11356101	11356221	120	120	177.00	285.00	236.80	244.50	28416.00
chr22	42294652	42294785	133	133	1371.00	2070.00	1753.26	1776.00	233183.00
chr1	2005531	2005714	183	183	20.00	95.00	59.71	57.00	10927.00
chr12	113722522	113722576	54	54	67.00	127.00	103.65	104.00	5597.00
chr9	131502198	131502398	200	200	11.00	1076.00	913.88	955.50	182776.00
chr19	40873602	40873786	184	184	2857.00	4463.00	3770.21	3921.00	693719.00
chr2	220162606	220162825	219	219	661.00	1196.00	907.82	877.00	198813.00
chr16	28270027	28270355	328	328	0.00	33.00	16.58	16.00	5438.00
chr4	3225718	3225858	140	140	194.00	371.00	268.80	254.00	37632.00
chr17	44127898	44128070	172	172	80.00	160.00	122.48	126.00	21067.00
chr3	47462043	47462262	219	219	81.00	511.00	221.42	191.00	48490.00
chr6	99873090	99873182	92	92	10.00	312.00	130.43	88.00	12000.00
chr7	142561723	142562504	781	781	127.00	462.00	253.76	228.00	198185.00
chr1	159169540	159169666	126	126	2742.00	4031.00	3500.15	3582.50	441019.00
chr19	7606869	7606953	84	84	197.00	336.00	267.19	270.00	22444.00
chr16	2811561	2818298	6737	6737	0.00	1235.00	454.98	325.00	3065178.00
chr3	47450652	47450807	155	155	56.00	133.00	93.04	88.00	14421.00
chr11	118403631	118403922	291	291	249.00	481.00	360.46	376.00	104895.00
chr1	205555161	205555335	174	174	374.00	602.00	489.79	496.00	85224.00
chr12	125603186	125603311	125	125	109.00	263.00	183.53	165.00	22941.00
chr11	86658288	86659498	1210	1210	67.00	223.00	143.98	144.00	174217.00
chr22	37764946	37768745	3799	3799	1.00	931.00	327.48	292.00	1244111.00
chr10	46345664	46346215	551	551	0.00	60.00	17.21	15.00	9482.00
chr22	33673045	33673241	196	196	647.00	1041.00	771.28	716.50	151170.00
chr9	140042599	140042666	67	67	25.00	86.00	72.66	75.00	4868.00
chr3	48717233	48717320	87	87	257.00	472.00	374.59	380.00	32589.00
chr11	60681600	60681740	140	140	12.00	234.00	105.82	75.00	14815.00
chr10	93784512	93784724	212	212	146.00	262.00	200.25	198.00	42454.00
chr12	7289424	7290372	948	948	0.00	911.00	217.25	19.00	205953.00
chr3	132387062	132387526	464	464	6.00	83.00	36.23	33.00	16811.00
chr16	2335442	2335647	205	205	471.00	715.00	576.61	553.00	118206.00
chr16	1794782	1797276	2494	2494	3.00	858.00	96.04	39.00	239517.00
chr16	3786036	3786204	168	168	32.00	91.00	64.02	67.50	10755.00
chr9	141131209	141131766	557	557	0.00	39.00	16.66	19.00	9280.00
chr14	92965028	92966015	987	987	64.00	201.00	117.05	112.00	115532.00
chr19	54692070	54692200	130	130	448.00	1050.00	815.96	745.50	106075.00
chr15	43866006	43866230	224	224	91.00	335.00	169.77	137.00	38029.00
chr3	40231316	40231954	638	638	174.00	307.00	244.11	246.00	155740.00
chr3	50148937	50149455	518	518	5.00	90.00	45.58	48.00	23608.00
chr4	81117505	81117755	250	250	30.00	112.00	74.99	78.00	18747.00
chr10	46740404	46740638	234	234	0.00	16.00	6.74	0.00	1576.00
chr3	124210169	124210271	102	102	829.00	1084.00	983.81	999.50	100349.00
chr11	107488830	107488932	102	102	300.00	391.00	342.94	344.00	34980.00
chr9	130591965	130592106	141	141	88.00	178.00	130.16	129.00	18352.00
chr1	20981932	20982027	95	95	682.00	876.00	787.80	780.00	74841.00
chr12	75875613	75875859	246	246	47.00	134.00	100.11	108.50	24627.00
chr22	32046684	32046764	80	80	121.00	187.00	156.05	155.00	12484.00
chr11	70331418	70331658	240	240	47.00	208.00	122.67	131.00	29442.00
chr14	51079976	51080069	93	93	1000.00	1296.00	1172.67	1193.00	109058.00
chr17	80041077	80041301	224	224	604.00	1622.00	1032.68	884.50	231321.00
chr7	158540884	158540971	87	87	403.00	580.00	502.13	519.00	43685.00
chr1	21553651	21553719	68	68	265.00	349.00	306.47	303.00	20840.00
chr2	219206256	219206349	93	93	211.00	298.00	254.67	254.00	23684.00
chr17	18444211	18445242	1031	1031	0.00	139.00	34.15	22.00	35207.00
chr12	57599340	57599460	120	120	347.00	519.00	425.59	424.50	51071.00
chr11	64417919	64418110	191	191	480.00	610.00	543.37	545.00	103784.00
chr19	3274926	3275650	724	724	0.00	27.00	12.90	15.00	9339.00
chr16	18532086	18532305	219	219	563.00	1280.00	871.83	889.00	190931.00
chr17	3776702	3776756	54	54	769.00	972.00	867.44	863.00	46842.00
chr1	116932670	116933033	363	363	16.00	2620.00	1336.37	2265.00	485101.00
chr16	1505731	1505796	65	65	273.00	393.00	328.08	314.00	21325.00
chr1	9794029	9794200	171	171	2401.00	3052.00	2685.09	2644.00	459151.00
chr10	73579221	73579379	158	158	6896.00	9785.00	7961.32	7961.50	1257888.00
chr11	6411684	6412146	462	462	88.00	334.00	232.41	236.00	107373.00
chr1	159163212	159163350	138	138	1488.00	1885.00	1610.41	1592.00	222237.00
chr16	1816723	1816804	81	81	960.00	1375.00	1209.95	1223.00	98006.00
chr7	91722399	91722630	231	231	0.00	218.00	150.29	164.00	34717.00
chr7	44281816	44281939	123	123	1731.00	1990.00	1860.58	1869.00	228851.00
chr2	220467189	220467297	108	108	67.00	115.00	87.76	87.00	9478.00
chr16	4494664	4494729	65	65	477.00	599.00	539.92	525.00	35095.00
chr15	34681844	34681986	142	142	22.00	459.00	234.27	210.00	33266.00
chr9	139995935	139996124	189	189	371.00	502.00	424.08	421.00	80151.00
chr3	180324040	180324160	120	120	94.00	131.00	114.09	115.00	13691.00
chr3	42678359	42681242	2883	2883	39.00	335.00	174.94	171.00	504359.00
chr7	131812776	131815333	2557	2557	0.00	175.00	60.08	55.00	153627.00
chr20	1585387	1585522	135	135	6.00	791.00	385.70	393.00	52069.00
chr3	126751229	126751442	213	213	284.00	463.00	369.62	368.00	78728.00
chr15	63920875	63921014	139	139	327.00	579.00	455.39	468.00	63299.00
chr16	2040128	2040202	74	74	307.00	417.00	371.18	383.50	27467.00
chr9	74324174	74324390	216	216	67.00	146.00	113.29	115.00	24471.00
chr20	44521858	44521950	92	92	554.00	722.00	640.14	637.00	58893.00
chr9	139911647	139911798	151	151	637.00	868.00	753.75	750.00	113817.00
chr9	140055507	140055649	142	142	677.00	1303.00	1000.49	1024.50	142070.00
chr12	120148055	120148191	136	136	139.00	217.00	189.95	192.50	25833.00
chr12	50474280	50474372	92	92	272.00	402.00	350.72	365.00	32266.00
chr15	63125702	63125828	126	126	245.00	395.00	328.21	341.50	41354.00
chr9	20907148	20907241	93	93	94.00	135.00	121.75	126.00	11323.00
chr16	87874655	87874761	106	106	213.00	422.00	321.00	327.00	34026.00
chr2	162833269	162833460	191	191	0.00	1345.00	672.95	1004.00	128534.00
chr8	11704560	11704677	117	117	2720.00	3580.00	3045.35	3008.00	356306.00
chr15	63926931	63927087	156	156	329.00	501.00	419.33	434.00	65416.00
chr6	31668718	31668805	87	87	209.00	270.00	238.49	243.00	20749.00
chr7	148910792	148910906	114	114	29.00	80.00	54.15	53.00	6173.00
chr14	42355808	42357213	1405	1405	37.00	358.00	152.48	131.00	214241.00
chr10	88678928	88679226	298	298	100.00	208.00	144.93	139.50	43190.00
chr3	140998219	140998346	127	127	40.00	122.00	66.89	64.00	8495.00
chr1	144859758	144859998	240	240	301.00	539.00	405.00	394.00	97201.00
chr9	96054772	96055455	683	683	185.00	470.00	351.81	368.00	240286.00
chr19	7604803	7604944	141	141	181.00	312.00	224.01	216.00	31586.00
chr12	30906277	30907432	1155	1155	5.00	127.00	51.17	44.00	59104.00
chr9	131112762	131112854	92	92	101.00	212.00	143.67	127.00	13218.00
chr20	61981328	61982379	1051	1051	52.00	193.00	103.43	99.00	108703.00
chr7	38431348	38431618	270	270	354.00	850.00	587.03	521.50	158497.00
chr20	44521036	44521123	87	87	330.00	399.00	361.02	360.00	31409.00
chr11	64418726	64419108	382	382	330.00	660.00	456.89	408.00	174532.00
chr12	120148344	120150270	1926	1926	0.00	225.00	39.63	15.00	76319.00
chr12	6930971	6931066	95	95	33.00	793.00	447.47	461.00	42510.00
chr16	2339434	2339621	187	187	179.00	404.00	282.81	270.00	52886.00
chr2	27700083	27700187	104	104	23.00	78.00	48.87	51.00	5082.00
chr14	69805367	69805494	127	127	328.00	578.00	441.60	434.00	56083.00
chr12	9242497	9242619	122	122	269.00	362.00	310.66	309.50	37900.00
chr3	58256658	58256791	133	133	311.00	570.00	426.21	406.00	56686.00
chr10	79744927	79745098	171	171	104.00	164.00	135.51	139.00	23173.00
chr1	159161725	159161866	141	141	818.00	1245.00	1062.64	1114.00	149832.00
chr16	31085202	31085519	317	317	23.00	94.00	66.77	69.00	21165.00
chr1	171755018	171755218	200	200	118.00	239.00	196.47	200.50	39295.00
chr9	130988124	130989280	1156	1156	0.00	2273.00	229.88	10.00	265743.00
chr15	63127935	63127998	63	63	271.00	446.00	349.83	318.00	22039.00
chr19	1917676	1917821	145	145	17.00	653.00	475.13	501.00	68894.00
chr22	25315792	25315960	168	168	163.00	293.00	236.36	246.00	39708.00
chr2	207943790	207945085	1295	1295	38.00	202.00	135.77	138.00	175827.00
chr11	47330706	47330952	246	246	10.00	606.00	268.11	42.00	65956.00
chr3	142743978	142746095	2117	2117	0.00	311.00	49.51	37.00	104804.00
chr7	44839492	44839694	202	202	24.00	66.00	48.96	48.00	9890.00
chr22	31688260	31688471	211	211	20.00	460.00	258.45	292.00	54533.00
chr11	66333492	66333638	146	146	1109.00	1595.00	1316.40	1303.50	192194.00
chr9	131114916	131115026	110	110	260.00	335.00	293.89	294.50	32328.00
chr1	20206	21013	807	807	0.00	161.00	41.75	1.00	33690.00
chr11	108216469	108216635	166	166	61.00	135.00	97.68	99.00	16215.00
chr1	209778880	209779019	139	139	154.00	372.00	267.99	270.00	37250.00
chr1	202935876	202936026	150	150	198.00	473.00	347.59	354.00	52138.00
chr12	57600255	57600524	269	269	516.00	801.00	647.12	648.00	174076.00
chr19	15233503	15233615	112	112	241.00	362.00	295.98	294.00	33150.00
chr8	68115317	68115486	169	169	279.00	391.00	326.67	314.00	55208.00
chr19	13419229	13419342	113	113	20.00	89.00	64.72	73.00	7313.00
chr6	33266815	33267130	315	315	0.00	43.00	22.31	27.00	7029.00
chr16	89780611	89781646	1035	1035	0.00	36.00	14.00	14.00	14485.00
chr12	109964162	109964221	59	59	135.00	175.00	154.19	152.00	9097.00
chr22	24491893	24492045	152	152	124.00	223.00	185.62	191.00	28214.00
chr2	242592926	242593025	99	99	231.00	476.00	365.74	361.00	36208.00
chr1	21937944	21938074	130	130	766.00	1599.00	1133.29	1165.00	147328.00
chr2	223789173	223789313	140	140	375.00	536.00	448.63	442.00	62808.00
chr20	3772318	3772535	217	217	0.00	26.00	21.97	26.00	4767.00
chr16	18531918	18532001	83	83	644.00	827.00	751.95	759.00	62412.00
chr1	43396296	43396537	241	241	795.00	1245.00	1044.27	1065.00	251668.00
chr2	100037960	100038115	155	155	132.00	184.00	158.85	159.00	24622.00
chr16	1500497	1500770	273	273	0.00	594.00	312.89	455.00	85420.00
chr19	40876016	40876144	128	128	3728.00	4574.00	4200.49	4255.00	537663.00
chr5	168112691	168112932	241	241	113.00	243.00	177.11	160.00	42684.00
chr2	127825738	127825831	93	93	922.00	1146.00	1031.68	1043.00	95946.00
chr1	19232015	19234990	2975	2975	34.00	294.00	129.99	116.00	386726.00
chr16	1391129	1391196	67	67	350.00	448.00	400.60	405.00	26840.00
chr6	33410665	33411689	1024	1024	3.00	906.00	479.12	511.50	490624.00
chr9	95872033	95872266	233	233	14.00	40.00	28.05	28.00	6536.00
chr1	53378627	53378839	212	212	43.00	97.00	68.69	67.00	14562.00
chr2	80531276	80531693	417	417	68.00	272.00	194.21	210.00	80985.00
chr7	44286718	44286791	73	73	944.00	1224.00	1130.30	1138.00	82512.00
chr7	157369304	157369471	167	167	1430.00	1957.00	1646.30	1609.00	274932.00
chr11	18755079	18755191	112	112	1.00	731.00	470.92	648.00	52743.00
chr6	86237979	86238080	101	101	619.00	851.00	723.98	721.00	73122.00
chr8	145000951	145001050	99	99	75.00	146.00	121.07	133.00	11986.00
chr19	45167680	45167966	286	286	22.00	122.00	66.47	58.50	19010.00
chr10	48930165	48930400	235	235	0.00	16.00	6.74	0.00	1584.00
chr16	87871450	87871547	97	97	420.00	637.00	522.31	515.00	50664.00
chr1	109815454	109815649	195	195	637.00	1143.00	839.03	808.00	163611.00
chr1	208215442	208215711	269	269	134.00	255.00	199.52	199.00	53670.00
chr2	260866	261451	585	585	0.00	58.00	28.71	23.00	16797.00
chr5	180481266	180481724	458	458	12.00	87.00	48.53	47.00	22225.00
chr7	73119479	73119631	152	152	0.00	1668.00	758.65	0.00	115315.00
chr15	34677248	34677358	110	110	374.00	564.00	492.01	496.00	54121.00
chr16	57687114	57687247	133	133	446.00	786.00	637.83	640.00	84831.00
chr15	50649406	50649592	186	186	10.00	66.00	46.54	51.00	8656.00
chr22	21071995	21072066	71	71	2061.00	2434.00	2239.55	2221.00	159008.00
chr5	179200882	179201561	679	679	14.00	184.00	94.85	106.00	64403.00
chr10	98763824	98763979	155	155	338.00	646.00	498.84	475.00	77320.00
chr14	102963315	102963457	142	142	268.00	532.00	376.40	347.00	53449.00
chr1	21932558	21933138	580	580	0.00	2204.00	441.68	17.00	256172.00
chr16	28118842	28118998	156	156	527.00	682.00	599.01	602.00	93446.00
chr1	241767561	241767881	320	320	87.00	245.00	179.43	187.50	57419.00
chr11	66812063	66812184	121	121	145.00	413.00	255.40	235.00	30904.00
chr11	12248571	12248678	107	107	858.00	1108.00	990.07	987.00	105937.00
chr9	130588788	130588951	163	163	52.00	159.00	92.97	87.00	15154.00
chr22	21068915	21068988	73	73	1910.00	2461.00	2215.56	2209.00	161736.00
chr1	43424304	43424531	227	227	26.00	1650.00	1076.50	1260.00	244366.00
chr14	105852021	105853670	1649	1649	30.00	372.00	108.79	102.00	179393.00
chr15	34823469	34823579	110	110	421.00	556.00	470.86	462.50	51795.00
chr11	171365	172282	917	917	0.00	61.00	20.02	16.00	18361.00
chr22	24493976	24494155	179	179	180.00	277.00	228.73	230.00	40942.00
chr15	79291060	79291167	107	107	712.00	1002.00	836.31	810.00	89485.00
chr16	2145904	2146194	290	290	3.00	20.00	13.17	14.00	3818.00
chr9	131503050	131503166	116	116	823.00	1027.00	913.59	907.00	105976.00
chr11	61301983	61302579	596	596	0.00	25.00	11.95	14.00	7124.00
chr22	25308609	25308719	110	110	82.00	138.00	110.60	111.00	12166.00
chr12	63977826	63979986	2160	2160	0.00	98.00	22.30	19.00	48176.00
chr19	46928844	46930933	2089	2089	0.00	481.00	245.70	252.00	513271.00
chr16	56969146	56969224	78	78	431.00	544.00	484.14	491.00	37763.00
chr17	40665787	40665996	209	209	21.00	2360.00	1243.63	1968.00	259918.00
chr9	131669435	131671600	2165	2165	64.00	1208.00	540.79	490.00	1170804.00
chr2	220164026	220164271	245	245	1.00	1288.00	385.11	14.00	94352.00
chr19	7589846	7590052	206	206	76.00	205.00	137.58	147.00	28342.00
chr6	91260186	91260268	82	82	274.00	360.00	311.27	308.50	25524.00
chr9	124543742	124543830	88	88	654.00	815.00	743.90	754.00	65463.00
chr12	54071005	54071170	165	165	31.00	143.00	91.79	98.00	15146.00
chr2	40443	41212	769	769	10.00	133.00	56.49	57.00	43440.00
chr11	67852159	67852747	588	588	0.00	17.00	2.92	0.00	1717.00
chr8	8233762	8234810	1048	1048	5.00	133.00	64.93	66.00	68043.00
chr2	175671113	175672148	1035	1035	0.00	32.00	9.54	8.00	9879.00
chr7	138984922	138985438	516	516	8.00	30.00	17.00	16.00	8772.00
chr22	40816850	40817104	254	254	150.00	348.00	245.55	247.00	62370.00
chr19	14263120	14263249	129	129	848.00	1089.00	957.67	958.00	123540.00
chr19	16962222	16962345	123	123	256.00	490.00	402.71	416.00	49533.00
chr1	109813838	109813918	80	80	688.00	924.00	807.41	812.00	64593.00
chr3	49898148	49898562	414	414	0.00	1755.00	716.71	1072.00	296718.00
chr17	17131202	17131510	308	308	14.00	214.00	152.46	166.00	46957.00
chr1	21936067	21936139	72	72	658.00	924.00	768.50	736.50	55332.00
chr3	130424404	130424615	211	211	122.00	205.00	168.78	173.00	35613.00
chr12	56532710	56532797	87	87	177.00	226.00	203.68	207.00	17720.00
chr16	29888591	29888788	197	197	1129.00	1652.00	1381.10	1409.00	272076.00
chr2	114394588	114396196	1608	1608	0.00	120.00	55.12	55.00	88630.00
chr3	124180736	124180803	67	67	388.00	484.00	424.69	421.00	28454.00
chr9	111798485	111798660	175	175	138.00	254.00	189.37	186.00	33140.00
chr10	73847897	73848372	475	475	44.00	965.00	525.24	570.00	249490.00
chr22	21075585	21075706	121	121	1098.00	1596.00	1300.76	1239.00	157392.00
chr22	20920753	20921104	351	351	147.00	466.00	276.79	257.00	97154.00
chr9	140953020	140953185	165	165	36.00	135.00	90.92	88.00	15002.00
chr22	41620970	41621075	105	105	160.00	312.00	259.32	259.00	27229.00
chr11	6243671	6243839	168	168	106.00	196.00	172.52	180.00	28984.00
chr15	74704225	74704353	128	128	585.00	841.00	713.13	731.00	91281.00
chr3	48719780	48719985	205	205	214.00	416.00	323.49	329.00	66316.00
chr1	222833247	222833348	101	101	287.00	373.00	333.07	333.00	33640.00
chr1	6583675	6584824	1149	1149	2.00	113.00	56.64	58.00	65080.00
chr11	126135857	126135976	119	119	507.00	617.00	568.89	570.00	67698.00
chr8	75156763	75157410	647	647	49.00	231.00	156.07	172.00	100979.00
chr15	83345212	83345389	177	177	291.00	586.00	422.82	375.00	74839.00
chr14	68031638	68032561	923	923	0.00	40.00	15.69	14.00	14486.00
chr19	42479780	42479949	169	169	5047.00	7477.00	6096.69	5913.00	1030340.00
chr16	31503329	31503407	78	78	715.00	939.00	836.32	835.00	65233.00
chr17	1564564	1564700	136	136	382.00	492.00	449.49	450.00	61131.00
chr16	58717858	58718082	224	224	14.00	70.00	40.89	33.00	9159.00
chr14	71575320	71575763	443	443	179.00	341.00	258.40	256.00	114470.00
chr1	202934498	202934628	130	130	229.00	395.00	296.48	290.50	38543.00
chr7	73118477	73118586	109	109	1300.00	1733.00	1538.33	1544.00	167678.00
chr19	13365908	13366073	165	165	78.00	174.00	135.57	141.00	22369.00
chr10	102265117	102265958	841	841	6.00	57.00	28.58	29.00	24036.00
chr9	139983320	139983457	137	137	129.00	252.00	200.24	215.00	27433.00
chr18	29206245	29206347	102	102	132.00	317.00	238.72	283.50	24349.00
chr12	120578662	120578827	165	165	110.00	202.00	163.04	170.00	26901.00
chr5	757516	758226	710	710	0.00	48.00	15.49	10.00	10999.00
chr8	21632483	21632567	84	84	37.00	81.00	60.58	62.00	5089.00
chr4	54011499	54011749	250	250	89.00	342.00	204.56	187.00	51141.00
chr8	141680613	141681365	752	752	11.00	125.00	55.40	50.00	41658.00
chr11	57367351	57367850	499	499	200.00	562.00	310.38	294.00	154881.00
chr12	63980009	63980784	775	775	0.00	36.00	10.59	9.00	8211.00
chr9	140057042	140057203	161	161	0.00	3477.00	2932.82	3127.00	472184.00
chr2	7055953	7056098	145	145	19.00	50.00	35.43	38.00	5137.00
chr12	52387768	52389043	1275	1275	0.00	595.00	358.21	378.00	456712.00
chr19	50104931	50105175	244	244	132.00	254.00	178.99	173.00	43673.00
chr19	5218430	5218543	113	113	344.00	593.00	523.93	541.00	59204.00
chr16	29898969	29899138	169	169	315.00	566.00	438.73	453.00	74146.00
chr7	99030900	99031041	141	141	31.00	88.00	58.57	58.00	8258.00
chr17	36692926	36693212	286	286	3.00	24.00	10.88	9.00	3113.00
chr15	73857770	73859335	1565	1565	2.00	178.00	53.38	47.00	83532.00
chr6	44104085	44104176	91	91	245.00	366.00	316.00	332.00	28756.00
chr1	21938518	21938602	84	84	780.00	1039.00	905.02	885.50	76022.00
chr19	13423482	13423595	113	113	3.00	28.00	19.22	17.00	2172.00
chr16	70292882	70293089	207	207	1092.00	2191.00	1634.14	1643.00	338268.00
chr18	61060641	61060782	141	141	199.00	306.00	243.31	245.00	34307.00
chr16	22269814	22270016	202	202	22.00	87.00	54.31	52.00	10970.00
chr1	21554423	21554534	111	111	218.00	332.00	267.55	258.00	29698.00
chr9	140057255	140057455	200	200	0.00	3534.00	2518.56	3163.50	503712.00
chr7	1488255	1488397	142	142	104.00	169.00	133.04	132.50	18891.00
chr14	100166351	100166438	87	87	1406.00	1808.00	1616.30	1606.00	140618.00
chr9	101065522	101065705	183	183	738.00	915.00	825.68	813.00	151099.00
chr5	68411752	68412041	289	289	116.00	199.00	151.16	150.00	43686.00
chr1	2452539	2452754	215	215	142.00	322.00	217.48	213.00	46759.00
chr1	21564626	21564737	111	111	112.00	170.00	146.53	144.00	16265.00
chr13	42037713	42039066	1353	1353	7.00	97.00	39.52	34.00	53469.00
chr2	114350236	114350443	207	207	0.00	0.00	0.00	0.00	0.00
chr1	21939668	21939722	54	54	768.00	906.00	837.67	847.00	45234.00
chr9	139353895	139354007	112	112	89.00	174.00	124.96	123.00	13995.00
chr7	102176367	102176618	251	251	4.00	65.00	34.26	24.00	8600.00
chr3	51411753	51412018	265	265	0.00	403.00	146.00	0.00	38691.00
chr17	73888091	73888266	175	175	96.00	292.00	178.61	151.00	31256.00
chr13	103297258	103297435	177	177	10.00	271.00	136.50	156.00	24161.00
chr15	63922664	63922834	170	170	298.00	395.00	346.27	347.00	58866.00
chr3	33400774	33400849	75	75	210.00	326.00	265.61	265.00	19921.00
chr22	50671744	50671955	211	211	90.00	186.00	144.76	153.00	30545.00
chr1	21190968	21191205	237	237	364.00	610.00	500.32	492.00	118575.00
chr5	14481649	14481727	78	78	214.00	303.00	257.15	265.50	20058.00
chr15	101605556	101606410	854	854	0.00	99.00	49.15	49.00	41975.00
chr17	80040402	80040554	152	152	1020.00	1395.00	1256.59	1256.00	191002.00
chr2	132269293	132270897	1604	1604	0.00	67.00	17.42	14.00	27947.00
chr11	1778553	1778786	233	233	3189.00	4752.00	3984.67	4032.00	928428.00
chr11	1469616	1469808	192	192	3.00	16.00	9.03	7.00	1734.00
chr12	120138549	120138630	81	81	236.00	351.00	314.70	328.00	25491.00
chr7	901016	901101	85	85	455.00	575.00	521.40	526.00	44319.00
chr19	13372263	13372424	161	161	44.00	95.00	73.70	76.00	11865.00
chr17	40843154	40843311	157	157	330.00	454.00	376.27	368.00	59074.00
chr17	80039476	80039719	243	243	558.00	961.00	781.58	780.00	189923.00
chr17	16681109	16687365	6256	6256	0.00	166.00	54.58	44.00	341438.00
chr1	116935475	116935610	135	135	2208.00	2855.00	2487.13	2478.00	335763.00
chr6	128294808	128294972	164	164	272.00	521.00	417.24	440.00	68427.00
chr5	109189927	109190617	690	690	0.00	57.00	19.74	17.00	13618.00
chr15	40757533	40757634	101	101	71.00	266.00	206.29	217.00	20835.00
chr2	220164706	220164981	275	275	891.00	1518.00	1216.65	1186.00	334578.00
chr3	164905164	164908639	3475	3475	9.00	428.00	118.97	89.00	413434.00
chr11	60699157	60699356	199	199	203.00	849.00	716.03	754.00	142490.00
chr2	96680301	96680717	416	416	0.00	67.00	26.79	22.00	11144.00
chr17	40845314	40845554	240	240	422.00	592.00	510.03	513.50	122408.00
chr12	125264513	125265391	878	878	23.00	162.00	95.64	98.00	83976.00
chr1	156623704	156624158	454	454	0.00	8.00	2.52	0.00	1144.00
chr6	108370456	108370622	166	166	417.00	597.00	502.53	501.50	83420.00
chr11	19180486	19180587	101	101	54.00	96.00	76.97	75.00	7774.00
chr19	42489069	42489338	269	269	809.00	1719.00	1378.70	1497.00	370871.00
chr2	198274493	198274731	238	238	288.00	601.00	462.93	472.00	110178.00
chr6	47220991	47221257	266	266	561.00	1005.00	797.89	832.00	212238.00
chr19	40872679	40872822	143	143	1978.00	2988.00	2426.79	2358.00	347031.00
chr19	54693278	54693627	349	349	9.00	502.00	194.26	147.00	67798.00
chr12	81929	82174	245	245	1.00	84.00	42.14	48.00	10324.00
chr21	45513943	45514114	171	171	179.00	392.00	292.98	305.00	50100.00
chr3	124201630	124201747	117	117	10.00	841.00	505.92	596.00	59193.00
chr17	79805118	79805223	105	105	919.00	1161.00	1036.63	1037.00	108846.00
chr20	46307419	46307548	129	129	475.00	651.00	589.98	594.00	76108.00
chr17	38187790	38187873	83	83	248.00	441.00	337.84	311.00	28041.00
chr2	207452814	207452878	64	64	448.00	619.00	528.94	524.00	33852.00
chr17	45695715	45695823	108	108	943.00	1124.00	1041.00	1042.50	112428.00
chr7	44283023	44283126	103	103	1116.00	1529.00	1305.53	1315.00	134470.00
chr20	62274975	62275284	309	309	14.00	6240.00	3134.16	5121.00	968456.00
chr11	108202605	108202764	159	159	23.00	69.00	38.95	40.00	6193.00
chr9	140051314	140051489	175	175	700.00	1022.00	866.85	879.00	151699.00
chr22	45574118	45574781	663	663	105.00	351.00	175.12	146.00	116103.00
chr15	79312382	79312446	64	64	214.00	331.00	282.53	301.00	18082.00
chr1	21940120	21940199	79	79	722.00	998.00	824.48	804.00	65134.00
chr17	3775847	3775921	74	74	729.00	958.00	875.45	880.00	64783.00
chr7	73133931	73134019	88	88	17.00	1297.00	407.65	275.00	35873.00
chr11	72292920	72292991	71	71	1292.00	1542.00	1390.13	1385.00	98699.00
chr7	43547616	43547730	114	114	61.00	127.00	111.24	117.00	12681.00
chr16	58713760	58714145	385	385	16.00	45.00	30.86	33.00	11880.00
chr22	21083600	21083794	194	194	1087.00	1517.00	1322.99	1328.50	256661.00
chr11	66457275	66457414	139	139	988.00	1628.00	1233.49	1203.00	171455.00
chr15	91561034	91561115	81	81	105.00	178.00	136.48	127.00	11055.00
chr11	2968525	2969001	476	476	0.00	59.00	24.75	26.00	11782.00
chr19	34869838	34869910	72	72	2835.00	3776.00	3255.82	3157.50	234419.00
chr9	121970996	121971219	223	223	635.00	1061.00	821.65	841.00	183228.00
chr3	47449772	47449980	208	208	10.00	117.00	64.12	75.00	13338.00
chr12	57601820	57601999	179	179	642.00	1063.00	825.41	773.00	147749.00
chr16	2345590	2345741	151	151	334.00	581.00	498.56	516.00	75282.00
chr12	50471782	50471910	128	128	159.00	229.00	193.73	197.00	24798.00
chr1	109814221	109814344	123	123	696.00	1197.00	1013.57	1040.00	124669.00
chr19	16942304	16942458	154	154	96.00	267.00	193.38	210.00	29781.00
chr11	66333301	66333398	97	97	1094.00	1424.00	1262.16	1287.00	122430.00
chr5	74026084	74026223	139	139	317.00	420.00	372.01	374.00	51710.00
chr5	68417520	68417722	202	202	229.00	354.00	291.55	291.00	58893.00
chr19	15272262	15272525	263	263	134.00	280.00	203.57	203.00	53539.00
chr3	45872404	45872482	78	78	336.00	399.00	363.91	365.00	28385.00
chr7	73123374	73123452	78	78	1300.00	2075.00	1775.90	1807.00	138520.00
chr5	14498197	14498360	163	163	336.00	589.00	452.19	444.00	73707.00
chr14	93180167	93180230	63	63	284.00	370.00	333.02	331.00	20980.00
chr9	130984739	130984875	136	136	3026.00	3988.00	3539.18	3583.00	481328.00
chr13	31216764	31216894	130	130	64.00	113.00	94.99	98.50	12349.00
chr12	112614399	112614506	107	107	152.00	307.00	222.23	229.00	23779.00
chr12	57602865	57602982	117	117	794.00	1096.00	966.24	963.00	113050.00
chr14	72976861	72976987	126	126	35.00	112.00	52.77	45.00	6649.00
chr1	155209406	155209553	147	147	158.00	314.00	216.68	204.00	31852.00
chr10	49633930	49634113	183	183	223.00	372.00	279.59	279.00	51165.00
chr16	84100093	84100218	125	125	342.00	551.00	437.38	435.00	54673.00
chr1	155207924	155208097	173	173	183.00	533.00	325.10	278.00	56243.00
chr12	2786898	2787033	135	135	71.00	115.00	93.36	93.00	12603.00
chr2	233755457	233756197	740	740	0.00	1187.00	187.12	11.00	138467.00
chr14	60631894	60632099	205	205	74.00	439.00	211.62	227.00	43383.00
chr1	11151549	11151654	105	105	180.00	298.00	230.80	234.00	24234.00
chr4	134076071	134076178	107	107	414.00	577.00	486.02	486.00	52004.00
chr15	91420364	91420441	77	77	138.00	224.00	185.31	188.00	14269.00
chr5	114961533	114961755	222	222	37.00	411.00	225.07	232.00	49965.00
chr16	1814047	1814211	164	164	0.00	895.00	416.89	638.00	68370.00
chr18	44250463	44252581	2118	2118	25.00	197.00	94.23	91.00	199577.00
chr6	158049380	158049518	138	138	251.00	345.00	306.74	307.00	42330.00
chr19	7675585	7675679	94	94	99.00	149.00	128.37	132.00	12067.00
chr13	99461604	99461719	115	115	6.00	525.00	476.08	482.00	54749.00
chr11	130010829	130011467	638	638	7.00	3718.00	413.57	44.00	263857.00
chr11	107526658	107526792	134	134	581.00	1011.00	747.24	681.50	100130.00
chr16	1391294	1391490	196	196	183.00	434.00	268.72	243.00	52669.00
chr1	38182716	38184158	1442	1442	18.00	216.00	140.50	144.00	202605.00
chr5	179231023	179231323	300	300	4.00	50.00	22.63	19.00	6789.00
chr14	69814593	69814719	126	126	581.00	891.00	752.42	759.50	94805.00
chr14	69349174	69349309	135	135	721.00	873.00	803.76	814.00	108508.00
chr19	7614792	7614998	206	206	316.00	587.00	466.33	483.50	96063.00
chr1	228270375	228270466	91	91	12.00	2329.00	757.64	391.00	68945.00
chr1	38186022	38186315	293	293	18.00	131.00	69.19	77.00	20272.00
chr13	77641715	77641999	284	284	433.00	753.00	621.02	639.50	176369.00
chr14	100157417	100157498	81	81	842.00	1102.00	971.63	949.00	78702.00
chr13	32978280	32979333	1053	1053	11.00	251.00	79.18	65.00	83373.00
chr12	7301567	7301794	227	227	1039.00	1283.00	1141.52	1128.00	259126.00
chr9	123583116	123583257	141	141	164.00	335.00	253.74	265.00	35778.00
chr17	26883183	26883284	101	101	350.00	470.00	393.29	381.00	39722.00
chr12	6972993	6973137	144	144	782.00	1231.00	1000.95	1009.00	144137.00
chr20	34322310	34322637	327	327	0.00	19.00	8.58	8.00	2805.00
chr19	7606407	7606570	163	163	282.00	362.00	315.01	311.00	51346.00
chr16	2333186	2333373	187	187	15.00	1353.00	971.42	1093.00	181655.00
chr12	113825548	113825711	163	163	208.00	523.00	391.19	395.00	63764.00
chr7	4802013	4807749	5736	5736	12.00	215.00	76.24	67.00	437335.00
chr1	43394880	43394985	105	105	1490.00	1994.00	1743.13	1754.00	183029.00
chr19	4554399	4554488	89	89	1285.00	1731.00	1519.53	1480.00	135238.00
chr16	31719139	31719372	233	233	1.00	39.00	12.19	11.00	2841.00
chr5	134060669	134061744	1075	1075	39.00	180.00	91.58	83.00	98450.00
chr1	202936318	202936371	53	53	11.00	214.00	115.11	150.00	6101.00
chr2	220087366	220087615	249	249	450.00	720.00	589.88	593.00	146879.00
chr2	36764494	36764689	195	195	209.00	439.00	331.30	346.00	64603.00
chr7	43519208	43519343	135	135	126.00	236.00	178.72	171.00	24127.00
chr10	51249585	51249993	408	408	0.00	0.00	0.00	0.00	0.00
chr6	32123647	32123755	108	108	199.00	362.00	268.53	268.00	29001.00
chr3	118624442	118624692	250	250	18.00	115.00	62.28	31.00	15571.00
chr1	190129797	190130020	223	223	92.00	199.00	145.72	158.00	32496.00
chr9	131004491	131004624	133	133	18.00	5041.00	4079.37	4749.00	542556.00
chr22	33679187	33679334	147	147	529.00	817.00	678.58	703.00	99751.00
chr15	74709931	74710016	85	85	329.00	467.00	411.81	419.00	35004.00
chr7	6470110	6470238	128	128	52.00	99.00	76.96	76.00	9851.00
chr1	6640600	6641359	759	759	2.00	123.00	70.96	76.00	53858.00
chr16	31510622	31510728	106	106	353.00	546.00	456.25	467.00	48363.00
chr4	103710287	103711803	1516	1516	0.00	99.00	32.33	27.00	49015.00
chr19	2862339	2862746	407	407	13.00	69.00	39.23	38.00	15966.00
chr2	15467873	15467994	121	121	29.00	122.00	76.62	78.00	9271.00
chr2	36780721	36781492	771	771	4.00	88.00	24.18	22.00	18645.00
chr10	81070680	81070941	261	261	85.00	247.00	164.22	148.00	42862.00
chr2	217234866	217235986	1120	1120	8.00	125.00	60.98	60.00	68299.00
chr10	93786348	93786508	160	160	136.00	288.00	206.29	195.50	33007.00
chr17	20268785	20269076	291	291	0.00	39.00	13.76	12.00	4004.00
chr9	131002006	131002062	56	56	13.00	4750.00	4202.32	4483.50	235330.00
chr1	155208307	155208441	134	134	287.00	566.00	444.93	443.00	59621.00
chr2	162833877	162834373	496	496	0.00	1147.00	109.23	25.00	54179.00
chr9	35799614	35799728	114	114	44.00	128.00	93.05	98.00	10608.00
chr20	62517856	62519234	1378	1378	37.00	383.00	136.79	122.50	188501.00
chr22	35942847	35943127	280	280	107.00	356.00	264.68	279.00	74109.00
chr13	26436438	26436546	108	108	76.00	105.00	91.31	94.50	9862.00
chr14	69371371	69371453	82	82	448.00	637.00	529.23	534.50	43397.00
chr7	44031274	44031581	307	307	0.00	28.00	9.09	7.00	2792.00
chr11	12274988	12275291	303	303	0.00	21.00	10.33	10.00	3129.00
chr5	1334403	1334498	95	95	382.00	655.00	527.02	511.00	50067.00
chr19	34868639	34868786	147	147	2605.00	4217.00	3553.16	3724.00	522314.00
chr16	1815960	1816143	183	183	807.00	1163.00	981.02	965.00	179527.00
chr10	73578787	73578868	81	81	8444.00	12485.00	10421.05	10373.00	844105.00
chr17	37420427	37420640	213	213	59.00	100.00	80.85	82.00	17220.00
chr5	60835422	60835586	164	164	42.00	126.00	74.26	77.00	12179.00
chr15	79296143	79296517	374	374	411.00	1253.00	863.06	912.50	322783.00
chr19	13039568	13039661	93	93	646.00	826.00	733.25	728.00	68192.00
chr12	49421585	49421713	128	128	64.00	144.00	87.62	74.00	11215.00
chr1	1661057	1662583	1526	1526	28.00	974.00	273.20	173.00	416909.00
chr2	207457340	207457460	120	120	411.00	521.00	459.84	459.50	55181.00
chr11	64542462	64543441	979	979	0.00	38.00	10.92	10.00	10694.00
chr20	61910250	61910347	97	97	316.00	493.00	393.94	365.00	38212.00
chr11	62394042	62394156	114	114	577.00	960.00	733.97	703.50	83673.00
chr5	37301538	37301652	114	114	60.00	138.00	112.56	119.00	12832.00
chr16	4733843	4733933	90	90	413.00	738.00	595.60	607.50	53604.00
chr15	43693913	43694048	135	135	137.00	231.00	186.81	187.00	25220.00
chr11	18764538	18764622	84	84	455.00	641.00	542.74	539.50	45590.00
chr17	57842331	57842499	168	168	229.00	537.00	358.30	347.00	60195.00
chr9	96076729	96078064	1335	1335	0.00	38.00	12.16	9.00	16228.00
chr11	12246219	12246367	148	148	614.00	771.00	684.07	676.50	101243.00
chr12	7030743	7031565	822	822	16.00	7982.00	2692.05	108.00	2212861.00
chr3	14523178	14523349	171	171	57.00	129.00	96.36	102.00	16477.00
chr5	758508	759483	975	975	0.00	35.00	10.71	7.00	10444.00
chr12	22635490	22635677	187	187	39.00	140.00	97.70	105.00	18270.00
chr5	14479369	14479459	90	90	240.00	442.00	340.82	338.00	30674.00
chr6	143655214	143656079	865	865	0.00	71.00	19.72	14.00	17059.00
chr7	75508360	75508578	218	218	346.00	3487.00	2424.60	2788.00	528562.00
chr11	60697981	60698131	150	150	217.00	468.00	335.94	315.50	50391.00
chr1	151400598	151400889	291	291	91.00	163.00	120.64	113.00	35107.00
chr5	172196431	172197309	878	878	5.00	1319.00	400.72	115.00	351831.00
chr3	49152660	49152794	134	134	86.00	169.00	136.91	144.00	18346.00
chr7	5518281	5519950	1669	1669	26.00	236.00	117.95	117.00	196864.00
chr17	16691106	16691449	343	343	0.00	134.00	65.93	86.00	22614.00
chr2	220086993	220087172	179	179	550.00	1137.00	894.06	932.00	160037.00
chr10	51746916	51748006	1090	1090	0.00	123.00	33.73	28.00	36771.00
chr12	7302118	7302289	171	171	1128.00	2011.00	1599.94	1688.00	273589.00
chr11	59562844	59562955	111	111	33.00	93.00	65.82	70.00	7306.00
chr12	6100984	6101184	200	200	98.00	194.00	145.84	139.00	29168.00
chr19	5683274	5683627	353	353	0.00	21.00	5.51	4.00	1946.00
chr12	2786259	2786387	128	128	64.00	96.00	78.03	78.00	9988.00
chr15	26812727	26812880	153	153	300.00	389.00	347.10	345.00	53107.00
chr1	149007980	149008798	818	818	0.00	9.00	2.99	3.00	2444.00
chr19	54965608	54965861	253	253	125.00	457.00	284.92	262.00	72085.00
chr8	27293259	27293310	51	51	803.00	945.00	881.92	878.00	44978.00
chr15	23014437	23014528	91	91	256.00	317.00	283.42	284.00	25791.00
chr1	111717500	111717585	85	85	177.00	323.00	247.53	255.00	21040.00
chr6	150157220	150157433	213	213	520.00	861.00	744.77	760.00	158635.00
chr13	114566547	114566670	123	123	177.00	493.00	340.89	319.00	41929.00
chr16	58539291	58539605	314	314	0.00	90.00	49.37	50.00	15503.00
chr1	21936612	21936768	156	156	863.00	1695.00	1257.50	1292.00	196170.00
chr1	17322880	17322991	111	111	683.00	932.00	789.36	793.00	87619.00
chr11	60699455	60699599	144	144	567.00	897.00	737.39	768.00	106184.00
chr5	6749669	6749770	101	101	69.00	96.00	82.65	82.00	8348.00
chr16	2156805	2156949	144	144	205.00	326.00	258.12	254.00	37169.00
chr15	34690834	34690930	96	96	115.00	260.00	153.40	156.00	14726.00
chr3	11074933	11075425	492	492	9.00	710.00	153.73	31.00	75635.00
chr5	74655222	74655381	159	159	333.00	497.00	425.03	427.00	67580.00
chr20	20022968	20023160	192	192	147.00	259.00	206.46	210.00	39641.00
chr2	39055481	39055578	97	97	55.00	84.00	64.06	64.00	6214.00
chr19	16793231	16793528	297	297	0.00	517.00	147.21	26.00	43721.00
chr2	219205450	219205509	59	59	197.00	247.00	228.92	231.00	13506.00
chr17	74087429	74087729	300	300	6.00	42.00	22.84	18.00	6853.00
chr3	184058150	184060036	1886	1886	7.00	2654.00	349.99	46.00	660073.00
chr6	90333128	90333263	135	135	163.00	219.00	199.07	199.00	26874.00
chr12	125267019	125267429	410	410	55.00	261.00	120.51	96.00	49410.00
chr1	207942580	207943104	524	524	38.00	204.00	115.19	113.00	60361.00
chr4	89356876	89357043	167	167	48.00	142.00	78.63	69.00	13131.00
chr7	101995498	101995736	238	238	5.00	50.00	23.77	27.00	5657.00
chr3	11067458	11067562	104	104	436.00	614.00	505.21	486.00	52542.00
chr5	95734582	95734740	158	158	32.00	52.00	39.30	39.00	6210.00
chr6	152529106	152529341	235	235	166.00	324.00	242.15	247.00	56905.00
chr5	102295578	102295763	185	185	300.00	792.00	495.83	477.00	91728.00
chr22	21072980	21073110	130	130	1110.00	2323.00	1668.04	1818.00	216845.00
chr12	121855306	121855714	408	408	139.00	476.00	266.72	244.00	108823.00
chr1	160326389	160326544	155	155	486.00	797.00	619.57	581.00	96033.00
chr11	60670930	60671007	77	77	675.00	1080.00	895.55	923.00	68957.00
chr17	79804822	79804948	126	126	1063.00	1291.00	1170.53	1155.00	147487.00
chr16	18527204	18527332	128	128	1181.00	1954.00	1636.71	1634.50	209499.00
chr16	16372518	16372646	128	128	1169.00	1924.00	1608.37	1604.00	205871.00
chr2	32750530	32750695	165	165	24.00	192.00	121.72	139.00	20084.00
chr14	69369193	69369279	86	86	522.00	744.00	643.35	661.50	55328.00
chr7	66418212	66418356	144	144	571.00	787.00	694.40	691.00	99994.00
chr6	44107988	44108097	109	109	273.00	344.00	312.80	317.00	34095.00
chr7	70885893	70886091	198	198	484.00	885.00	684.45	667.50	135521.00
chr8	27295281	27295397	116	116	719.00	931.00	804.69	795.50	93344.00
chr7	73122918	73123018	100	100	1483.00	1941.00	1750.25	1762.00	175025.00
chr15	34698874	34699071	197	197	74.00	239.00	177.29	187.00	34926.00
chr8	22009343	22009513	170	170	483.00	864.00	688.88	725.50	117109.00
chr7	1526557	1526737	180	180	116.00	251.00	184.41	175.00	33194.00
chr5	178053946	178054065	119	119	10.00	115.00	51.10	44.00	6081.00
chr12	6103027	6103369	342	342	116.00	320.00	200.35	203.00	68519.00
chr2	3479491	3480482	991	991	0.00	76.00	25.43	19.00	25198.00
chr3	33883388	33883566	178	178	158.00	302.00	233.35	233.00	41536.00
chr19	11019778	11019883	105	105	323.00	494.00	387.52	355.00	40690.00
chr7	98446205	98446318	113	113	3195.00	5175.00	4411.68	4700.00	498520.00
chr8	106813274	106813932	658	658	8.00	86.00	47.05	52.00	30960.00
chr2	223795338	223795530	192	192	654.00	848.00	734.08	726.00	140944.00
chr7	75511146	75511554	408	408	1924.00	4447.00	3056.17	3124.00	1246917.00
chr21	40184926	40185038	112	112	411.00	585.00	500.69	501.00	56077.00
chr19	53383575	53385236	1661	1661	0.00	81.00	32.98	32.00	54788.00
chr19	14208130	14208295	165	165	30.00	1831.00	1174.40	1425.00	193776.00
chr15	91461013	91461618	605	605	8.00	1017.00	309.86	34.00	187466.00
chr8	145278010	145278133	123	123	21.00	85.00	53.07	56.00	6528.00
chr16	28132990	28133083	93	93	405.00	570.00	493.89	489.00	45932.00
chr11	125280091	125280221	130	130	217.00	472.00	321.82	321.00	41837.00
chr15	63128089	63128317	228	228	72.00	802.00	474.08	482.00	108090.00
chr9	131181435	131181557	122	122	25.00	815.00	674.25	699.00	82258.00
chr19	3281196	3281343	147	147	589.00	815.00	691.10	685.00	101591.00
chr11	6240200	6240280	80	80	106.00	154.00	131.55	131.50	10524.00
chr20	31019123	31019287	164	164	40.00	97.00	72.29	70.00	11856.00
chr6	46825865	46827260	1395	1395	40.00	254.00	113.43	102.00	158234.00
chr12	1672006	1672666	660	660	0.00	47.00	18.97	18.00	12518.00
chr12	9098824	9099001	177	177	273.00	423.00	349.62	346.00	61883.00
chr7	121738503	121738630	127	127	53.00	91.00	73.24	73.00	9302.00
chr19	40875814	40875935	121	121	3369.00	4307.00	3767.17	3716.00	455828.00
chr20	3581592	3581671	79	79	185.00	302.00	255.25	266.00	20165.00
chr17	7226965	7227042	77	77	57.00	76.00	68.44	68.00	5270.00
chr2	74331800	74332809	1009	1009	8.00	78.00	40.42	41.00	40787.00
chr1	209785136	209785610	474	474	0.00	561.00	373.84	423.00	177198.00
chr9	35546426	35548532	2106	2106	74.00	487.00	274.00	283.00	577045.00
chr17	80040198	80040290	92	92	871.00	1151.00	1007.89	1005.00	92726.00
chr11	73074791	73075284	493	493	14.00	390.00	138.73	62.00	68392.00
chr20	44674976	44675075	99	99	282.00	435.00	355.17	350.00	35162.00
chr20	5892091	5892328	237	237	117.00	1165.00	622.41	596.00	147510.00
chr17	20316581	20317594	1013	1013	0.00	55.00	15.03	12.00	15229.00
chr12	99478702	99478801	99	99	241.00	307.00	275.09	275.00	27234.00
chr17	40842756	40842960	204	204	329.00	478.00	409.12	405.00	83461.00
chr11	107501142	107501288	146	146	297.00	445.00	362.48	360.00	52922.00
chr11	85429236	85429532	296	296	0.00	35.00	21.65	22.00	6409.00
chr20	9449217	9449319	102	102	64.00	110.00	86.11	88.00	8783.00
chr14	23371395	23371591	196	196	275.00	387.00	339.52	345.00	66545.00
chr7	716865	716957	92	92	2842.00	3880.00	3396.55	3388.00	312483.00
chr10	48862360	48862682	322	322	0.00	215.00	81.49	92.50	26240.00
chr10	68686678	68688210	1532	1532	14.00	266.00	96.13	90.00	147278.00
chr5	179674854	179674926	72	72	485.00	578.00	531.07	526.00	38237.00
chr1	209773327	209773456	129	129	160.00	288.00	237.08	244.00	30583.00
chr17	45691034	45691091	57	57	844.00	1035.00	922.75	922.00	52597.00
chr1	19669871	19670118	247	247	14.00	94.00	45.58	33.00	11258.00
chr17	45664025	45664710	685	685	3.00	555.00	93.05	33.00	63740.00
chr19	2337634	2338840	1206	1206	10.00	162.00	55.21	47.00	66587.00
chr8	22011480	22011552	72	72	612.00	825.00	726.76	735.00	52327.00
