#chrom	start	end	size	num_data	min	max	mean	median	sum
chr12	1940100	1940691	591	591	121.00	227.00	166.15	164.00	98194.00
chr1	27480473	27481381	908	908	41.00	96.00	63.80	63.00	57930.00
chr15	63112684	63112809	125	125	487.00	647.00	564.76	556.00	70595.00
chr5	149231737	149232254	517	517	4.00	24.00	12.95	13.00	6693.00
chr5	140865429	140867182	1753	1753	16.00	120.00	44.29	41.00	77642.00
chr1	32209793	32209958	165	165	513.00	1169.00	879.92	914.00	145187.00
chr16	87873307	87873431	124	124	194.00	278.00	236.92	240.00	29378.00
chr17	34157438	34158175	737	737	0.00	11.00	3.24	2.00	2389.00
chr2	127815619	127816088	469	469	5.00	47.00	25.18	25.00	11811.00
chr1	208212965	208213112	147	147	113.00	173.00	146.60	150.00	21550.00
chr22	19703883	19704666	783	783	2.00	49.00	22.68	22.00	17762.00
chr16	87872319	87872423	104	104	190.00	283.00	228.39	217.50	23753.00
chr9	140055740	140055868	128	128	2105.00	2762.00	2504.52	2545.00	320578.00
chr22	21096515	21096643	128	128	816.00	1007.00	928.24	945.50	118815.00
chr9	140056321	140056540	219	219	1.00	2993.00	1986.65	2419.00	435077.00
chr11	78379981	78380253	272	272	29.00	95.00	63.85	61.00	17367.00
chr3	11070420	11070533	113	113	684.00	895.00	807.26	817.00	91220.00
chr1	109812554	109813222	668	668	8.00	1253.00	575.47	892.50	384413.00
chr2	220161954	220162155	201	201	2306.00	3855.00	3231.85	3268.00	649601.00
chr15	74706887	74707086	199	199	209.00	362.00	286.97	283.00	57107.00
chr17	7318829	7319426	597	597	354.00	633.00	495.97	498.00	296094.00
chr1	21560050	21560154	104	104	82.00	112.00	98.64	102.50	10259.00
chr1	25573799	25573952	153	153	19.00	564.00	329.56	405.00	50423.00
chr14	93198993	93199160	167	167	251.00	331.00	284.90	276.00	47578.00
chr1	205554003	205554119	116	116	606.00	804.00	701.59	713.00	81385.00
chr1	9795005	9795232	227	227	2133.00	3554.00	2830.53	2907.00	642530.00
chr17	42426525	42426670	145	145	101.00	236.00	167.79	179.00	24329.00
chr18	70205887	70206179	292	292	0.00	169.00	63.17	9.00	18447.00
chr1	205553082	205553251	169	169	618.00	944.00	795.73	823.00	134479.00
chr9	140056623	140056766	143	143	3.00	3165.00	2205.73	2480.00	315420.00
chr6	33412147	33412394	247	247	2.00	1829.00	988.18	1179.00	244081.00
chr12	89992366	89992547	181	181	2.00	1900.00	1354.38	1512.00	245142.00
chr2	220088827	220089576	749	749	206.00	417.00	291.95	289.00	218669.00
chr14	100763073	100765222	2149	2149	12.00	299.00	50.87	46.00	109324.00
chr1	110740697	110742543	1846	1846	5.00	1663.00	916.87	894.00	1692542.00
chr1	149878201	149879758	1557	1557	2.00	1449.00	401.68	16.00	625422.00
chr3	197264139	197265259	1120	1120	0.00	42.00	8.80	8.00	9857.00
chr8	56449623	56450530	907	907	13.00	77.00	43.17	44.00	39154.00
chr9	139354208	139354326	118	118	85.00	115.00	100.03	100.00	11804.00
chr1	32204908	32205236	328	328	1616.00	2264.00	1958.91	1984.00	642521.00
chr7	75608768	75608897	129	129	147.00	230.00	181.78	180.00	23450.00
chr19	45161029	45161178	149	149	122.00	230.00	168.73	164.00	25141.00
chr19	5243911	5244493	582	582	143.00	252.00	200.85	204.00	116893.00
chr6	32119585	32119717	132	132	34.00	1581.00	718.54	745.00	94847.00
chr3	42670878	42672067	1189	1189	0.00	40.00	7.60	5.00	9037.00
chr11	45892392	45892485	93	93	458.00	592.00	510.12	505.00	47441.00
chr17	80040789	80040991	202	202	1102.00	1552.00	1336.20	1327.00	269913.00
chr2	74902875	74903036	161	161	111.00	192.00	157.10	156.00	25293.00
chr17	38335969	38337946	1977	1977	6.00	491.00	42.61	20.00	84236.00
chr16	87870103	87870253	150	150	291.00	388.00	331.74	333.00	49761.00
chr1	32205947	32206142	195	195	1252.00	2051.00	1524.38	1448.00	297254.00
chr6	44117553	44117702	149	149	2.00	573.00	359.88	473.00	53622.00
chr1	159163659	159163830	171	171	1695.00	2287.00	2024.15	2056.00	346130.00
chr3	445565	446023	458	458	1.00	17.00	7.22	6.00	3306.00
chr2	25048913	25048995	82	82	350.00	436.00	408.15	413.00	33468.00
chr10	99504485	99504672	187	187	234.00	341.00	284.62	286.00	53224.00
chr4	54364807	54365010	203	203	104.00	188.00	143.50	142.00	29131.00
chr17	1634367	1634552	185	185	50.00	83.00	65.78	66.00	12169.00
chr7	72416124	72416247	123	123	353.00	462.00	400.11	388.00	49214.00
chr1	208212169	208212329	160	160	116.00	166.00	136.96	137.00	21914.00
chr9	140952500	140952702	202	202	66.00	132.00	101.45	105.50	20492.00
chr6	44197325	44197528	203	203	44.00	106.00	71.63	74.00	14540.00
chr6	44197643	44198218	575	575	10.00	112.00	56.50	36.00	32487.00
chr11	118981972	118982084	112	112	592.00	710.00	642.46	635.00	71956.00
chr5	150503846	150503952	106	106	16.00	3672.00	2509.24	3140.50	265979.00
chr11	118981761	118981878	117	117	561.00	675.00	609.56	606.00	71318.00
chr11	126314873	126315000	127	127	231.00	370.00	303.20	297.00	38506.00
chr1	159165808	159166244	436	436	8.00	2126.00	396.02	22.00	172663.00
chr7	134893542	134893750	208	208	39.00	79.00	57.52	56.00	11965.00
chr9	121976196	121976433	237	237	319.00	808.00	554.81	612.00	131491.00
chr19	54691042	54691169	127	127	845.00	1413.00	1130.67	1119.00	143595.00
chr22	38621430	38621600	170	170	567.00	754.00	669.57	687.50	113827.00
chr13	42035681	42036205	524	524	0.00	14.00	4.62	2.00	2421.00
chr20	1915360	1915413	53	53	6.00	2140.00	1539.09	1938.00	81572.00
chr5	14496987	14497126	139	139	242.00	313.00	273.46	273.00	38011.00
chr12	56528125	56528212	87	87	66.00	126.00	99.59	104.00	8664.00
chr3	47466974	47467101	127	127	149.00	242.00	208.71	209.00	26506.00
chr17	7415476	7415663	187	187	257.00	379.00	309.01	305.00	57784.00
chr3	33588037	33589252	1215	1215	0.00	40.00	16.95	15.00	20592.00
chr7	887833	888615	782	782	9.00	151.00	49.23	32.00	38494.00
chr10	24813251	24813693	442	442	97.00	265.00	168.36	167.00	74414.00
chr1	109812045	109812213	168	168	667.00	910.00	778.29	778.50	130753.00
chr19	15276597	15276902	305	305	232.00	345.00	280.97	281.00	85695.00
chr16	2334779	2334999	220	220	444.00	600.00	526.47	531.50	115823.00
chr16	68404761	68405261	500	500	124.00	309.00	211.52	211.00	105759.00
chr4	110969111	110969871	760	760	11.00	64.00	36.89	39.00	28040.00
chr1	145693161	145693996	835	835	14.00	57.00	34.06	35.00	28440.00
chr7	44282848	44282932	84	84	1669.00	1893.00	1765.37	1762.00	148291.00
chr2	220164315	220164508	193	193	13.00	1718.00	737.11	25.00	142263.00
chr12	50472203	50472360	157	157	221.00	283.00	253.51	255.00	39801.00
chr2	220163768	220163833	65	65	1711.00	2040.00	1876.85	1880.00	121995.00
chr2	222289928	222290862	934	934	477.00	788.00	621.10	625.00	580111.00
chr12	57599133	57599268	135	135	441.00	595.00	485.21	473.00	65503.00
chr7	157475416	157475629	213	213	1237.00	1672.00	1465.32	1484.00	312113.00
chr1	32203800	32203927	127	127	1903.00	2676.00	2283.04	2281.00	289946.00
chr1	109811731	109811912	181	181	653.00	917.00	783.33	786.00	141783.00
chr9	140052830	140052975	145	145	1679.00	2440.00	2039.71	1996.00	295758.00
chr2	220161706	220161854	148	148	3096.00	3771.00	3347.78	3318.50	495471.00
chr16	29896906	29897070	164	164	686.00	1067.00	908.52	892.50	148998.00
chr16	47143393	47143622	229	229	129.00	211.00	167.86	174.00	38439.00
chr11	993753	993985	232	232	419.00	985.00	746.25	804.00	173129.00
chr9	124059698	124061137	1439	1439	0.00	30.00	13.24	12.00	19059.00
chr9	140350140	140350634	494	494	8.00	52.00	29.68	29.00	14662.00
chr11	14504577	14504697	120	120	150.00	198.00	169.83	168.00	20380.00
chr3	49898612	49898733	121	121	1801.00	2156.00	1981.18	1979.00	239723.00
chr9	131811659	131811777	118	118	143.00	237.00	188.11	181.00	22197.00
chr9	131810705	131810818	113	113	107.00	205.00	150.75	139.00	17035.00
chr1	223400935	223401080	145	145	802.00	1324.00	1090.45	1116.00	158115.00
chr12	125612185	125612820	635	635	2.00	436.00	76.07	14.00	48302.00
chr2	220088590	220088744	154	154	302.00	431.00	387.84	397.50	59728.00
chr9	70888487	70888750	263	263	0.00	3.00	0.99	1.00	260.00
chr14	69813756	69813898	142	142	431.00	680.00	523.13	516.00	74285.00
chr2	47399145	47399890	745	745	3.00	910.00	48.18	27.00	35894.00
chr11	62688689	62689041	352	352	9.00	276.00	75.25	20.50	26488.00
chr6	43745205	43745407	202	202	2.00	145.00	110.61	110.00	22343.00
chr3	11072492	11072997	505	505	0.00	893.00	169.49	19.00	85590.00
chr7	2696031	2696168	137	137	434.00	634.00	551.28	559.00	75526.00
chr16	14969196	14969279	83	83	511.00	767.00	653.67	685.00	54255.00
chr17	7377847	7378026	179	179	2.00	17.00	9.85	12.00	1763.00
chr12	65639640	65639719	79	79	132.00	220.00	169.51	164.00	13391.00
chr12	50294912	50295108	196	196	3079.00	4318.00	3475.68	3444.50	681234.00
chr19	42485653	42485788	135	135	3611.00	4730.00	4270.05	4342.00	576457.00
chr10	99509230	99509343	113	113	313.00	385.00	345.34	342.00	39023.00
chr22	38883877	38888120	4243	4243	26.00	1120.00	192.12	121.00	815171.00
chr12	49416372	49416658	286	286	194.00	331.00	272.14	273.00	77832.00
chr6	24843089	24843782	693	693	124.00	216.00	164.62	163.00	114085.00
chr5	176295561	176295665	104	104	519.00	679.00	596.65	595.50	62052.00
chr10	99510087	99510227	140	140	286.00	669.00	458.19	441.00	64146.00
chr1	159173658	159174770	1112	1112	20.00	251.00	128.79	123.00	143218.00
chr11	1780745	1780869	124	124	3208.00	4233.00	3833.30	3988.00	475329.00
chr19	42486059	42486258	199	199	2575.00	4658.00	3698.03	3752.00	735907.00
chr3	47465422	47465535	113	113	203.00	272.00	234.72	236.00	26523.00
chr1	21573713	21573856	143	143	18.00	64.00	32.41	26.00	4635.00
chr11	65320330	65320453	123	123	201.00	248.00	231.23	236.00	28441.00
chr3	47462420	47462519	99	99	262.00	402.00	345.18	366.00	34173.00
chr2	219204751	219204864	113	113	173.00	266.00	227.84	234.00	25746.00
chr1	43906123	43906257	134	134	23.00	47.00	35.70	38.00	4784.00
chr7	38785158	38785840	682	682	5.00	735.00	72.37	18.00	49353.00
chr2	153499932	153500058	126	126	163.00	220.00	194.67	193.50	24528.00
chr1	32203011	32203132	121	121	6.00	2351.00	1815.55	2113.00	219681.00
chr22	42290823	42290941	118	118	1155.00	2353.00	1957.11	2004.00	230939.00
chr19	47940718	47940818	100	100	857.00	1209.00	1027.01	1030.50	102701.00
chr4	119539150	119539274	124	124	3.00	16.00	9.52	11.00	1181.00
chr17	44117067	44117250	183	183	105.00	157.00	126.78	126.00	23200.00
chr19	42485873	42485983	110	110	3269.00	3844.00	3611.22	3617.00	397234.00
chr6	44114583	44114664	81	81	136.00	202.00	168.57	167.00	13654.00
chr19	47941105	47941292	187	187	5.00	1243.00	735.37	1067.00	137515.00
chr11	73074250	73074500	250	250	381.00	538.00	440.49	432.00	110122.00
chr3	33418764	33418825	61	61	575.00	641.00	609.75	609.00	37195.00
chr1	700258	700505	247	247	11.00	49.00	29.12	27.00	7193.00
chr9	74319510	74319719	209	209	129.00	250.00	176.79	176.00	36950.00
chr16	2336694	2336968	274	274	329.00	722.00	578.79	619.00	158589.00
chr20	3575125	3575219	94	94	184.00	250.00	220.14	224.50	20693.00
chr9	139231377	139231529	152	152	180.00	258.00	218.23	215.00	33171.00
chr5	140515951	140516498	547	547	9.00	43.00	27.88	29.00	15253.00
chr1	21938208	21938309	101	101	756.00	911.00	845.14	841.00	85359.00
chr3	155659188	155659936	748	748	35.00	188.00	92.82	87.00	69429.00
chr16	27483068	27483241	173	173	222.00	390.00	316.23	323.00	54708.00
chr11	994071	994245	174	174	242.00	496.00	414.46	443.00	72116.00
chr7	71175745	71175913	168	168	1542.00	2101.00	1854.55	1873.00	311564.00
chr12	121204065	121204175	110	110	378.00	620.00	507.51	520.50	55826.00
chr7	73118679	73118753	74	74	2313.00	2690.00	2483.66	2493.50	183791.00
chr9	140972565	140972710	145	145	120.00	159.00	139.28	139.00	20195.00
chr12	121683329	121684024	695	695	0.00	8.00	1.98	2.00	1376.00
chr16	74493579	74493687	108	108	320.00	450.00	391.29	391.00	42259.00
chr2	36771518	36771641	123	123	303.00	390.00	336.46	333.00	41384.00
chr7	94187181	94187996	815	815	0.00	69.00	26.76	23.00	21810.00
chr14	94156951	94157239	288	288	0.00	12.00	4.96	4.00	1428.00
chr7	121739000	121739524	524	524	0.00	20.00	8.60	9.00	4507.00
chr1	19549117	19549328	211	211	138.00	216.00	183.75	184.00	38771.00
chr19	5214571	5214747	176	176	234.00	617.00	406.28	384.50	71505.00
chr19	42557753	42557861	108	108	816.00	1215.00	1025.26	1023.00	110728.00
chr15	102510686	102510925	239	239	2.00	37.00	21.15	21.00	5054.00
chr5	167673761	167675376	1615	1615	88.00	324.00	159.71	153.00	257926.00
chr7	44282158	44282253	95	95	1730.00	2152.00	1895.16	1838.00	180040.00
chr2	160621061	160621717	656	656	0.00	368.00	37.55	13.00	24631.00
chr5	10426501	10426634	133	133	474.00	605.00	533.81	537.00	70997.00
chr16	1814301	1814460	159	159	968.00	1218.00	1096.72	1108.00	174378.00
chr11	21581734	21581928	194	194	338.00	509.00	402.57	391.50	78098.00
chr3	126749085	126749255	170	170	338.00	534.00	448.90	460.50	76313.00
chr11	12237765	12237866	101	101	463.00	624.00	540.85	542.00	54626.00
chr6	31750872	31750963	91	91	92.00	132.00	116.98	120.00	10645.00
chr3	53124201	53124398	197	197	3.00	39.00	17.41	14.00	3429.00
chr2	220161470	220161544	74	74	3105.00	3543.00	3335.08	3331.50	246796.00
chr2	128951046	128951785	739	739	21.00	130.00	85.79	88.00	63398.00
chr5	24535811	24535931	120	120	85.00	151.00	119.29	120.00	14315.00
chr1	44083406	44083582	176	176	462.00	599.00	532.86	530.00	93783.00
chr1	32207653	32207818	165	165	1239.00	1487.00	1353.64	1363.00	223351.00
chr12	7293754	7294000	246	246	0.00	1179.00	726.20	1071.00	178645.00
chr3	131442289	131442469	180	180	210.00	310.00	260.42	263.00	46876.00
chr3	49898871	49899298	427	427	84.00	2324.00	1079.37	1762.00	460889.00
chr16	66432358	66432464	106	106	71.00	101.00	89.07	91.00	9441.00
chr1	20982593	20982680	87	87	758.00	968.00	855.40	828.00	74420.00
chr16	68398653	68398809	156	156	225.00	322.00	274.00	273.00	42744.00
chr17	16676818	16678279	1461	1461	1.00	32.00	12.70	11.00	18559.00
chr1	109814899	109815027	128	128	1423.00	2004.00	1722.01	1735.00	220417.00
chr1	21940478	21940582	104	104	1026.00	1264.00	1169.16	1203.50	121593.00
chr20	57468284	57468793	509	509	0.00	27.00	11.44	11.00	5825.00
chr3	127358087	127358366	279	279	559.00	1586.00	1295.01	1338.00	361308.00
chr3	126735359	126735527	168	168	159.00	230.00	198.60	201.00	33365.00
chr10	103869140	103869264	124	124	816.00	1094.00	958.71	964.00	118880.00
chr20	44520554	44520666	112	112	323.00	405.00	357.79	350.50	40073.00
chr1	32203252	32203356	104	104	1892.00	2347.00	2143.27	2139.00	222900.00
chr21	40186196	40186316	120	120	391.00	535.00	460.89	449.00	55307.00
chr5	111067153	111068349	1196	1196	1.00	47.00	18.03	16.50	21566.00
chr9	128002954	128003186	232	232	594.00	764.00	686.04	684.00	159162.00
chr1	43408896	43408992	96	96	400.00	556.00	486.82	499.50	46735.00
chr3	47463931	47464026	95	95	256.00	311.00	287.07	292.00	27272.00
chr2	220161160	220161238	78	78	3195.00	3774.00	3462.06	3426.50	270041.00
chr11	62472772	62473089	317	317	3705.00	5099.00	4294.80	4278.00	1361452.00
chr9	130986341	130986906	565	565	0.00	1275.00	266.78	5.00	150731.00
chr14	69358769	69359000	231	231	276.00	558.00	432.99	455.00	100021.00
chr11	64416205	64416379	174	174	468.00	735.00	601.55	604.50	104670.00
chr17	8398454	8398559	105	105	424.00	576.00	495.25	485.00	52001.00
chr12	53572943	53574193	1250	1250	2.00	100.00	38.94	31.00	48677.00
chr17	17696544	17701827	5283	5283	34.00	572.00	171.26	131.00	904771.00
chr8	11705187	11705331	144	144	2657.00	3559.00	3191.17	3218.00	459529.00
chr19	54963829	54963931	102	102	184.00	278.00	217.70	197.50	22205.00
chr2	70451682	70456295	4613	4613	0.00	234.00	31.22	22.00	144036.00
chr11	118873959	118874169	210	210	5.00	13.00	8.81	9.00	1851.00
chr10	75548427	75548581	154	154	27.00	59.00	42.40	41.00	6530.00
chr6	33414351	33414563	212	212	1200.00	2109.00	1802.50	1841.50	382130.00
chr17	80042910	80043032	122	122	423.00	600.00	525.37	527.00	64095.00
chr11	11470290	11470483	193	193	325.00	533.00	424.39	406.00	81908.00
chr8	23294446	23294771	325	325	122.00	292.00	199.08	200.00	64701.00
chr1	116932060	116932663	603	603	2.00	2318.00	823.22	19.00	496401.00
chr15	83222627	83222741	114	114	178.00	247.00	217.11	220.00	24750.00
chr3	9841562	9841751	189	189	37.00	81.00	50.59	47.00	9561.00
chr1	116937731	116937907	176	176	2607.00	5196.00	3537.51	3458.00	622601.00
chr16	87868019	87868197	178	178	282.00	451.00	354.79	349.00	63153.00
chr3	124209540	124209731	191	191	982.00	1272.00	1122.95	1129.00	214484.00
chr7	71142195	71142291	96	96	1289.00	1572.00	1397.26	1383.50	134137.00
chr5	130497324	130497584	260	260	2.00	43.00	19.19	18.00	4990.00
chr13	100199238	100199358	120	120	763.00	941.00	877.26	879.00	105271.00
chr5	139943336	139943506	170	170	19.00	350.00	300.61	314.00	51104.00
chr17	74395529	74396002	473	473	131.00	201.00	164.45	166.00	77787.00
chr14	93179149	93179216	67	67	328.00	395.00	369.39	370.00	24749.00
chr4	160277004	160277310	306	306	60.00	973.00	543.80	586.50	166403.00
chr17	40666306	40666478	172	172	2044.00	2950.00	2519.04	2458.00	433275.00
chr15	34828065	34828207	142	142	6.00	193.00	152.44	169.00	21646.00
chr14	100165802	100165876	74	74	1497.00	1763.00	1615.70	1641.50	119562.00
chr22	20128089	20128231	142	142	6.00	349.00	194.63	276.00	27638.00
chr12	3392210	3394421	2211	2211	7.00	194.00	88.88	83.00	196513.00
chr17	16687866	16690667	2801	2801	0.00	50.00	6.10	3.00	17096.00
chr6	31664724	31664810	86	86	286.00	384.00	344.79	353.50	29652.00
chr6	30627512	30627611	99	99	78.00	104.00	95.58	96.00	9462.00
chr11	18752834	18755060	2226	2226	1.00	1470.00	137.07	29.00	305114.00
chr12	109332602	109332731	129	129	504.00	738.00	631.65	659.00	81483.00
chr6	90072884	90073110	226	226	30.00	65.00	47.58	50.00	10753.00
chr16	2689371	2689711	340	340	31.00	73.00	49.08	48.00	16687.00
chr1	20987373	20987484	111	111	652.00	891.00	772.70	770.00	85770.00
chr14	85985300	85986667	1367	1367	0.00	26.00	11.73	11.00	16038.00
chr13	32863769	32863880	111	111	285.00	390.00	343.89	343.00	38172.00
chr16	1510418	1510528	110	110	160.00	219.00	191.37	196.00	21051.00
chr19	54963269	54963444	175	175	222.00	319.00	261.06	254.00	45686.00
chr6	44224078	44224233	155	155	102.00	211.00	147.15	151.00	22808.00
chr20	3151172	3152285	1113	1113	2.00	27.00	10.19	7.00	11342.00
chr1	892273	892405	132	132	247.00	389.00	295.00	284.00	38940.00
chr16	90192167	90192724	557	557	0.00	20.00	8.22	10.00	4576.00
chr9	111663704	111663810	106	106	112.00	166.00	145.22	150.00	15393.00
chr6	44108764	44108835	71	71	192.00	236.00	210.31	208.00	14932.00
chr1	36028802	36029027	225	225	8640.00	13194.00	10287.37	9782.00	2314659.00
chr11	66807259	66807674	415	415	5.00	301.00	216.32	232.00	89771.00
chr1	178426817	178427679	862	862	16.00	112.00	62.42	67.00	53804.00
chr19	42482302	42482478	176	176	4143.00	5672.00	4660.59	4627.00	820264.00
chr1	44084718	44084873	155	155	399.00	555.00	464.47	463.00	71993.00
chr1	109812315	109812442	127	127	774.00	989.00	886.06	897.00	112529.00
chr3	180324268	180324391	123	123	124.00	166.00	141.32	140.00	17382.00
chr15	63933668	63933842	174	174	118.00	183.00	150.01	149.50	26101.00
chr20	44521363	44521519	156	156	466.00	711.00	579.79	572.00	90447.00
chr3	33416779	33416910	131	131	343.00	641.00	454.90	432.00	59592.00
chr1	21934624	21934843	219	219	1.00	1724.00	755.91	1011.00	165545.00
chr14	69799801	69799886	85	85	213.00	310.00	249.89	247.00	21241.00
chr1	116936134	116936345	211	211	4.00	3347.00	2802.01	3064.00	591225.00
chr14	23634493	23634645	152	152	45.00	65.00	55.25	55.00	8398.00
chr16	1402538	1402947	409	409	0.00	23.00	2.65	0.00	1085.00
chr9	20331	25000	4669	4669	0.00	193.00	13.68	8.00	63863.00
chr17	43545574	43545959	385	385	25.00	93.00	55.97	59.00	21548.00
chr13	100201418	100201476	58	58	826.00	947.00	882.50	880.00	51185.00
chr15	41865505	41865665	160	160	633.00	1081.00	814.68	777.00	130349.00
chr19	19641688	19642196	508	508	9.00	24.00	17.69	18.00	8989.00
chr11	134147593	134148159	566	566	19.00	63.00	40.65	40.00	23006.00
chr2	71656420	71657290	870	870	4.00	49.00	26.81	27.00	23321.00
chr7	97834775	97835016	241	241	265.00	482.00	391.05	407.00	94243.00
chr19	13363804	13363915	111	111	106.00	130.00	114.27	113.00	12684.00
chr18	31328383	31329011	628	628	7.00	43.00	22.56	23.00	14167.00
chr16	66431884	66432009	125	125	29.00	79.00	52.22	58.00	6528.00
chr19	47935155	47935702	547	547	12.00	2085.00	906.07	1016.00	495623.00
chr12	50291769	50291873	104	104	2362.00	3108.00	2689.78	2675.00	279737.00
chr11	1780198	1780317	119	119	3483.00	4580.00	3855.04	3764.00	458750.00
chr15	65392626	65393167	541	541	0.00	17.00	9.29	9.00	5028.00
chr2	86397871	86397967	96	96	185.00	254.00	213.21	208.00	20468.00
chr7	97866087	97866233	146	146	231.00	304.00	265.42	262.00	38751.00
chr11	60687157	60687402	245	245	153.00	322.00	244.53	252.00	59910.00
chr21	43307700	43309453	1753	1753	19.00	109.00	57.94	57.00	101575.00
chr14	24619269	24619657	388	388	65.00	146.00	102.79	102.00	39882.00
chr11	65320634	65320727	93	93	165.00	212.00	187.53	191.00	17440.00
chr16	29891184	29891385	201	201	962.00	1392.00	1182.47	1226.00	237676.00
chr1	32207224	32207326	102	102	1431.00	2010.00	1634.46	1630.00	166715.00
chr11	72300218	72300394	176	176	0.00	1487.00	474.88	1.00	83579.00
chr17	7608878	7609038	160	160	170.00	354.00	257.65	262.50	41224.00
chr19	7607646	7607814	168	168	370.00	521.00	431.61	423.50	72511.00
chr19	54966129	54966271	142	142	125.00	209.00	175.21	184.50	24880.00
chr12	57995027	57995131	104	104	373.00	487.00	449.87	454.50	46786.00
chr1	27428875	27429049	174	174	135.00	197.00	165.40	167.00	28779.00
chr2	27688277	27688385	108	108	59.00	89.00	79.16	81.00	8549.00
chr16	2691449	2692254	805	805	13.00	107.00	45.09	45.00	36296.00
chr9	131503813	131503933	120	120	719.00	1048.00	906.55	907.50	108786.00
chr16	2347766	2347922	156	156	301.00	378.00	336.79	337.00	52539.00
chr17	80039884	80040036	152	152	866.00	1165.00	999.55	986.00	151932.00
chr1	32204432	32204538	106	106	1818.00	2747.00	2252.65	2277.00	238781.00
chr12	9242951	9243078	127	127	442.00	564.00	502.81	499.00	63857.00
chr3	49702661	49702751	90	90	451.00	636.00	570.59	580.00	51353.00
chr19	35820359	35820837	478	478	4.00	33.00	20.63	20.00	9863.00
chr1	201456762	201457615	853	853	8.00	46.00	25.11	27.00	21416.00
chr16	2334279	2334438	159	159	431.00	734.00	577.74	566.00	91861.00
chr10	73578373	73578481	108	108	10973.00	13904.00	12254.95	11972.50	1323535.00
chr16	18530550	18530756	206	206	10.00	852.00	464.12	676.00	95608.00
chr16	16369094	16369300	206	206	10.00	815.00	448.72	655.50	92437.00
chr13	113975636	113975785	149	149	24.00	1797.00	769.00	45.00	114581.00
chr11	119293822	119294227	405	405	12.00	9059.00	888.28	133.00	359753.00
chr5	150505962	150506041	79	79	1993.00	2813.00	2308.16	2206.00	182345.00
chr22	44224939	44225078	139	139	2267.00	3088.00	2701.44	2771.00	375500.00
chr15	41865199	41865309	110	110	790.00	1048.00	921.93	906.50	101412.00
chr17	25633807	25636298	2491	2491	14.00	645.00	182.91	137.00	455623.00
chr15	72495155	72495529	374	374	3.00	9078.00	3325.47	28.00	1243725.00
chr9	42540272	42542124	1852	1852	0.00	56.00	18.61	17.00	34472.00
chr11	119290760	119291704	944	944	3.00	13694.00	4651.58	31.00	4391096.00
chr19	5219949	5220165	216	216	266.00	541.00	380.06	350.00	82093.00
chr15	63910769	63911153	384	384	0.00	8.00	2.21	1.00	849.00
chr17	74393879	74393969	90	90	144.00	226.00	175.20	159.00	15768.00
chr10	104129467	104129532	65	65	110.00	155.00	132.77	135.00	8630.00
chr3	142454224	142454620	396	396	2.00	16.00	7.99	7.00	3163.00
chr12	121205196	121205396	200	200	378.00	642.00	488.94	467.00	97789.00
chr3	31705570	31705724	154	154	82.00	149.00	115.69	119.50	17816.00
chr6	118635190	118636593	1403	1403	53.00	238.00	137.75	133.00	193262.00
chr8	10339867	10340829	962	962	1.00	25.00	12.07	12.00	11610.00
chr19	16952578	16952779	201	201	253.00	424.00	341.02	352.00	68546.00
chr8	110984486	110985016	530	530	66.00	201.00	118.52	112.00	62816.00
chr9	128001219	128001610	391	391	815.00	1419.00	1181.56	1217.00	461991.00
chr11	73070878	73070997	119	119	228.00	299.00	266.80	267.00	31749.00
chr10	104130140	104130235	95	95	84.00	113.00	100.40	102.00	9538.00
chr5	95733039	95733173	134	134	67.00	117.00	89.81	84.50	12035.00
chr19	59059400	59059547	147	147	585.00	712.00	638.39	631.00	93843.00
chr5	139943169	139943255	86	86	1.00	295.00	233.78	258.50	20105.00
chr17	73487771	73487981	210	210	149.00	337.00	260.59	278.50	54723.00
chr1	154315588	154315777	189	189	77.00	113.00	90.33	89.00	17073.00
chr14	95652726	95653070	344	344	10.00	51.00	27.98	29.00	9626.00
chr12	123639801	123640772	971	971	13.00	78.00	36.75	38.00	35684.00
chr22	47064870	47065171	301	301	0.00	6.00	2.97	2.00	893.00
chr5	24535220	24535388	168	168	57.00	138.00	103.12	104.00	17325.00
chr12	6806452	6806958	506	506	630.00	1769.00	1225.25	1261.50	619978.00
chr22	29881711	29881836	125	125	322.00	476.00	399.66	420.00	49958.00
chr7	75894681	75894786	105	105	161.00	219.00	192.69	193.00	20232.00
chr12	121089007	121095893	6886	6886	0.00	198.00	21.54	17.00	148298.00
chr1	207940357	207942365	2008	2008	4.00	660.00	74.38	31.00	149365.00
chr7	154681166	154681240	74	74	1761.00	2124.00	1946.84	1953.00	144066.00
chr5	131696513	131697529	1016	1016	0.00	21.00	6.86	6.00	6965.00
chr11	1776135	1776258	123	123	2872.00	4494.00	3665.34	3621.00	450837.00
chr8	11706554	11706673	119	119	2267.00	2765.00	2527.90	2553.00	300820.00
chr11	18759426	18759511	85	85	835.00	1053.00	928.33	914.00	78908.00
chr16	61689373	61689625	252	252	209.00	321.00	265.25	263.00	66842.00
chr15	51750702	51750824	122	122	351.00	417.00	389.32	389.50	47497.00
chr9	35555056	35555698	642	642	588.00	1017.00	821.37	836.50	527320.00
chr2	198356200	198356621	421	421	3.00	15.00	8.96	9.00	3772.00
chr9	131001723	131001794	71	71	4924.00	5881.00	5514.28	5579.00	391514.00
chr19	5214371	5214491	120	120	524.00	821.00	715.93	748.50	85912.00
chr22	35719488	35719623	135	135	268.00	405.00	362.80	365.00	48978.00
chr12	121678738	121679829	1091	1091	0.00	24.00	8.51	8.00	9284.00
chr14	23820960	23821064	104	104	3734.00	4256.00	3971.62	3963.50	413048.00
chr1	32205710	32205779	69	69	1324.00	1657.00	1496.96	1510.00	103290.00
chr3	33420176	33420326	150	150	19.00	586.00	221.67	24.00	33251.00
chr9	114820707	114820966	259	259	88.00	178.00	126.46	130.00	32754.00
chr15	41865876	41866023	147	147	10.00	1473.00	1146.84	1223.00	168586.00
chr19	55554308	55554637	329	329	1.00	20.00	11.33	12.00	3729.00
chr1	116933403	116933513	110	110	2264.00	2921.00	2585.04	2505.00	284354.00
chr19	15374230	15374359	129	129	138.00	263.00	211.29	219.00	27256.00
chr12	56090682	56090852	170	170	217.00	404.00	319.97	333.00	54395.00
chr14	69445668	69445876	208	208	92.00	299.00	203.07	208.00	42239.00
chr12	57603474	57603651	177	177	588.00	893.00	738.87	724.00	130780.00
chr22	32897492	32898946	1454	1454	11.00	117.00	64.91	64.00	94375.00
chr16	16367702	16367764	62	62	0.00	324.00	152.74	160.50	9470.00
chr19	5245786	5246056	270	270	231.00	323.00	275.54	273.00	74397.00
chr16	74345440	74345829	389	389	1.00	32.00	12.20	10.00	4745.00
chr6	107096899	107097076	177	177	42.00	107.00	82.42	86.00	14588.00
chr1	29641883	29642019	136	136	194.00	282.00	229.72	228.50	31242.00
chr8	97342440	97342509	69	69	428.00	536.00	481.90	481.00	33251.00
chr8	68116914	68117054	140	140	177.00	252.00	214.06	213.00	29968.00
chr22	22037470	22037546	76	76	142.00	188.00	160.71	156.00	12214.00
chr22	50682147	50683420	1273	1273	12.00	169.00	83.19	72.00	105896.00
chr20	44048971	44049069	98	98	602.00	692.00	654.30	660.50	64121.00
chr1	36904356	36904511	155	155	199.00	289.00	243.60	249.00	37758.00
chr12	71054719	71054877	158	158	223.00	327.00	282.15	288.50	44579.00
chr15	50654364	50655515	1151	1151	0.00	14.00	5.85	6.00	6732.00
chr2	234198499	234198620	121	121	174.00	261.00	216.48	213.00	26194.00
chr9	128001699	128001812	113	113	740.00	945.00	846.12	871.00	95612.00
chr8	38272296	38272419	123	123	266.00	382.00	335.72	342.00	41294.00
chr11	73068069	73068179	110	110	238.00	281.00	259.13	259.50	28504.00
chr16	28123137	28123327	190	190	512.00	805.00	683.31	702.00	129828.00
chr12	49424062	49424222	160	160	59.00	87.00	71.66	72.00	11466.00
chr19	50302885	50303023	138	138	798.00	951.00	875.62	882.00	120835.00
chr19	42480567	42480718	151	151	8165.00	9928.00	9116.48	9230.00	1376588.00
chr3	197904395	197905301	906	906	0.00	16.00	4.56	3.00	4127.00
chr13	100189992	100190117	125	125	406.00	514.00	454.56	456.00	56820.00
chr19	14268062	14268272	210	210	511.00	732.00	617.06	617.50	129583.00
chr10	93786886	93787057	171	171	110.00	168.00	138.88	140.00	23749.00
chr1	109808726	109808828	102	102	380.00	575.00	462.07	430.00	47131.00
chr4	134075461	134075520	59	59	326.00	433.00	376.10	374.00	22190.00
chr1	22052268	22053864	1596	1596	0.00	22.00	7.82	7.00	12484.00
chr9	140056855	140056968	113	113	3054.00	4363.00	3874.25	4001.00	437790.00
chr19	42482087	42482224	137	137	5599.00	9133.00	7286.28	7580.00	998221.00
chr19	4556962	4557025	63	63	1685.00	1851.00	1756.94	1744.00	110687.00
chr19	14266921	14267013	92	92	627.00	921.00	796.37	816.00	73266.00
chr22	42273851	42274127	276	276	3.00	1547.00	867.14	1237.50	239331.00
chr1	205549788	205550049	261	261	242.00	619.00	454.28	485.00	118568.00
chr1	110765585	110766522	937	937	296.00	662.00	451.17	420.00	422744.00
chr19	55553595	55554158	563	563	3.00	31.00	19.48	20.00	10969.00
chr7	150929881	150931360	1479	1479	30.00	196.00	97.15	92.00	143690.00
chr3	124215157	124215260	103	103	846.00	1419.00	1183.16	1221.00	121865.00
chr16	58220658	58220760	102	102	174.00	268.00	220.04	219.00	22444.00
chr3	10381925	10382033	108	108	388.00	601.00	501.51	511.00	54163.00
chr10	11356101	11356221	120	120	237.00	311.00	281.02	281.00	33723.00
chr22	42294652	42294785	133	133	1701.00	2245.00	1994.95	2017.00	265329.00
chr1	2005531	2005714	183	183	31.00	203.00	86.13	60.00	15761.00
chr12	113722522	113722576	54	54	83.00	100.00	91.31	93.00	4931.00
chr9	131502198	131502398	200	200	3.00	1468.00	1204.36	1259.00	240871.00
chr19	40873602	40873786	184	184	3728.00	5083.00	4456.27	4533.00	819954.00
chr2	220162606	220162825	219	219	1514.00	2279.00	1800.21	1719.00	394245.00
chr16	28270027	28270355	328	328	4.00	89.00	55.52	58.00	18209.00
chr4	3225718	3225858	140	140	371.00	569.00	442.93	419.00	62010.00
chr17	44127898	44128070	172	172	88.00	138.00	117.22	118.00	20162.00
chr3	47462043	47462262	219	219	71.00	412.00	192.32	179.00	42117.00
chr6	99873090	99873182	92	92	31.00	300.00	140.03	130.00	12883.00
chr7	142561723	142562504	781	781	323.00	881.00	533.83	518.00	416919.00
chr1	159169540	159169666	126	126	2560.00	4079.00	3510.22	3690.00	442288.00
chr19	7606869	7606953	84	84	258.00	316.00	288.63	290.00	24245.00
chr16	2811561	2818298	6737	6737	0.00	1103.00	363.01	266.00	2445618.00
chr3	47450652	47450807	155	155	95.00	135.00	115.78	116.00	17946.00
chr11	118403631	118403922	291	291	384.00	554.00	444.03	434.00	129212.00
chr1	205555161	205555335	174	174	687.00	1070.00	889.51	896.50	154774.00
chr12	125603186	125603311	125	125	193.00	240.00	211.77	211.00	26471.00
chr11	86658288	86659498	1210	1210	7.00	53.00	25.42	26.00	30759.00
chr22	37764946	37768745	3799	3799	10.00	1724.00	584.85	528.00	2221842.00
chr10	46345664	46346215	551	551	0.00	22.00	10.22	10.00	5631.00
chr22	33673045	33673241	196	196	1192.00	1606.00	1379.14	1374.50	270312.00
chr9	140042599	140042666	67	67	0.00	136.00	96.07	100.00	6437.00
chr3	48717233	48717320	87	87	335.00	435.00	397.16	396.00	34553.00
chr11	60681600	60681740	140	140	37.00	159.00	77.18	60.00	10805.00
chr10	93784512	93784724	212	212	88.00	140.00	108.45	106.00	22991.00
chr12	7289424	7290372	948	948	1.00	1164.00	262.17	10.00	248533.00
chr3	132387062	132387526	464	464	2.00	17.00	9.21	9.00	4275.00
chr16	2335442	2335647	205	205	474.00	851.00	671.49	703.00	137655.00
chr16	1794782	1797276	2494	2494	5.00	894.00	103.72	41.00	258677.00
chr16	3786036	3786204	168	168	99.00	149.00	119.86	120.50	20137.00
chr9	141131209	141131766	557	557	0.00	20.00	4.78	2.00	2662.00
chr14	92965028	92966015	987	987	37.00	133.00	73.94	71.00	72982.00
chr19	54692070	54692200	130	130	649.00	1392.00	983.98	887.00	127918.00
chr15	43866006	43866230	224	224	198.00	516.00	327.46	322.00	73352.00
chr3	40231316	40231954	638	638	275.00	454.00	378.56	380.00	241524.00
chr3	50148937	50149455	518	518	5.00	34.00	16.16	16.00	8372.00
chr4	81117505	81117755	250	250	97.00	178.00	142.26	142.00	35565.00
chr10	46740404	46740638	234	234	0.00	1.00	0.34	0.00	79.00
chr3	124210169	124210271	102	102	875.00	1131.00	1027.49	1049.00	104804.00
chr11	107488830	107488932	102	102	367.00	519.00	417.38	406.00	42573.00
chr9	130591965	130592106	141	141	97.00	147.00	120.03	117.00	16924.00
chr1	20981932	20982027	95	95	730.00	903.00	814.93	812.00	77418.00
chr12	75875613	75875859	246	246	45.00	94.00	72.00	74.00	17711.00
chr22	32046684	32046764	80	80	82.00	119.00	101.03	100.00	8082.00
chr11	70331418	70331658	240	240	68.00	324.00	197.62	223.50	47428.00
chr14	51079976	51080069	93	93	902.00	1034.00	956.67	949.00	88970.00
chr17	80041077	80041301	224	224	671.00	1866.00	1183.22	1008.50	265042.00
chr7	158540884	158540971	87	87	311.00	387.00	363.06	367.00	31586.00
chr1	21553651	21553719	68	68	90.00	133.00	119.29	123.00	8112.00
chr2	219206256	219206349	93	93	198.00	263.00	238.29	242.00	22161.00
chr17	18444211	18445242	1031	1031	0.00	43.00	12.62	6.00	13013.00
chr12	57599340	57599460	120	120	452.00	563.00	504.15	505.00	60498.00
chr11	64417919	64418110	191	191	454.00	595.00	522.75	522.00	99846.00
chr19	3274926	3275650	724	724	7.00	33.00	19.85	19.00	14373.00
chr16	18532086	18532305	219	219	623.00	1258.00	900.14	850.00	197130.00
chr17	3776702	3776756	54	54	1229.00	1493.00	1391.31	1391.00	75131.00
chr1	116932670	116933033	363	363	6.00	2696.00	1344.49	2275.00	488051.00
chr16	1505731	1505796	65	65	296.00	393.00	349.37	351.00	22709.00
chr1	9794029	9794200	171	171	3082.00	3844.00	3453.25	3454.00	590506.00
chr10	73579221	73579379	158	158	7452.00	10031.00	8429.18	8445.50	1331810.00
chr11	6411684	6412146	462	462	34.00	219.00	158.52	168.00	73236.00
chr1	159163212	159163350	138	138	1856.00	2393.00	1997.60	1981.00	275669.00
chr16	1816723	1816804	81	81	1529.00	1862.00	1696.96	1688.00	137454.00
chr7	91722399	91722630	231	231	10.00	188.00	129.94	132.00	30017.00
chr7	44281816	44281939	123	123	1994.00	2725.00	2350.09	2355.00	289061.00
chr2	220467189	220467297	108	108	36.00	55.00	47.66	49.00	5147.00
chr16	4494664	4494729	65	65	346.00	500.00	433.29	426.00	28164.00
chr15	34681844	34681986	142	142	1.00	339.00	213.14	221.50	30266.00
chr9	139995935	139996124	189	189	288.00	426.00	362.06	352.00	68429.00
chr3	180324040	180324160	120	120	125.00	156.00	140.90	142.00	16908.00
chr3	42678359	42681242	2883	2883	36.00	178.00	101.25	100.00	291901.00
chr7	131812776	131815333	2557	2557	0.00	324.00	170.17	157.00	435117.00
chr20	1585387	1585522	135	135	46.00	674.00	398.51	425.00	53799.00
chr3	126751229	126751442	213	213	434.00	604.00	526.72	531.00	112191.00
chr15	63920875	63921014	139	139	489.00	644.00	559.50	548.00	77771.00
chr16	2040128	2040202	74	74	391.00	537.00	483.36	514.00	35769.00
chr9	74324174	74324390	216	216	89.00	170.00	122.36	121.00	26429.00
chr20	44521858	44521950	92	92	563.00	691.00	622.90	610.00	57307.00
chr9	139911647	139911798	151	151	539.00	687.00	605.68	600.00	91458.00
chr9	140055507	140055649	142	142	1210.00	2097.00	1627.25	1660.00	231070.00
chr12	120148055	120148191	136	136	195.00	267.00	236.84	238.00	32210.00
chr12	50474280	50474372	92	92	255.00	323.00	283.79	282.00	26109.00
chr15	63125702	63125828	126	126	405.00	568.00	482.64	482.50	60813.00
chr9	20907148	20907241	93	93	144.00	224.00	200.12	204.00	18611.00
chr16	87874655	87874761	106	106	178.00	244.00	205.08	199.50	21739.00
chr2	162833269	162833460	191	191	0.00	1933.00	1021.80	1554.00	195164.00
chr8	11704560	11704677	117	117	2198.00	2791.00	2421.22	2415.00	283283.00
chr15	63926931	63927087	156	156	254.00	342.00	300.95	310.00	46948.00
chr6	31668718	31668805	87	87	256.00	374.00	316.18	327.00	27508.00
chr7	148910792	148910906	114	114	22.00	64.00	47.27	51.00	5389.00
chr14	42355808	42357213	1405	1405	22.00	392.00	152.17	151.00	213804.00
chr10	88678928	88679226	298	298	69.00	133.00	95.41	94.50	28433.00
chr3	140998219	140998346	127	127	91.00	145.00	112.51	108.00	14289.00
chr1	144859758	144859998	240	240	317.00	504.00	391.68	396.00	94004.00
chr9	96054772	96055455	683	683	315.00	624.00	480.99	502.00	328517.00
chr19	7604803	7604944	141	141	194.00	280.00	245.24	248.00	34579.00
chr12	30906277	30907432	1155	1155	0.00	189.00	40.80	23.00	47123.00
chr9	131112762	131112854	92	92	188.00	349.00	273.00	264.50	25116.00
chr20	61981328	61982379	1051	1051	90.00	216.00	147.62	151.00	155149.00
chr7	38431348	38431618	270	270	865.00	1129.00	975.98	967.50	263514.00
chr20	44521036	44521123	87	87	320.00	449.00	372.59	379.00	32415.00
chr11	64418726	64419108	382	382	321.00	526.00	434.68	446.50	166046.00
chr12	120148344	120150270	1926	1926	0.00	261.00	32.48	6.00	62557.00
chr12	6930971	6931066	95	95	26.00	1124.00	557.00	581.00	52915.00
chr16	2339434	2339621	187	187	249.00	384.00	322.40	330.00	60289.00
chr2	27700083	27700187	104	104	48.00	78.00	64.72	67.00	6731.00
chr14	69805367	69805494	127	127	247.00	483.00	375.43	374.00	47680.00
chr12	9242497	9242619	122	122	363.00	507.00	447.02	456.50	54536.00
chr3	58256658	58256791	133	133	211.00	461.00	303.61	256.00	40380.00
chr10	79744927	79745098	171	171	96.00	211.00	154.04	161.00	26340.00
chr1	159161725	159161866	141	141	1269.00	1486.00	1377.79	1375.00	194268.00
chr16	31085202	31085519	317	317	15.00	72.00	41.97	37.00	13304.00
chr1	171755018	171755218	200	200	118.00	196.00	155.00	156.00	31001.00
chr9	130988124	130989280	1156	1156	0.00	3179.00	332.64	9.00	384531.00
chr15	63127935	63127998	63	63	440.00	589.00	502.98	477.00	31688.00
chr19	1917676	1917821	145	145	15.00	476.00	380.15	430.00	55122.00
chr22	25315792	25315960	168	168	142.00	225.00	186.09	188.00	31263.00
chr2	207943790	207945085	1295	1295	16.00	124.00	68.50	65.00	88713.00
chr11	47330706	47330952	246	246	4.00	935.00	429.37	20.00	105624.00
chr3	142743978	142746095	2117	2117	0.00	174.00	19.93	13.00	42201.00
chr7	44839492	44839694	202	202	0.00	14.00	4.33	3.00	874.00
chr22	31688260	31688471	211	211	22.00	229.00	115.16	115.00	24298.00
chr11	66333492	66333638	146	146	1154.00	1424.00	1308.47	1304.50	191036.00
chr9	131114916	131115026	110	110	337.00	426.00	385.24	386.00	42376.00
chr1	20206	21013	807	807	0.00	54.00	15.85	3.00	12790.00
chr11	108216469	108216635	166	166	39.00	61.00	49.57	49.00	8229.00
chr1	209778880	209779019	139	139	252.00	385.00	303.81	304.00	42229.00
chr1	202935876	202936026	150	150	252.00	604.00	458.62	478.00	68793.00
chr12	57600255	57600524	269	269	448.00	723.00	586.87	569.00	157869.00
chr19	15233503	15233615	112	112	200.00	295.00	243.05	239.00	27222.00
chr8	68115317	68115486	169	169	243.00	357.00	314.82	314.00	53205.00
chr19	13419229	13419342	113	113	22.00	78.00	42.81	34.00	4837.00
chr6	33266815	33267130	315	315	1.00	31.00	16.15	16.00	5088.00
chr16	89780611	89781646	1035	1035	0.00	29.00	12.39	13.00	12823.00
chr12	109964162	109964221	59	59	121.00	149.00	133.59	134.00	7882.00
chr22	24491893	24492045	152	152	103.00	179.00	133.19	134.50	20245.00
chr2	242592926	242593025	99	99	310.00	495.00	390.74	383.00	38683.00
chr1	21937944	21938074	130	130	789.00	1357.00	1095.88	1144.50	142464.00
chr2	223789173	223789313	140	140	359.00	485.00	420.47	418.50	58866.00
chr20	3772318	3772535	217	217	0.00	4.00	2.02	2.00	438.00
chr16	18531918	18532001	83	83	715.00	925.00	810.65	816.00	67284.00
chr1	43396296	43396537	241	241	345.00	471.00	410.87	408.00	99020.00
chr2	100037960	100038115	155	155	103.00	167.00	130.09	125.00	20164.00
chr16	1500497	1500770	273	273	1.00	577.00	298.11	391.00	81384.00
chr19	40876016	40876144	128	128	4374.00	5373.00	4943.24	5067.50	632735.00
chr5	168112691	168112932	241	241	162.00	332.00	229.36	214.00	55275.00
chr2	127825738	127825831	93	93	1332.00	1483.00	1409.86	1412.00	131117.00
chr1	19232015	19234990	2975	2975	19.00	174.00	83.43	77.00	248213.00
chr16	1391129	1391196	67	67	419.00	494.00	451.55	446.00	30254.00
chr6	33410665	33411689	1024	1024	4.00	1222.00	692.70	750.00	709325.00
chr9	95872033	95872266	233	233	0.00	14.00	4.18	1.00	975.00
chr1	53378627	53378839	212	212	10.00	35.00	24.72	26.00	5240.00
chr2	80531276	80531693	417	417	62.00	283.00	194.10	215.00	80938.00
chr7	44286718	44286791	73	73	1502.00	1896.00	1718.47	1722.00	125448.00
chr7	157369304	157369471	167	167	2102.00	2519.00	2342.65	2353.00	391223.00
chr11	18755079	18755191	112	112	0.00	1086.00	738.44	1019.00	82705.00
chr6	86237979	86238080	101	101	400.00	526.00	471.95	477.00	47667.00
chr8	145000951	145001050	99	99	70.00	115.00	91.98	90.00	9106.00
chr19	45167680	45167966	286	286	21.00	41.00	33.44	35.00	9565.00
chr10	48930165	48930400	235	235	0.00	8.00	0.90	0.00	212.00
chr16	87871450	87871547	97	97	239.00	352.00	308.53	326.00	29927.00
chr1	109815454	109815649	195	195	1012.00	1575.00	1205.63	1182.00	235097.00
chr1	208215442	208215711	269	269	96.00	216.00	153.58	155.00	41314.00
chr2	260866	261451	585	585	7.00	60.00	31.56	30.00	18460.00
chr5	180481266	180481724	458	458	7.00	87.00	40.23	44.00	18424.00
chr7	73119479	73119631	152	152	10.00	3229.00	1326.80	14.00	201673.00
chr15	34677248	34677358	110	110	365.00	584.00	460.65	447.50	50671.00
chr16	57687114	57687247	133	133	78.00	141.00	110.56	108.00	14705.00
chr15	50649406	50649592	186	186	1.00	23.00	9.28	6.00	1726.00
chr22	21071995	21072066	71	71	2871.00	3321.00	3080.66	3085.00	218727.00
chr5	179200882	179201561	679	679	7.00	88.00	56.43	55.00	38313.00
chr10	98763824	98763979	155	155	617.00	939.00	766.00	775.00	118730.00
chr14	102963315	102963457	142	142	267.00	383.00	306.06	296.00	43460.00
chr1	21932558	21933138	580	580	0.00	1946.00	405.03	11.00	234920.00
chr16	28118842	28118998	156	156	556.00	683.00	619.31	619.00	96612.00
chr1	241767561	241767881	320	320	63.00	146.00	103.88	104.00	33240.00
chr11	66812063	66812184	121	121	278.00	402.00	334.53	324.00	40478.00
chr11	12248571	12248678	107	107	1121.00	1414.00	1258.13	1249.00	134620.00
chr9	130588788	130588951	163	163	102.00	177.00	142.33	148.00	23199.00
chr22	21068915	21068988	73	73	2526.00	3302.00	2971.95	2963.00	216952.00
chr1	43424304	43424531	227	227	37.00	574.00	351.44	373.00	79776.00
chr14	105852021	105853670	1649	1649	11.00	527.00	43.27	32.00	71360.00
chr15	34823469	34823579	110	110	338.00	537.00	426.90	419.00	46959.00
chr11	171365	172282	917	917	0.00	24.00	9.06	10.00	8307.00
chr22	24493976	24494155	179	179	138.00	217.00	181.03	181.00	32405.00
chr15	79291060	79291167	107	107	966.00	1257.00	1167.47	1188.00	124919.00
chr16	2145904	2146194	290	290	1.00	7.00	3.44	4.00	997.00
chr9	131503050	131503166	116	116	1051.00	1272.00	1155.87	1129.00	134081.00
chr11	61301983	61302579	596	596	2.00	20.00	10.83	10.00	6454.00
chr22	25308609	25308719	110	110	89.00	142.00	113.24	110.50	12456.00
chr12	63977826	63979986	2160	2160	0.00	59.00	20.44	17.00	44158.00
chr19	46928844	46930933	2089	2089	8.00	795.00	388.03	395.00	810599.00
chr16	56969146	56969224	78	78	312.00	396.00	344.60	349.00	26879.00
chr17	40665787	40665996	209	209	6.00	3103.00	1624.01	2617.00	339418.00
chr9	131669435	131671600	2165	2165	45.00	599.00	270.44	239.00	585496.00
chr2	220164026	220164271	245	245	13.00	1992.00	634.29	23.00	155400.00
chr19	7589846	7590052	206	206	113.00	234.00	186.18	185.50	38354.00
chr6	91260186	91260268	82	82	208.00	253.00	227.33	226.00	18641.00
chr9	124543742	124543830	88	88	746.00	849.00	801.85	805.50	70563.00
chr12	54071005	54071170	165	165	9.00	56.00	35.58	34.00	5870.00
chr2	40443	41212	769	769	23.00	112.00	57.62	55.00	44312.00
chr11	67852159	67852747	588	588	0.00	24.00	11.22	10.00	6597.00
chr8	8233762	8234810	1048	1048	10.00	68.00	34.42	34.00	36070.00
chr2	175671113	175672148	1035	1035	0.00	9.00	2.90	2.00	2997.00
chr7	138984922	138985438	516	516	0.00	16.00	8.58	11.00	4426.00
chr22	40816850	40817104	254	254	172.00	281.00	226.35	227.00	57494.00
chr19	14263120	14263249	129	129	1039.00	1247.00	1140.02	1140.00	147063.00
chr19	16962222	16962345	123	123	286.00	435.00	341.20	331.00	41967.00
chr1	109813838	109813918	80	80	986.00	1201.00	1089.71	1092.50	87177.00
chr3	49898148	49898562	414	414	1.00	2499.00	1127.21	1935.50	466664.00
chr17	17131202	17131510	308	308	11.00	257.00	141.04	128.00	43439.00
chr1	21936067	21936139	72	72	618.00	811.00	721.93	719.00	51979.00
chr3	130424404	130424615	211	211	78.00	179.00	120.27	116.00	25378.00
chr12	56532710	56532797	87	87	145.00	189.00	166.06	167.00	14447.00
chr16	29888591	29888788	197	197	1479.00	2055.00	1746.88	1749.00	344135.00
chr2	114394588	114396196	1608	1608	12.00	96.00	49.35	46.00	79349.00
chr3	124180736	124180803	67	67	493.00	570.00	532.91	532.00	35705.00
chr9	111798485	111798660	175	175	175.00	278.00	226.01	227.00	39551.00
chr10	73847897	73848372	475	475	45.00	1240.00	649.87	732.00	308687.00
chr22	21075585	21075706	121	121	1552.00	2034.00	1686.24	1634.00	204035.00
chr22	20920753	20921104	351	351	160.00	360.00	250.19	272.00	87816.00
chr9	140953020	140953185	165	165	56.00	84.00	70.81	70.00	11684.00
chr22	41620970	41621075	105	105	185.00	233.00	209.38	209.00	21985.00
chr11	6243671	6243839	168	168	125.00	189.00	154.64	155.00	25980.00
chr15	74704225	74704353	128	128	264.00	368.00	322.69	333.00	41304.00
chr3	48719780	48719985	205	205	277.00	383.00	323.51	325.00	66319.00
chr1	222833247	222833348	101	101	111.00	204.00	146.76	143.00	14823.00
chr1	6583675	6584824	1149	1149	21.00	84.00	49.14	47.00	56457.00
chr11	126135857	126135976	119	119	362.00	505.00	432.66	422.00	51486.00
chr8	75156763	75157410	647	647	97.00	285.00	178.40	168.00	115426.00
chr15	83345212	83345389	177	177	417.00	580.00	505.29	510.00	89437.00
chr14	68031638	68032561	923	923	0.00	17.00	5.74	6.00	5302.00
chr19	42479780	42479949	169	169	7700.00	10580.00	8986.25	8807.00	1518677.00
chr16	31503329	31503407	78	78	645.00	788.00	715.00	705.00	55770.00
chr17	1564564	1564700	136	136	304.00	365.00	334.44	333.00	45484.00
chr16	58717858	58718082	224	224	32.00	65.00	47.90	48.00	10730.00
chr14	71575320	71575763	443	443	191.00	286.00	244.71	247.00	108408.00
chr1	202934498	202934628	130	130	265.00	452.00	332.28	318.50	43196.00
chr7	73118477	73118586	109	109	2403.00	2929.00	2757.81	2784.00	300601.00
chr19	13365908	13366073	165	165	85.00	133.00	105.95	102.00	17482.00
chr10	102265117	102265958	841	841	10.00	57.00	27.15	25.00	22837.00
chr9	139983320	139983457	137	137	167.00	242.00	208.57	208.00	28574.00
chr18	29206245	29206347	102	102	213.00	315.00	269.14	260.50	27452.00
chr12	120578662	120578827	165	165	97.00	147.00	124.88	126.00	20606.00
chr5	757516	758226	710	710	2.00	14.00	6.73	7.00	4776.00
chr8	21632483	21632567	84	84	105.00	142.00	129.15	132.00	10849.00
chr4	54011499	54011749	250	250	88.00	234.00	144.14	119.50	36035.00
chr8	141680613	141681365	752	752	4.00	37.00	19.65	18.00	14775.00
chr11	57367351	57367850	499	499	108.00	273.00	185.86	185.00	92746.00
chr12	63980009	63980784	775	775	0.00	19.00	6.93	6.00	5372.00
chr9	140057042	140057203	161	161	8.00	4779.00	4085.09	4394.00	657699.00
chr2	7055953	7056098	145	145	59.00	80.00	68.10	68.00	9874.00
chr12	52387768	52389043	1275	1275	9.00	496.00	314.65	344.00	401181.00
chr19	50104931	50105175	244	244	150.00	392.00	232.05	208.00	56621.00
chr19	5218430	5218543	113	113	714.00	967.00	874.39	900.00	98806.00
chr16	29898969	29899138	169	169	618.00	914.00	737.18	733.00	124583.00
chr7	99030900	99031041	141	141	35.00	83.00	59.34	51.00	8367.00
chr17	36692926	36693212	286	286	0.00	8.00	4.45	5.50	1272.00
chr15	73857770	73859335	1565	1565	0.00	72.00	40.45	43.00	63300.00
chr6	44104085	44104176	91	91	224.00	286.00	251.24	252.00	22863.00
chr1	21938518	21938602	84	84	881.00	1354.00	1142.35	1167.00	95957.00
chr19	13423482	13423595	113	113	22.00	38.00	29.66	30.00	3352.00
chr16	70292882	70293089	207	207	967.00	1666.00	1335.02	1278.00	276350.00
chr18	61060641	61060782	141	141	225.00	360.00	292.31	289.00	41216.00
chr16	22269814	22270016	202	202	35.00	74.00	53.68	53.00	10843.00
chr1	21554423	21554534	111	111	94.00	147.00	121.38	118.00	13473.00
chr9	140057255	140057455	200	200	5.00	5223.00	3553.86	4394.00	710772.00
chr7	1488255	1488397	142	142	26.00	46.00	38.33	39.00	5443.00
chr14	100166351	100166438	87	87	1546.00	1766.00	1641.87	1645.00	142843.00
chr9	101065522	101065705	183	183	762.00	1154.00	936.92	958.00	171457.00
chr5	68411752	68412041	289	289	88.00	166.00	119.12	118.00	34427.00
chr1	2452539	2452754	215	215	94.00	139.00	124.58	126.00	26784.00
chr1	21564626	21564737	111	111	55.00	88.00	73.52	74.00	8161.00
chr13	42037713	42039066	1353	1353	0.00	22.00	9.26	8.00	12533.00
chr2	114350236	114350443	207	207	0.00	1.00	0.12	0.00	25.00
chr1	21939668	21939722	54	54	989.00	1212.00	1117.63	1135.00	60352.00
chr9	139353895	139354007	112	112	77.00	102.00	87.21	87.00	9768.00
chr7	102176367	102176618	251	251	7.00	47.00	23.82	15.00	5978.00
chr3	51411753	51412018	265	265	2.00	461.00	176.21	9.00	46696.00
chr17	73888091	73888266	175	175	52.00	87.00	69.69	71.00	12195.00
chr13	103297258	103297435	177	177	3.00	121.00	59.62	79.00	10553.00
chr15	63922664	63922834	170	170	339.00	542.00	447.02	456.00	75994.00
chr3	33400774	33400849	75	75	273.00	347.00	301.93	296.00	22645.00
chr22	50671744	50671955	211	211	71.00	160.00	119.23	123.00	25158.00
chr1	21190968	21191205	237	237	444.00	635.00	553.28	552.00	131127.00
chr5	14481649	14481727	78	78	267.00	360.00	318.38	320.00	24834.00
chr15	101605556	101606410	854	854	18.00	77.00	44.97	45.00	38401.00
chr17	80040402	80040554	152	152	1206.00	1540.00	1428.55	1426.00	217140.00
chr2	132269293	132270897	1604	1604	3.00	93.00	29.87	27.00	47907.00
chr11	1778553	1778786	233	233	3879.00	5206.00	4555.83	4557.00	1061508.00
chr11	1469616	1469808	192	192	24.00	54.00	36.71	35.00	7048.00
chr12	120138549	120138630	81	81	290.00	390.00	336.30	325.00	27240.00
chr7	901016	901101	85	85	472.00	617.00	566.06	572.00	48115.00
chr19	13372263	13372424	161	161	89.00	175.00	133.45	136.00	21485.00
chr17	40843154	40843311	157	157	490.00	690.00	570.79	569.00	89614.00
chr17	80039476	80039719	243	243	992.00	1432.00	1182.00	1141.00	287225.00
chr17	16681109	16687365	6256	6256	0.00	82.00	24.58	24.00	153775.00
chr1	116935475	116935610	135	135	2595.00	3340.00	2921.59	2912.00	394415.00
chr6	128294808	128294972	164	164	227.00	368.00	297.50	297.50	48790.00
chr5	109189927	109190617	690	690	0.00	13.00	4.75	5.00	3275.00
chr15	40757533	40757634	101	101	64.00	224.00	180.56	187.00	18237.00
chr2	220164706	220164981	275	275	1349.00	2415.00	2022.56	2018.00	556203.00
chr3	164905164	164908639	3475	3475	14.00	408.00	122.36	99.00	425197.00
chr11	60699157	60699356	199	199	149.00	610.00	504.97	515.00	100490.00
chr2	96680301	96680717	416	416	0.00	8.00	4.41	4.00	1833.00
chr17	40845314	40845554	240	240	649.00	986.00	829.37	834.50	199049.00
chr12	125264513	125265391	878	878	4.00	43.00	21.03	20.00	18467.00
chr1	156623704	156624158	454	454	0.00	26.00	7.55	5.00	3428.00
chr6	108370456	108370622	166	166	344.00	534.00	417.11	422.00	69240.00
chr11	19180486	19180587	101	101	64.00	93.00	79.37	81.00	8016.00
chr19	42489069	42489338	269	269	1746.00	2975.00	2414.68	2556.00	649548.00
chr2	198274493	198274731	238	238	257.00	419.00	332.21	328.50	79067.00
chr6	47220991	47221257	266	266	356.00	713.00	527.79	564.50	140391.00
chr19	40872679	40872822	143	143	2697.00	3982.00	3266.41	3180.00	467097.00
chr19	54693278	54693627	349	349	0.00	518.00	194.81	120.00	67987.00
chr12	81929	82174	245	245	0.00	2.00	0.82	1.00	202.00
chr21	45513943	45514114	171	171	254.00	336.00	296.08	294.00	50629.00
chr3	124201630	124201747	117	117	0.00	1031.00	732.94	895.00	85754.00
chr17	79805118	79805223	105	105	637.00	773.00	701.97	700.00	73707.00
chr20	46307419	46307548	129	129	349.00	493.00	434.96	436.00	56110.00
chr17	38187790	38187873	83	83	318.00	401.00	358.11	346.00	29723.00
chr2	207452814	207452878	64	64	582.00	680.00	637.66	646.00	40810.00
chr17	45695715	45695823	108	108	964.00	1153.00	1073.34	1076.50	115921.00
chr7	44283023	44283126	103	103	1660.00	1950.00	1831.39	1841.00	188633.00
chr20	62274975	62275284	309	309	5.00	6374.00	3253.98	5207.00	1005479.00
chr11	108202605	108202764	159	159	61.00	116.00	82.62	83.00	13136.00
chr9	140051314	140051489	175	175	1324.00	1802.00	1611.65	1616.00	282039.00
chr22	45574118	45574781	663	663	75.00	215.00	133.97	125.00	88825.00
chr15	79312382	79312446	64	64	408.00	472.00	444.44	445.00	28444.00
chr1	21940120	21940199	79	79	943.00	1113.00	1028.03	1031.00	81214.00
chr17	3775847	3775921	74	74	1189.00	1581.00	1403.30	1420.00	103844.00
chr7	73133931	73134019	88	88	52.00	1856.00	649.24	489.00	57133.00
chr11	72292920	72292991	71	71	1709.00	1980.00	1839.94	1843.00	130636.00
chr7	43547616	43547730	114	114	139.00	176.00	159.18	158.00	18146.00
chr16	58713760	58714145	385	385	26.00	66.00	48.01	47.00	18485.00
chr22	21083600	21083794	194	194	1323.00	1789.00	1588.54	1582.50	308176.00
chr11	66457275	66457414	139	139	1954.00	2544.00	2206.62	2182.00	306720.00
chr15	91561034	91561115	81	81	63.00	100.00	78.17	80.00	6332.00
chr11	2968525	2969001	476	476	3.00	28.00	14.36	16.00	6833.00
chr19	34869838	34869910	72	72	2886.00	3842.00	3239.76	3129.50	233263.00
chr9	121970996	121971219	223	223	639.00	843.00	724.52	726.00	161567.00
chr3	47449772	47449980	208	208	7.00	150.00	95.12	126.00	19786.00
chr12	57601820	57601999	179	179	557.00	915.00	734.06	701.00	131397.00
chr16	2345590	2345741	151	151	287.00	417.00	363.29	368.00	54857.00
chr12	50471782	50471910	128	128	172.00	262.00	217.93	220.00	27895.00
chr1	109814221	109814344	123	123	1152.00	1962.00	1631.71	1666.00	200700.00
chr19	16942304	16942458	154	154	183.00	323.00	233.55	222.00	35967.00
chr11	66333301	66333398	97	97	1183.00	1511.00	1353.16	1356.00	131257.00
chr5	74026084	74026223	139	139	385.00	489.00	435.53	440.00	60539.00
chr5	68417520	68417722	202	202	161.00	269.00	231.71	233.00	46805.00
chr19	15272262	15272525	263	263	217.00	350.00	294.56	295.00	77468.00
chr3	45872404	45872482	78	78	402.00	469.00	437.41	435.50	34118.00
chr7	73123374	73123452	78	78	1888.00	3019.00	2582.63	2700.00	201445.00
chr5	14498197	14498360	163	163	353.00	499.00	444.06	442.00	72381.00
chr14	93180167	93180230	63	63	275.00	378.00	325.57	312.00	20511.00
chr9	130984739	130984875	136	136	3491.00	4990.00	4292.22	4280.00	583742.00
chr13	31216764	31216894	130	130	57.00	102.00	74.73	74.00	9715.00
chr12	112614399	112614506	107	107	170.00	388.00	328.27	323.00	35125.00
chr12	57602865	57602982	117	117	805.00	1073.00	919.73	916.00	107608.00
chr14	72976861	72976987	126	126	51.00	122.00	86.77	79.00	10933.00
chr1	155209406	155209553	147	147	271.00	496.00	350.20	311.00	51479.00
chr10	49633930	49634113	183	183	184.00	374.00	267.90	283.00	49025.00
chr16	84100093	84100218	125	125	574.00	737.00	650.62	655.00	81328.00
chr1	155207924	155208097	173	173	409.00	587.00	482.71	463.00	83508.00
chr12	2786898	2787033	135	135	57.00	85.00	71.38	72.00	9636.00
chr2	233755457	233756197	740	740	0.00	1122.00	176.79	5.00	130821.00
chr14	60631894	60632099	205	205	44.00	311.00	153.77	161.00	31523.00
chr1	11151549	11151654	105	105	121.00	180.00	150.71	145.00	15825.00
chr4	134076071	134076178	107	107	434.00	547.00	483.82	475.00	51769.00
chr15	91420364	91420441	77	77	187.00	232.00	208.05	204.00	16020.00
chr5	114961533	114961755	222	222	7.00	360.00	179.12	200.50	39765.00
chr16	1814047	1814211	164	164	2.00	1000.00	511.93	807.50	83956.00
chr18	44250463	44252581	2118	2118	23.00	208.00	107.71	98.00	228128.00
chr6	158049380	158049518	138	138	267.00	413.00	342.32	344.00	47240.00
chr19	7675585	7675679	94	94	88.00	137.00	116.65	117.00	10965.00
chr13	99461604	99461719	115	115	18.00	789.00	640.50	658.00	73658.00
chr11	130010829	130011467	638	638	3.00	4470.00	478.74	15.00	305434.00
chr11	107526658	107526792	134	134	865.00	1173.00	1028.14	1030.00	137771.00
chr16	1391294	1391490	196	196	341.00	488.00	397.73	394.00	77955.00
chr1	38182716	38184158	1442	1442	24.00	367.00	200.51	185.00	289137.00
chr5	179231023	179231323	300	300	13.00	31.00	20.26	20.00	6078.00
chr14	69814593	69814719	126	126	582.00	770.00	696.89	705.00	87808.00
chr14	69349174	69349309	135	135	512.00	706.00	605.44	599.00	81735.00
chr19	7614792	7614998	206	206	314.00	493.00	381.96	385.50	78684.00
chr1	228270375	228270466	91	91	30.00	2087.00	713.88	345.00	64963.00
chr1	38186022	38186315	293	293	0.00	189.00	85.63	90.00	25089.00
chr13	77641715	77641999	284	284	732.00	951.00	834.53	842.50	237006.00
chr14	100157417	100157498	81	81	935.00	1286.00	1084.99	1052.00	87884.00
chr13	32978280	32979333	1053	1053	5.00	250.00	47.16	26.00	49656.00
chr12	7301567	7301794	227	227	1165.00	1665.00	1403.41	1393.00	318574.00
chr9	123583116	123583257	141	141	96.00	139.00	112.82	111.00	15908.00
chr17	26883183	26883284	101	101	342.00	456.00	377.28	373.00	38105.00
chr12	6972993	6973137	144	144	996.00	1373.00	1143.16	1128.50	164615.00
chr20	34322310	34322637	327	327	4.00	48.00	19.96	13.00	6526.00
chr19	7606407	7606570	163	163	237.00	344.00	296.61	301.00	48348.00
chr16	2333186	2333373	187	187	6.00	1364.00	1005.64	1147.00	188055.00
chr12	113825548	113825711	163	163	251.00	458.00	370.09	398.00	60325.00
chr7	4802013	4807749	5736	5736	8.00	174.00	67.83	66.00	389086.00
chr1	43394880	43394985	105	105	683.00	919.00	828.34	856.00	86976.00
chr19	4554399	4554488	89	89	1606.00	2140.00	1927.63	1974.00	171559.00
chr16	31719139	31719372	233	233	16.00	42.00	30.61	31.00	7133.00
chr5	134060669	134061744	1075	1075	29.00	136.00	83.86	84.00	90148.00
chr1	202936318	202936371	53	53	26.00	251.00	142.04	195.00	7528.00
chr2	220087366	220087615	249	249	495.00	744.00	623.82	621.00	155330.00
chr2	36764494	36764689	195	195	183.00	376.00	294.79	292.00	57484.00
chr7	43519208	43519343	135	135	74.00	126.00	95.93	93.00	12950.00
chr10	51249585	51249993	408	408	0.00	13.00	6.62	6.00	2701.00
chr6	32123647	32123755	108	108	171.00	284.00	223.18	221.50	24103.00
chr3	118624442	118624692	250	250	1.00	87.00	33.98	4.00	8496.00
chr1	190129797	190130020	223	223	45.00	109.00	74.87	77.00	16695.00
chr9	131004491	131004624	133	133	12.00	6267.00	5170.72	6022.00	687706.00
chr22	33679187	33679334	147	147	817.00	1297.00	1005.83	1000.00	147857.00
chr15	74709931	74710016	85	85	146.00	207.00	168.51	160.00	14323.00
chr7	6470110	6470238	128	128	59.00	98.00	72.88	69.00	9328.00
chr1	6640600	6641359	759	759	49.00	122.00	77.12	74.00	58534.00
chr16	31510622	31510728	106	106	439.00	526.00	477.33	475.00	50597.00
chr4	103710287	103711803	1516	1516	12.00	96.00	43.51	45.00	65955.00
chr19	2862339	2862746	407	407	0.00	14.00	4.30	5.00	1750.00
chr2	15467873	15467994	121	121	83.00	116.00	100.24	102.00	12129.00
chr2	36780721	36781492	771	771	0.00	25.00	8.02	7.00	6185.00
chr10	81070680	81070941	261	261	52.00	123.00	81.39	84.00	21242.00
chr2	217234866	217235986	1120	1120	76.00	252.00	145.66	142.50	163136.00
chr10	93786348	93786508	160	160	88.00	160.00	112.19	106.00	17950.00
chr17	20268785	20269076	291	291	0.00	19.00	8.30	7.00	2415.00
chr9	131002006	131002062	56	56	3.00	6166.00	5480.93	5916.50	306932.00
chr1	155208307	155208441	134	134	425.00	604.00	523.89	534.00	70201.00
chr2	162833877	162834373	496	496	4.00	1424.00	128.38	21.00	63674.00
chr9	35799614	35799728	114	114	36.00	64.00	47.69	48.00	5437.00
chr20	62517856	62519234	1378	1378	13.00	443.00	59.00	48.00	81306.00
chr22	35942847	35943127	280	280	203.00	358.00	298.58	313.00	83602.00
chr13	26436438	26436546	108	108	115.00	166.00	140.35	139.00	15158.00
chr14	69371371	69371453	82	82	262.00	432.00	340.88	321.50	27952.00
chr7	44031274	44031581	307	307	2.00	13.00	7.42	7.00	2278.00
chr11	12274988	12275291	303	303	1.00	13.00	7.10	9.00	2152.00
chr5	1334403	1334498	95	95	504.00	582.00	549.78	550.00	52229.00
chr19	34868639	34868786	147	147	3406.00	4226.00	3777.39	3825.00	555277.00
chr16	1815960	1816143	183	183	848.00	1258.00	1088.82	1092.00	199254.00
chr10	73578787	73578868	81	81	8437.00	11748.00	10001.42	9882.00	810115.00
chr17	37420427	37420640	213	213	17.00	51.00	35.65	36.00	7594.00
chr5	60835422	60835586	164	164	84.00	133.00	108.46	110.00	17787.00
chr15	79296143	79296517	374	374	699.00	1433.00	1071.11	1056.00	400594.00
chr19	13039568	13039661	93	93	747.00	931.00	823.16	832.00	76554.00
chr12	49421585	49421713	128	128	82.00	128.00	110.70	113.00	14170.00
chr1	1661057	1662583	1526	1526	38.00	1198.00	423.47	380.00	646215.00
chr2	207457340	207457460	120	120	660.00	846.00	736.06	720.50	88327.00
chr11	64542462	64543441	979	979	0.00	15.00	5.75	5.00	5628.00
chr20	61910250	61910347	97	97	286.00	406.00	347.45	336.00	33703.00
chr11	62394042	62394156	114	114	687.00	983.00	788.75	762.50	89917.00
chr5	37301538	37301652	114	114	26.00	60.00	40.07	41.00	4568.00
chr16	4733843	4733933	90	90	550.00	758.00	668.83	676.50	60195.00
chr15	43693913	43694048	135	135	108.00	136.00	120.36	120.00	16249.00
chr11	18764538	18764622	84	84	643.00	806.00	736.30	738.00	61849.00
chr17	57842331	57842499	168	168	206.00	408.00	286.85	278.50	48191.00
chr9	96076729	96078064	1335	1335	2.00	49.00	18.04	17.00	24079.00
chr11	12246219	12246367	148	148	864.00	981.00	910.29	904.50	134723.00
chr12	7030743	7031565	822	822	1.00	9848.00	3278.30	14.00	2694765.00
chr3	14523178	14523349	171	171	39.00	78.00	53.88	50.00	9214.00
chr5	758508	759483	975	975	0.00	13.00	5.53	6.00	5393.00
chr12	22635490	22635677	187	187	102.00	186.00	148.97	153.00	27858.00
chr5	14479369	14479459	90	90	234.00	310.00	281.47	282.00	25332.00
chr6	143655214	143656079	865	865	1.00	54.00	17.92	11.00	15497.00
chr7	75508360	75508578	218	218	532.00	4676.00	3455.52	3928.50	753303.00
chr11	60697981	60698131	150	150	192.00	416.00	283.41	251.00	42512.00
chr1	151400598	151400889	291	291	114.00	199.00	156.09	158.00	45421.00
chr5	172196431	172197309	878	878	11.00	466.00	162.50	59.00	142675.00
chr3	49152660	49152794	134	134	98.00	132.00	112.63	111.00	15092.00
chr7	5518281	5519950	1669	1669	59.00	387.00	255.55	256.00	426521.00
chr17	16691106	16691449	343	343	1.00	42.00	15.43	12.00	5293.00
chr2	220086993	220087172	179	179	578.00	1130.00	925.59	979.00	165681.00
chr10	51746916	51748006	1090	1090	2.00	58.00	23.28	21.00	25370.00
chr12	7302118	7302289	171	171	1423.00	2183.00	1808.20	1807.00	309202.00
chr11	59562844	59562955	111	111	33.00	112.00	70.46	69.00	7821.00
chr12	6100984	6101184	200	200	68.00	137.00	102.47	99.00	20494.00
chr19	5683274	5683627	353	353	6.00	23.00	15.29	15.00	5396.00
chr12	2786259	2786387	128	128	74.00	108.00	91.94	90.00	11768.00
chr15	26812727	26812880	153	153	474.00	669.00	548.16	540.00	83869.00
chr1	149007980	149008798	818	818	0.00	56.00	17.85	17.00	14605.00
chr19	54965608	54965861	253	253	113.00	210.00	155.51	155.00	39343.00
chr8	27293259	27293310	51	51	1179.00	1458.00	1341.63	1355.00	68423.00
chr15	23014437	23014528	91	91	293.00	396.00	352.32	354.00	32061.00
chr1	111717500	111717585	85	85	106.00	187.00	153.78	161.00	13071.00
chr6	150157220	150157433	213	213	655.00	955.00	825.88	838.00	175913.00
chr13	114566547	114566670	123	123	147.00	334.00	243.88	248.00	29997.00
chr16	58539291	58539605	314	314	1.00	14.00	5.57	7.00	1750.00
chr1	21936612	21936768	156	156	719.00	1371.00	1072.33	1101.50	167283.00
chr1	17322880	17322991	111	111	819.00	1222.00	1009.70	995.00	112077.00
chr11	60699455	60699599	144	144	535.00	689.00	598.97	598.00	86252.00
chr5	6749669	6749770	101	101	99.00	143.00	119.83	119.00	12103.00
chr16	2156805	2156949	144	144	4.00	326.00	164.88	146.00	23743.00
chr15	34690834	34690930	96	96	35.00	94.00	52.82	41.00	5071.00
chr3	11074933	11075425	492	492	2.00	1034.00	194.10	12.00	95499.00
chr5	74655222	74655381	159	159	433.00	602.00	508.72	503.00	80887.00
chr20	20022968	20023160	192	192	93.00	129.00	111.35	110.50	21379.00
chr2	39055481	39055578	97	97	34.00	57.00	45.92	45.00	4454.00
chr19	16793231	16793528	297	297	9.00	531.00	142.04	29.00	42186.00
chr2	219205450	219205509	59	59	193.00	240.00	217.12	215.00	12810.00
chr17	74087429	74087729	300	300	5.00	31.00	14.03	13.00	4210.00
chr3	184058150	184060036	1886	1886	2.00	3363.00	407.90	34.00	769300.00
chr6	90333128	90333263	135	135	202.00	288.00	249.44	255.00	33674.00
chr12	125267019	125267429	410	410	5.00	141.00	45.43	23.00	18626.00
chr1	207942580	207943104	524	524	19.00	141.00	75.53	76.00	39580.00
chr4	89356876	89357043	167	167	79.00	125.00	105.69	106.00	17650.00
chr7	101995498	101995736	238	238	2.00	13.00	7.29	7.00	1736.00
chr3	11067458	11067562	104	104	766.00	961.00	869.59	865.00	90437.00
chr5	95734582	95734740	158	158	74.00	119.00	97.66	98.00	15430.00
chr6	152529106	152529341	235	235	260.00	392.00	334.98	337.00	78721.00
chr5	102295578	102295763	185	185	407.00	580.00	495.34	493.00	91638.00
chr22	21072980	21073110	130	130	1349.00	3089.00	2113.25	2117.50	274723.00
chr12	121855306	121855714	408	408	164.00	571.00	269.88	244.00	110110.00
chr1	160326389	160326544	155	155	326.00	466.00	393.26	386.00	60955.00
chr11	60670930	60671007	77	77	847.00	1181.00	1046.38	1087.00	80571.00
chr17	79804822	79804948	126	126	755.00	947.00	846.06	836.00	106603.00
chr16	18527204	18527332	128	128	1350.00	2001.00	1722.89	1735.00	220530.00
chr16	16372518	16372646	128	128	1331.00	1947.00	1680.31	1688.50	215080.00
chr2	32750530	32750695	165	165	68.00	122.00	97.25	97.00	16047.00
chr14	69369193	69369279	86	86	354.00	469.00	402.67	394.50	34630.00
chr7	66418212	66418356	144	144	516.00	622.00	564.31	562.00	81261.00
chr6	44107988	44108097	109	109	153.00	213.00	179.73	174.00	19591.00
chr7	70885893	70886091	198	198	1232.00	2132.00	1635.08	1583.50	323745.00
chr8	27295281	27295397	116	116	1047.00	1250.00	1161.84	1161.50	134773.00
chr7	73122918	73123018	100	100	2552.00	3149.00	2963.39	2977.50	296339.00
chr15	34698874	34699071	197	197	39.00	122.00	74.73	72.00	14721.00
chr8	22009343	22009513	170	170	346.00	615.00	459.92	454.50	78186.00
chr7	1526557	1526737	180	180	185.00	256.00	217.13	222.50	39084.00
chr5	178053946	178054065	119	119	14.00	86.00	49.88	46.00	5936.00
chr12	6103027	6103369	342	342	61.00	129.00	99.60	101.00	34064.00
chr2	3479491	3480482	991	991	2.00	26.00	11.09	10.00	10986.00
chr3	33883388	33883566	178	178	157.00	245.00	202.66	205.00	36073.00
chr19	11019778	11019883	105	105	319.00	383.00	349.58	354.00	36706.00
chr7	98446205	98446318	113	113	5086.00	8005.00	6719.62	7132.00	759317.00
chr8	106813274	106813932	658	658	28.00	104.00	64.76	62.50	42612.00
chr2	223795338	223795530	192	192	571.00	826.00	707.39	728.00	135818.00
chr7	75511146	75511554	408	408	2811.00	5185.00	3942.87	4043.50	1608691.00
chr21	40184926	40185038	112	112	299.00	391.00	331.87	327.50	37169.00
chr19	53383575	53385236	1661	1661	4.00	59.00	22.38	19.00	37169.00
chr19	14208130	14208295	165	165	8.00	1790.00	1183.68	1519.00	195307.00
chr15	91461013	91461618	605	605	12.00	1016.00	299.80	24.00	181378.00
chr8	145278010	145278133	123	123	83.00	115.00	103.69	107.00	12754.00
chr16	28132990	28133083	93	93	487.00	583.00	531.53	527.00	49432.00
chr11	125280091	125280221	130	130	161.00	255.00	213.86	222.00	27802.00
chr15	63128089	63128317	228	228	124.00	710.00	505.58	555.00	115272.00
chr9	131181435	131181557	122	122	5.00	606.00	491.67	506.00	59984.00
chr19	3281196	3281343	147	147	711.00	985.00	848.94	867.00	124794.00
chr11	6240200	6240280	80	80	133.00	161.00	149.70	150.00	11976.00
chr20	31019123	31019287	164	164	40.00	92.00	65.54	63.00	10749.00
chr6	46825865	46827260	1395	1395	66.00	220.00	132.49	126.00	184829.00
chr12	1672006	1672666	660	660	4.00	47.00	22.04	20.00	14545.00
chr12	9098824	9099001	177	177	359.00	542.00	453.67	470.00	80299.00
chr7	121738503	121738630	127	127	9.00	32.00	19.90	21.00	2527.00
chr19	40875814	40875935	121	121	4092.00	4868.00	4550.01	4566.00	550551.00
chr20	3581592	3581671	79	79	156.00	243.00	205.09	216.00	16202.00
chr17	7226965	7227042	77	77	221.00	272.00	241.38	239.00	18586.00
chr2	74331800	74332809	1009	1009	6.00	72.00	27.58	22.00	27828.00
chr1	209785136	209785610	474	474	13.00	786.00	577.90	617.00	273925.00
chr9	35546426	35548532	2106	2106	151.00	528.00	300.37	282.00	632576.00
chr17	80040198	80040290	92	92	912.00	1248.00	1039.22	992.00	95608.00
chr11	73074791	73075284	493	493	7.00	405.00	111.77	17.00	55102.00
chr20	44674976	44675075	99	99	352.00	519.00	444.08	438.00	43964.00
chr20	5892091	5892328	237	237	96.00	1882.00	980.16	1023.00	232298.00
chr17	20316581	20317594	1013	1013	0.00	39.00	9.44	6.00	9565.00
chr12	99478702	99478801	99	99	283.00	380.00	326.06	325.00	32280.00
chr17	40842756	40842960	204	204	521.00	828.00	680.50	686.00	138823.00
chr11	107501142	107501288	146	146	456.00	613.00	529.81	527.00	77352.00
chr11	85429236	85429532	296	296	20.00	67.00	37.43	35.00	11079.00
chr20	9449217	9449319	102	102	131.00	278.00	241.56	249.50	24639.00
chr14	23371395	23371591	196	196	309.00	402.00	350.74	351.00	68745.00
chr7	716865	716957	92	92	3127.00	4248.00	3835.20	3853.50	352838.00
chr10	48862360	48862682	322	322	0.00	236.00	128.12	156.00	41256.00
chr10	68686678	68688210	1532	1532	29.00	247.00	101.17	86.00	155000.00
chr5	179674854	179674926	72	72	612.00	745.00	702.60	710.00	50587.00
chr1	209773327	209773456	129	129	238.00	302.00	274.57	273.00	35419.00
chr17	45691034	45691091	57	57	837.00	1068.00	948.98	959.00	54092.00
chr1	19669871	19670118	247	247	8.00	19.00	12.37	12.00	3055.00
chr17	45664025	45664710	685	685	3.00	507.00	79.26	15.00	54290.00
chr19	2337634	2338840	1206	1206	8.00	158.00	43.38	38.50	52320.00
chr8	22011480	22011552	72	72	320.00	465.00	388.82	395.00	27995.00
