region.rank	snpid	hg19chrc	chr	bp	six1	six2	a1a2	frqa	frqu	info	p	or	se	p_rep	or_rep	se_rep	q_rep	p_comb	or_comb	se_comb	q_comb
1	rs115329265	chr6	6	28712247	28303247	28712247	AG	0.864	0.85	0.833	3.861E-32	1.21288	0.0164	0.6436	1.03707	0.0786	0.1271	3.48E-31	1.20502	0.0161	0.04651
2	rs1702294	chr1	1	98501984	98374984	98559084	TC	0.175	0.191	1	2.794E-17	0.89074	0.0137	0.001352	0.83052	0.058	0.6012	3.362E-19	0.88745	0.0133	0.4369
3	rs11191419	chr10	10	104612335	104585135	104956335	AT	0.337	0.36	0.951	9.235E-18	0.90665	0.0114	0.02234	0.89101	0.0505	0.8655	6.198E-19	0.90592	0.0111	0.9317
4	rs2007044	chr12	12	2344960	2321860	2413760	AG	0.602	0.624	0.992	2.625E-17	0.91247	0.0108	0.05068	0.91001	0.0482	0.4703	3.217E-18	0.91238	0.0105	0.7695
5	rs4129585	chr8	8	143312933	143309503	143330533	AC	0.447	0.424	0.991	2.028E-13	1.08156	0.0107	0.0002116	1.19423	0.0479	0.6204	1.737E-15	1.08665	0.0104	0.1154
6	rs35518360	chr4	4	103146890	103146888	103198090	AT	0.909	0.922	0.922	9.562E-13	0.8652	0.0203	0.00006607	0.66199	0.1034	0.5231	7.98E-15	0.85667	0.0199	0.03232
7	chr7_2025096_I	chr7	7	2025096	1896096	2190096	DI3	0.405	0.423	0.998	6.123E-14	0.92256	0.0107	0.0576	0.91092	0.0492	0.8455	8.2E-15	0.92201	0.0105	0.9502
8	rs4391122	chr5	5	60598543	60499143	60843543	AG	0.505	0.532	0.983	1.734E-13	0.92413	0.0107	0.0146	0.88852	0.0484	0.8121	1.099E-14	0.92247	0.0104	0.7096
9	rs2851447	chr12	12	123665113	123448113	123909113	CG	0.723	0.741	0.994	2.189E-14	0.91302	0.0119	0.3674	0.95294	0.0535	0.8182	1.859E-14	0.91485	0.0116	0.7175
10	chr2_200825237_I	chr2	2	200825237	200715237	200848037	I2D	0.741	0.754	0.877	1.779E-14	0.90556	0.0129	0.8698	1.01086	0.066	0.5633	5.652E-14	0.90919	0.0127	0.2221
11	rs4702	chr15	15	91426560	91416560	91429040	AG	0.547	0.562	0.905	2.298E-12	0.92459	0.0112	0.004296	0.87162	0.0481	0.08713	8.296E-14	0.92182	0.0109	0.1135
12	rs75968099	chr3	3	36858583	36843183	36945783	TC	0.346	0.324	0.98	3.386E-12	1.0822	0.0113	0.005049	1.15223	0.0506	0.5373	1.053E-13	1.08546	0.011	0.397
13	chr10_104957618_I	chr10	10	104957618	104957618	104957618	I2D	0.0654	0.0756	0.805	1.036E-13	0.84173	0.0232	0.5452	0.91119	0.1538	0.2427	1.056E-13	0.84324	0.0229	0.4439
14	rs12887734	chr14	14	104046834	103996234	104184834	TG	0.299	0.287	0.966	1.172E-13	1.09101	0.0117	0.5295	1.03303	0.0517	0.7985	1.363E-13	1.08806	0.0114	0.5693
15	rs8042374	chr15	15	78908032	78803032	78926732	AG	0.75	0.725	1	1.865E-12	1.09144	0.0124	0.04567	1.11728	0.0555	0.372	2.439E-13	1.09264	0.0121	0.6167
16	rs13240464	chr7	7	110898915	110843815	111205915	TC	0.667	0.647	0.994	6.162E-13	1.08394	0.0112	0.2188	1.06471	0.051	0.3534	3.034E-13	1.08307	0.0109	0.6129
17	rs10791097	chr11	11	130718630	130714610	130749330	TG	0.479	0.46	0.995	2.876E-12	1.0767	0.0106	0.1489	1.07144	0.0478	0.977	1.088E-12	1.07648	0.0103	0.9945
18	rs11693094	chr2	2	185601420	185601420	185785420	TC	0.44	0.458	0.977	7.131E-12	0.92932	0.0107	0.07644	0.91805	0.0483	0.08547	1.53E-12	0.92876	0.0104	0.221
19	rs1378559	chrX	23	21380266	21193266	21570266	TC	0.848	0.831	1.35	1.679E-11	1.08806	0.0125	0.02878	1.13111	0.0563	0.9119	1.606E-12	1.09002	0.0122	0.793
20	rs7893279	chr10	10	18745105	18681005	18770105	TG	0.899	0.889	1	3.562E-11	1.11974	0.0171	0.007319	1.23084	0.0774	0.5794	1.971E-12	1.12468	0.0167	0.4211
21	rs12826178	chr12	12	57622371	57569471	57682971	TG	0.0627	0.0708	0.741	5.297E-12	0.84561	0.0243	0.1708	0.86243	0.1081	0.8504	2.015E-12	0.84637	0.0237	0.967
22	rs12129573	chr1	1	73768366	73766426	73991366	AC	0.377	0.358	0.996	2.346E-10	1.07186	0.011	0.00006253	1.21653	0.049	0.3886	2.025E-12	1.07842	0.0107	0.02862
23	rs6704768	chr2	2	233592501	233559301	233753501	AG	0.54	0.552	0.995	3.148E-12	0.92886	0.0106	0.3191	0.95285	0.0485	0.2376	2.315E-12	0.92997	0.0104	0.4361
24	rs55661361	chr11	11	124613957	124610007	124620147	AG	0.319	0.335	0.985	3.678E-12	0.92459	0.0113	0.3309	0.95047	0.0522	0.1856	2.804E-12	0.9257	0.011	0.3644
25	rs9636107	chr18	18	53200117	53195247	53200117	AG	0.49	0.503	0.995	9.091E-13	0.92663	0.0107	0.9474	0.9969	0.0476	0.2306	3.337E-12	0.92988	0.0104	0.1589
26	chr11_46350213_D	chr11	11	46350213	46342943	46751213	I2D	0.835	0.85	0.936	1.967E-11	0.90484	0.0149	0.306	0.93379	0.0669	0.4243	1.259E-11	0.9062	0.0145	0.6538
27	rs7907645	chr10	10	104423800	104423800	104423800	TG	0.9	0.888	0.758	5.819E-11	1.14099	0.0201	0.08588	1.18542	0.099	0.2349	1.266E-11	1.14271	0.0197	0.4597
28	chr3_180594593_I	chr3	3	180594593	180588843	180954593	I2D	0.196	0.208	0.921	5.349E-11	0.91402	0.0137	0.09542	0.90411	0.0605	0.8588	1.301E-11	0.91357	0.0134	0.9691
29	rs6065094	chr20	20	37453194	37361494	37485994	AG	0.307	0.322	1	5.519E-11	0.92849	0.0113	0.1147	0.92229	0.0513	0.1598	1.462E-11	0.92821	0.011	0.3693
30	rs11682175	chr2	2	57987593	57943593	58065893	TC	0.52	0.542	0.991	2.543E-12	0.92849	0.0106	0.7082	1.01796	0.0476	0.1145	1.473E-11	0.93258	0.0103	0.04845
31	rs950169	chr15	15	84706461	84661161	85153461	TC	0.247	0.257	1	7.62E-11	0.92386	0.0122	0.06638	0.9062	0.0536	0.5182	1.618E-11	0.92302	0.0119	0.7632
32	rs72934570	chr18	18	53533189	53453389	53585689	TC	0.0701	0.0797	0.981	3.667E-12	0.86528	0.0208	0.8371	1.01765	0.0849	0.3296	1.971E-11	0.87328	0.0202	0.1113
33	rs6434928	chr2	2	198304577	198148577	198835577	AG	0.635	0.643	0.955	1.478E-11	0.92682	0.0113	0.5357	0.9687	0.0514	0.6184	2.064E-11	0.92867	0.011	0.6213
34	rs9607782	chr22	22	41587556	41408556	41675156	AT	0.25	0.232	0.944	6.763E-12	1.0909	0.0127	0.929	1.00501	0.0561	0.7945	2.069E-11	1.08654	0.0124	0.3494
35	rs36068923	chr8	8	111485761	111460061	111630761	AG	0.787	0.803	0.996	1.045E-10	0.91943	0.013	0.09787	0.90846	0.058	0.6529	2.607E-11	0.91888	0.0127	0.8856
36	rs17194490	chr3	3	2547786	2532786	2561686	TG	0.169	0.156	0.973	4.865E-11	1.10197	0.0148	0.2308	1.08026	0.0644	0.6622	2.692E-11	1.10087	0.0144	0.8687
37	rs2514218	chr11	11	113392994	113317794	113423994	TC	0.31	0.314	0.99	4.091E-10	0.93034	0.0116	0.008191	0.87538	0.0503	0.1157	2.749E-11	0.92747	0.0113	0.1449
38	rs75059851	chr11	11	133822569	133808069	133852969	AG	0.812	0.797	0.973	1.232E-11	1.09615	0.0135	0.9329	0.99511	0.0588	0.2401	3.874E-11	1.0909	0.0132	0.1385
39	rs2535627	chr3	3	52845105	52541105	52903405	TC	0.545	0.529	0.986	3.956E-11	1.07272	0.0106	0.5409	1.02912	0.047	0.3493	4.264E-11	1.07058	0.0103	0.4454
40	rs12691307	chr16	16	29939877	29924377	30144877	AG	0.524	0.51	0.921	1.298E-10	1.07315	0.011	0.1405	1.07433	0.0487	0.535	4.548E-11	1.07326	0.0107	0.8247
41	chr22_39987017_D	chr22	22	39987017	39975317	40016817	I2D	0.591	0.594	0.956	2.204E-11	0.92756	0.0112	0.9601	0.9973	0.053	0.5627	4.725E-11	0.93044	0.011	0.3449
42	rs7432375	chr3	3	136288405	135807405	136615405	AG	0.421	0.449	0.988	5.274E-11	0.93109	0.0109	0.576	0.97307	0.0489	0.8224	7.264E-11	0.93305	0.0106	0.6622
43	chr18_52749216_D	chr18	18	52749216	52747686	52752696	I2D	0.589	0.567	0.988	1.745E-11	1.07509	0.0108	0.8102	0.98817	0.0497	0.9327	8.032E-11	1.07101	0.0106	0.2516
44	rs111294930	chr5	5	152177121	152097521	152323121	AG	0.788	0.782	0.821	1.312E-9	1.09079	0.0143	0.01918	1.14729	0.0587	0.9682	1.055E-10	1.09385	0.0139	0.7042
45	rs2973155	chr5	5	152608619	152505619	152711619	TC	0.353	0.373	0.997	1.016E-9	0.93491	0.011	0.0255	0.89154	0.0514	0.9529	1.114E-10	0.93295	0.0108	0.6634
46	rs5937157	chrX	23	68377126	68377126	68379036	TG	0.738	0.759	1.36	5.742E-11	0.93398	0.0104	0.8692	1.00743	0.0451	0.7283	1.982E-10	0.93754	0.0101	0.2475
47	rs4523957	chr17	17	2208899	2095899	2220799	TG	0.642	0.627	0.956	1.04E-9	1.07069	0.0112	0.1047	1.08383	0.0496	0.9184	2.862E-10	1.07133	0.0109	0.9667
48	rs12704290	chr7	7	86427626	86403226	86459326	AG	0.111	0.123	0.992	1.037E-10	0.89889	0.0165	0.9281	1.00662	0.0732	0.285	3.332E-10	0.90384	0.0161	0.1811
49	rs12903146	chr15	15	61854663	61831663	61909663	AG	0.544	0.52	0.998	1.038E-9	1.06695	0.0106	0.1474	1.07767	0.0516	0.1465	3.384E-10	1.06737	0.0104	0.3424
50	rs11210892	chr1	1	44100084	44029384	44128084	AG	0.659	0.677	0.997	4.97E-10	0.93286	0.0112	0.3077	0.94942	0.0509	0.2755	3.394E-10	0.93361	0.0109	0.5213
51	rs2905426	chr19	19	19478022	19374022	19658022	TG	0.611	0.628	0.935	6.921E-9	0.93725	0.0112	0.004232	0.8658	0.0504	0.5028	3.634E-10	0.93379	0.0109	0.2454
52	rs140505938	chr1	1	150031490	149998890	150242490	TC	0.151	0.164	0.991	9.337E-10	0.9132	0.0148	0.2527	0.9283	0.065	0.4597	4.487E-10	0.91393	0.0144	0.7383
53	chr6_84280274_D	chr6	6	84280274	84279922	84407274	I2D	0.524	0.505	0.924	8.574E-10	1.06962	0.011	0.4598	1.04039	0.0535	0.2777	8.147E-10	1.06844	0.0108	0.4877
54	rs4648845	chr1	1	2387101	2372401	2402501	TC	0.533	0.527	0.827	4.033E-9	1.07144	0.0117	0.08849	1.08774	0.0494	0.5535	8.701E-10	1.07229	0.0114	0.8025
55	rs7405404	chr16	16	13749859	13728459	13761359	TC	0.238	0.223	0.997	3.925E-10	1.08145	0.0125	0.9812	0.9987	0.0559	0.8003	1.009E-9	1.07735	0.0122	0.3685
56	rs6466055	chr7	7	104929064	104598064	105063064	AC	0.35	0.332	0.997	2.463E-9	1.06833	0.0111	0.2007	1.06535	0.0494	0.3293	1.127E-9	1.06823	0.0108	0.6203
57	chr1_8424984_D	chr1	1	8424984	8411184	8638984	I2D	0.319	0.301	0.989	2.025E-9	1.07144	0.0115	0.2964	1.05654	0.0527	0.9077	1.166E-9	1.07079	0.0112	0.9602
58	rs4766428	chr12	12	110723245	110723245	110723245	TC	0.481	0.474	0.941	7.093E-10	1.0709	0.0111	0.8616	1.00854	0.0487	0.8497	1.398E-9	1.06769	0.0108	0.4777
59	rs10520163	chr4	4	170626552	170357552	170646052	TC	0.493	0.47	0.995	1.02E-8	1.06279	0.0106	0.04329	1.1001	0.0472	0.1773	1.465E-9	1.0646	0.0103	0.312
60	rs117074560	chr6	6	96459651	96459651	96459651	TC	0.0418	0.0476	0.912	1.661E-8	0.85505	0.0277	0.0161	0.7303	0.1306	0.3992	1.644E-9	0.84925	0.0271	0.3488
61	rs6002655	chr22	22	42603814	42375814	42689414	TC	0.456	0.443	0.948	1.475E-9	1.06812	0.0109	0.5682	1.02798	0.0483	0.4976	1.709E-9	1.06609	0.0106	0.5891
62	chr2_146436222_I	chr2	2	146436222	146416922	146441832	I2D	0.176	0.163	0.978	1.072E-8	1.08426	0.0141	0.05721	1.12795	0.0633	0.8871	1.814E-9	1.08632	0.0138	0.8223
63	rs9420	chr11	11	57510294	57386294	57682294	AG	0.327	0.311	1	6.652E-8	1.0629	0.0113	0.0009358	1.1872	0.0518	0.5493	2.243E-9	1.06823	0.011	0.09534
64	rs11027857	chr11	11	24403620	24367320	24412990	AG	0.515	0.499	0.996	3.21E-9	1.0646	0.0106	0.3744	1.04342	0.0478	0.8212	2.554E-9	1.06364	0.0103	0.8962
65	rs1498232	chr1	1	30433951	30412551	30437271	TC	0.311	0.296	0.985	1.284E-9	1.0724	0.0115	0.9878	0.9992	0.0535	0.6341	2.86E-9	1.06908	0.0112	0.3879
66	rs3735025	chr7	7	137074844	137039644	137085244	TC	0.657	0.642	0.997	7.752E-9	1.06577	0.011	0.2238	1.06471	0.0515	0.9507	3.278E-9	1.06577	0.0108	0.9979
67	rs11139497	chr9	9	84739941	84630941	84813641	AT	0.346	0.337	0.969	3.09E-9	1.07037	0.0115	0.5761	1.03087	0.0543	0.3341	3.613E-9	1.06865	0.0113	0.4985
68	rs77149735	chr1	1	243555105	243555105	243555105	AG	0.0225	0.0191	0.607	4.404E-9	1.3291	0.0485	0.3659	1.17281	0.1763	0.9405	3.73E-9	1.31745	0.0468	0.7893
69	rs56205728	chr15	15	40567237	40566759	40602237	AG	0.291	0.274	0.887	4.92E-8	1.06994	0.0124	0.01247	1.14202	0.0531	0.8525	4.178E-9	1.07358	0.0121	0.4818
70	rs2053079	chr19	19	30987423	30981643	31039023	AG	0.755	0.769	0.987	3.789E-9	0.92932	0.0124	0.6928	0.97716	0.0586	0.4633	4.489E-9	0.93128	0.0121	0.538
71	rs16867576	chr5	5	88746331	88581331	88854331	AG	0.889	0.883	0.944	1.358E-8	1.10054	0.0169	0.1328	1.11829	0.0744	0.5041	4.606E-9	1.10142	0.0165	0.7825
72	rs4330281	chr3	3	17859366	17221366	17888266	TC	0.479	0.48	0.992	5.505E-8	0.9428	0.0108	0.01438	0.88976	0.0477	0.4461	4.642E-9	0.94016	0.0105	0.3713
73	rs3849046	chr5	5	137851192	137838092	137948092	TC	0.542	0.523	0.993	4.833E-9	1.06471	0.0107	0.5223	1.03118	0.0479	0.1499	4.666E-9	1.06311	0.0104	0.2866
74	rs2693698	chr14	14	99719219	99707919	99719219	AG	0.412	0.418	0.959	1.375E-8	0.93894	0.0111	0.1506	0.93342	0.0479	0.495	4.801E-9	0.93866	0.0108	0.7867
75	rs2332700	chr14	14	72417326	72417326	72450526	CG	0.262	0.249	0.981	1.686E-9	1.07605	0.0122	0.8379	0.98758	0.0612	0.8429	4.863E-9	1.07251	0.012	0.3804
76	rs1501357	chr5	5	45364875	45291475	45393775	TC	0.794	0.802	0.98	1.236E-8	0.92635	0.0134	0.209	0.92376	0.0631	0.1509	5.046E-9	0.92626	0.0131	0.3562
77	rs6984242	chr8	8	60700469	60475469	60954469	AG	0.586	0.6	1	1.758E-9	0.93763	0.0107	0.7664	1.01471	0.0491	0.7774	5.97E-9	0.94101	0.0105	0.2797
78	chr1_243881945_I	chr1	1	243881945	243690945	244002945	I2D	0.638	0.619	0.895	3.109E-8	1.06631	0.0116	0.06168	1.10716	0.0545	0.8556	6.526E-9	1.06801	0.0113	0.7835
79	rs79212538	chr5	5	151993104	151941104	152495104	TG	0.0512	0.046	0.966	3.843E-8	1.15165	0.0257	0.05769	1.21422	0.1023	0.9713	7E-9	1.15523	0.0249	0.8811
80	rs3768644	chr2	2	72361505	72357335	72368185	AG	0.0967	0.101	0.966	1.302E-7	0.91037	0.0178	0.00215	0.76475	0.0874	0.8979	7.388E-9	0.90411	0.0174	0.147
81	rs77502336	chr11	11	123394636	123394636	123395986	CG	0.337	0.322	0.968	2.008E-9	1.07079	0.0114	0.7224	0.98196	0.0511	0.8028	7.539E-9	1.06641	0.0111	0.2473
82	rs6704641	chr2	2	200164252	200161422	200309252	AG	0.819	0.805	0.992	3.397E-8	1.07918	0.0138	0.08096	1.12266	0.0663	0.3698	8.333E-9	1.08091	0.0135	0.5642
83	rs59979824	chr2	2	193848340	193848340	194028340	AC	0.322	0.337	0.929	1.079E-8	0.93576	0.0116	0.4321	0.95897	0.0534	0.7617	8.408E-9	0.93679	0.0113	0.8638
84	rs1106568	chr4	4	176861301	176851001	176875801	AG	0.747	0.761	1	1.145E-8	0.93295	0.0122	0.3949	0.95323	0.0563	0.6087	9.469E-9	0.93389	0.0119	0.8182
85	rs10503253	chr8	8	4180844	4177794	4192544	AC	0.223	0.219	1	2.694E-8	1.07347	0.0127	0.2105	1.07455	0.0574	0.7106	1.058E-8	1.07347	0.0124	0.9334
86	rs10043984	chr5	5	137712121	137598121	137750021	TC	0.266	0.252	1.01	2.176E-8	1.0694	0.012	0.2355	1.06855	0.0559	0.1844	1.091E-8	1.0694	0.0117	0.4145
87	rs11685299	chr2	2	225391296	225334096	225467796	AC	0.313	0.326	0.988	1.109E-8	0.93725	0.0113	0.6116	0.97395	0.0521	0.1588	1.115E-8	0.93885	0.011	0.286
88	rs7819570	chr8	8	89588626	89340626	89753626	TG	0.187	0.174	0.998	1.899E-8	1.08015	0.0137	0.346	1.05929	0.0611	0.2096	1.215E-8	1.07918	0.0134	0.4336
89	rs715170	chr18	18	53795514	53769014	53804154	TC	0.261	0.275	0.984	3.465E-8	0.93594	0.012	0.1592	0.9257	0.0548	0.2562	1.267E-8	0.93548	0.0117	0.515
90	rs9922678	chr16	16	9946319	9875519	9970219	AG	0.299	0.281	1	6.721E-9	1.06962	0.0116	0.9305	1.00471	0.0535	0.339	1.28E-8	1.06663	0.0113	0.3288
91	rs78322266	chr18	18	53063676	52987176	53172676	TG	0.0345	0.0292	0.998	1.099E-8	1.19363	0.031	0.6534	1.07037	0.1513	0.21	1.319E-8	1.18839	0.0304	0.3552
92	rs2068012	chr14	14	30190316	30189985	30190316	TC	0.76	0.771	0.973	4.142E-8	0.93333	0.0126	0.1324	0.91851	0.0565	0.1998	1.411E-8	0.93258	0.0123	0.423
93	rs832187	chr3	3	63833050	63792650	64004050	TC	0.607	0.615	0.985	2.584E-8	0.94111	0.0109	0.2823	0.94781	0.0499	0.5239	1.432E-8	0.94139	0.0106	0.8084
94	rs8044995	chr16	16	68189340	67709340	68311340	AG	0.173	0.162	1	3.268E-8	1.0808	0.0141	0.1946	1.08959	0.0662	0.1429	1.513E-8	1.08123	0.0138	0.3394
95	chr2_149429178_D	chr2	2	149429178	149390778	149520178	I2D	0.955	0.961	0.94	2.621E-8	0.85633	0.0279	0.2967	0.87977	0.1228	0.1906	1.585E-8	0.85744	0.0272	0.415
96	rs8082590	chr17	17	17958402	17722402	18030202	AG	0.611	0.614	0.954	6.841E-9	0.93557	0.0115	0.9491	1.00321	0.0506	0.4089	1.769E-8	0.93876	0.0112	0.2878
97	rs12148337	chr15	15	70589272	70573672	70628872	TC	0.478	0.465	0.999	5.33E-8	1.05908	0.0105	0.173	1.06791	0.0482	0.4883	1.787E-8	1.0595	0.0103	0.7754
98	rs12325245	chr16	16	58681393	58669293	58682833	AT	0.849	0.859	0.953	1.149E-8	0.91631	0.0153	0.8107	0.98403	0.0673	0.5146	1.873E-8	0.91952	0.0149	0.4742
99	rs2239063	chr12	12	2511831	2474631	2523731	AC	0.729	0.714	0.983	5.389E-9	1.07144	0.0118	0.6169	0.97239	0.0559	0.5598	1.926E-8	1.06705	0.0115	0.2
100	rs12522290	chr5	5	152797656	152795306	152797656	CG	0.84	0.83	0.984	2.227E-8	1.08556	0.0147	0.4595	1.05054	0.0667	0.7518	1.988E-8	1.08394	0.0144	0.8479
101	rs10803138	chr1	1	243555219	243503719	243612019	AG	0.232	0.238	0.984	1.788E-8	0.93165	0.0126	0.5564	0.96793	0.0554	0.9061	2.031E-8	0.93342	0.0123	0.7916
102	rs73229090	chr8	8	27442127	27412627	27453627	AC	0.107	0.116	0.942	1.952E-8	0.90529	0.0177	0.5906	0.9582	0.0795	0.5957	2.096E-8	0.90774	0.0173	0.6812
103	rs324017	chr12	12	57487814	57428314	57490104	AC	0.293	0.309	0.968	2.128E-7	0.94092	0.0117	0.01522	0.87748	0.0539	0.9906	2.125E-8	0.938	0.0114	0.4481
104	rs12845396	chrX	23	6029533	5916533	6032733	AT	0.739	0.753	1.47	3.137E-7	0.95047	0.0099	0.007461	0.8895	0.0438	0.4142	2.205E-8	0.94743	0.0097	0.2407
105	rs55833108	chr10	10	104741583	104587583	105165583	TG	0.208	0.196	0.969	1.422E-8	1.07842	0.0133	0.8023	1.01491	0.0593	0.2089	2.225E-8	1.0753	0.013	0.2757
106	rs9841616	chr3	3	181167585	181023585	181205585	AT	0.158	0.167	0.997	1.654E-8	0.92247	0.0143	0.7278	0.97785	0.0643	0.8152	2.347E-8	0.92506	0.014	0.6571
107	rs76869799	chr1	1	97834525	97792625	97834525	CG	0.959	0.964	0.769	1.436E-7	0.85002	0.0309	0.05342	0.77919	0.1292	0.9958	2.639E-8	0.84603	0.0301	0.807
108	rs1339227	chr6	6	73155701	73132701	73171901	TC	0.347	0.368	0.982	6.86E-8	0.94186	0.0111	0.1775	0.93566	0.0493	0.7315	2.688E-8	0.94158	0.0108	0.9348
109	chr7_24747494_D	chr7	7	24747494	24619494	24832094	DI3	0.104	0.0959	0.974	3.59E-7	1.09483	0.0178	0.01148	1.1977	0.0714	0.8436	2.853E-8	1.10065	0.0173	0.4653
110	rs4388249	chr5	5	109036066	109030036	109209066	TC	0.212	0.213	0.992	1.025E-7	1.07466	0.0135	0.1256	1.09823	0.0612	0.6003	3.053E-8	1.07573	0.0132	0.821
111	rs215411	chr4	4	23423603	23366403	23443403	AT	0.331	0.314	0.993	1.224E-8	1.06695	0.0114	0.9684	0.998	0.0508	0.5255	3.056E-8	1.06354	0.0111	0.3592
112	rs11740474	chr5	5	153680747	153671057	153688217	AT	0.601	0.621	0.97	3.936E-8	0.94073	0.0111	0.4505	0.96435	0.0481	0.1329	3.145E-8	0.94195	0.0108	0.285
113	rs1023500	chr22	22	42340844	42315744	42361344	TC	0.817	0.81	1	5.043E-8	1.07638	0.0135	0.3732	1.05823	0.0636	0.1581	3.425E-8	1.07562	0.0132	0.3569
114	rs12421382	chr11	11	109378071	109285471	109610071	TC	0.318	0.334	0.99	1.723E-7	0.94261	0.0113	0.0657	0.91056	0.0509	0.649	3.695E-8	0.94111	0.011	0.7234
115	rs211829	chr7	7	110048893	110034393	110106693	TC	0.641	0.628	0.998	5.471E-7	1.05665	0.011	0.004334	1.15396	0.0502	0.2225	3.713E-8	1.06088	0.0107	0.1093
116	rs679087	chr12	12	29917265	29905265	29940365	AC	0.324	0.337	0.975	7.058E-8	0.94073	0.0113	0.317	0.95066	0.0505	0.1414	3.906E-8	0.9412	0.011	0.3322
117	rs75575209	chr2	2	58138192	58025192	58502192	AT	0.904	0.913	0.906	1.014E-8	0.89583	0.0192	0.5603	1.05559	0.0929	0.4801	3.949E-8	0.90186	0.0188	0.1747
118	rs7801375	chr7	7	131567263	131539263	131567263	AG	0.146	0.152	0.991	2.261E-8	0.92035	0.0148	0.9732	0.9978	0.0644	0.1121	4.417E-8	0.92413	0.0144	0.134
119	rs14403	chr1	1	243663893	243639893	243664923	TC	0.207	0.222	0.999	1.305E-7	0.93454	0.0128	0.1525	0.92017	0.0581	0.8531	4.423E-8	0.93389	0.0125	0.9503
120	rs6670165	chr1	1	177280121	177247821	177300821	TC	0.196	0.184	0.994	1.156E-7	1.0739	0.0135	0.1463	1.08981	0.0592	0.8666	4.448E-8	1.07466	0.0132	0.9575
121	rs7523273	chr1	1	207977083	207912183	208024083	AG	0.695	0.685	0.992	1.609E-7	1.06194	0.0115	0.08852	1.09188	0.0516	0.4209	4.468E-8	1.06332	0.0112	0.6301
122	rs7267348	chr20	20	48131036	48114136	48131649	TC	0.741	0.754	0.993	1.182E-7	0.93782	0.0121	0.1839	0.93062	0.0541	0.4415	4.559E-8	0.93744	0.0118	0.7366
123	rs4240748	chr12	12	92246786	92243186	92258286	CG	0.358	0.366	0.979	1.028E-7	0.94261	0.0111	0.2158	0.94129	0.0489	0.7827	4.591E-8	0.94252	0.0108	0.9623
124	rs2909457	chr2	2	162845855	162798555	162910255	AG	0.568	0.593	1	4.375E-8	0.94271	0.0108	0.5359	0.97064	0.0481	0.644	4.615E-8	0.94403	0.0105	0.7538
125	rs56873913	chr19	19	50091199	50067499	50135399	TG	0.775	0.766	0.944	2.188E-7	1.0693	0.0129	0.07204	1.10816	0.0571	0.01101	4.686E-8	1.07111	0.0126	0.03277
126	rs190065944	chr15	15	78859610	78859610	78859610	AG	0.274	0.26	0.727	7.221E-8	1.07799	0.0139	0.4223	1.0738	0.0887	1	4.712E-8	1.07788	0.0137	0.9654
127	rs10860964	chr12	12	103596455	103559855	103616655	TC	0.65	0.646	1	9.921E-8	1.06056	0.011	0.2705	1.05622	0.0496	0.01321	4.843E-8	1.06035	0.0107	0.04626
128	chr5_140143664_I	chr5	5	140143664	140023664	140222664	I12D	0.486	0.475	1	3.596E-7	1.05496	0.0105	0.02501	1.1136	0.048	0.1719	4.849E-8	1.0576	0.0103	0.2146
