anneal.rank	hg19chrc	bestsnp	pmin	anneal1	anneal2	spananneal
1	chr6	rs115329265	3.48E-31	28303247	28712247	409
2	chr1	rs1702294	3.362E-19	97792625	98559084	766.459
3	chr10	rs11191419	6.198E-19	104423800	105165583	741.783
4	chr12	rs2007044	3.217E-18	2321860	2523731	201.871
5	chr8	rs4129585	1.737E-15	143309503	143330533	21.03
6	chr4	rs35518360	7.98E-15	103146888	103198090	51.202
7	chr7	chr7_2025096_I	8.2E-15	1896096	2190096	294
8	chr5	rs4391122	1.099E-14	60499143	60843543	344.4
9	chr12	rs2851447	1.859E-14	123448113	123909113	461
10	chr2	chr2_200825237_I	5.652E-14	200715237	200848037	132.8
11	chr15	rs4702	8.296E-14	91416560	91429040	12.48
12	chr3	rs75968099	1.053E-13	36843183	36945783	102.6
13	chr14	rs12887734	1.363E-13	103996234	104184834	188.6
14	chr15	rs8042374	2.439E-13	78803032	78926732	123.7
15	chr7	rs13240464	3.034E-13	110843815	111205915	362.1
16	chr11	rs10791097	1.088E-12	130714610	130749330	34.72
17	chr2	rs11693094	1.53E-12	185601420	185785420	184
18	chrX	rs1378559	1.606E-12	21193266	21570266	377
19	chr10	rs7893279	1.971E-12	18681005	18770105	89.1
20	chr12	rs12826178	2.015E-12	57428314	57682971	254.657
21	chr1	rs12129573	2.025E-12	73766426	73991366	224.94
22	chr2	rs6704768	2.315E-12	233559301	233753501	194.2
23	chr11	rs55661361	2.804E-12	124610007	124620147	10.14
24	chr18	rs9636107	3.337E-12	52747686	53200117	452.431
25	chr11	chr11_46350213_D	1.259E-11	46342943	46751213	408.27
26	chr3	chr3_180594593_I	1.301E-11	180588843	181205585	616.742
27	chr20	rs6065094	1.462E-11	37361494	37485994	124.5
28	chr2	rs11682175	1.473E-11	57943593	58502192	558.599
29	chr15	rs950169	1.618E-11	84661161	85153461	492.3
30	chr18	rs72934570	1.971E-11	53453389	53804154	350.765
31	chr2	rs6434928	2.064E-11	198148577	198835577	687
32	chr22	rs9607782	2.069E-11	41408556	41675156	266.6
33	chr8	rs36068923	2.607E-11	111460061	111630761	170.7
34	chr3	rs17194490	2.692E-11	2532786	2561686	28.9
35	chr11	rs2514218	2.749E-11	113317794	113423994	106.2
36	chr11	rs75059851	3.874E-11	133808069	133852969	44.9
37	chr3	rs2535627	4.264E-11	52541105	52903405	362.3
38	chr16	rs12691307	4.548E-11	29924377	30144877	220.5
39	chr22	chr22_39987017_D	4.725E-11	39975317	40016817	41.5
40	chr3	rs7432375	7.264E-11	135807405	136615405	808
41	chr5	rs111294930	1.055E-10	151941104	152797656	856.552
42	chrX	rs5937157	1.982E-10	68377126	68379036	1.91
43	chr17	rs4523957	2.862E-10	2095899	2220799	124.9
44	chr7	rs12704290	3.332E-10	86403226	86459326	56.1
45	chr15	rs12903146	3.384E-10	61831663	61909663	78
46	chr1	rs11210892	3.394E-10	44029384	44128084	98.7
47	chr19	rs2905426	3.634E-10	19374022	19658022	284
48	chr1	rs140505938	4.487E-10	149998890	150242490	243.6
49	chr6	chr6_84280274_D	8.147E-10	84279922	84407274	127.352
50	chr1	rs4648845	8.701E-10	2372401	2402501	30.1
51	chr16	rs7405404	1.009E-9	13728459	13761359	32.9
52	chr7	rs6466055	1.127E-9	104598064	105063064	465
53	chr1	chr1_8424984_D	1.166E-9	8411184	8638984	227.8
54	chr12	rs4766428	1.398E-9	110723245	110723245	0
55	chr4	rs10520163	1.465E-9	170357552	170646052	288.5
56	chr6	rs117074560	1.644E-9	96459651	96459651	0
57	chr22	rs6002655	1.709E-9	42315744	42689414	373.67
58	chr2	chr2_146436222_I	1.814E-9	146416922	146441832	24.91
59	chr11	rs9420	2.243E-9	57386294	57682294	296
60	chr11	rs11027857	2.554E-9	24367320	24412990	45.67
61	chr1	rs1498232	2.86E-9	30412551	30437271	24.72
62	chr7	rs3735025	3.278E-9	137039644	137085244	45.6
63	chr9	rs11139497	3.613E-9	84630941	84813641	182.7
64	chr1	rs77149735	3.73E-9	243503719	244002945	499.226
65	chr15	rs56205728	4.178E-9	40566759	40602237	35.478
66	chr19	rs2053079	4.489E-9	30981643	31039023	57.38
67	chr5	rs16867576	4.606E-9	88581331	88854331	273
68	chr3	rs4330281	4.642E-9	17221366	17888266	666.9
69	chr5	rs3849046	4.666E-9	137598121	137948092	349.971
70	chr14	rs2693698	4.801E-9	99707919	99719219	11.3
71	chr14	rs2332700	4.863E-9	72417326	72450526	33.2
72	chr5	rs1501357	5.046E-9	45291475	45393775	102.3
73	chr8	rs6984242	5.97E-9	60475469	60954469	479
74	chr2	rs3768644	7.388E-9	72357335	72368185	10.85
75	chr11	rs77502336	7.539E-9	123394636	123395986	1.35
76	chr2	rs6704641	8.333E-9	200161422	200309252	147.83
77	chr2	rs59979824	8.408E-9	193848340	194028340	180
78	chr4	rs1106568	9.469E-9	176851001	176875801	24.8
79	chr8	rs10503253	1.058E-8	4177794	4192544	14.75
80	chr2	rs11685299	1.115E-8	225334096	225467796	133.7
81	chr8	rs7819570	1.215E-8	89340626	89753626	413
82	chr16	rs9922678	1.28E-8	9875519	9970219	94.7
83	chr14	rs2068012	1.411E-8	30189985	30190316	0.331
84	chr3	rs832187	1.432E-8	63792650	64004050	211.4
85	chr16	rs8044995	1.513E-8	67709340	68311340	602
86	chr2	chr2_149429178_D	1.585E-8	149390778	149520178	129.4
87	chr17	rs8082590	1.769E-8	17722402	18030202	307.8
88	chr15	rs12148337	1.787E-8	70573672	70628872	55.2
89	chr16	rs12325245	1.873E-8	58669293	58682833	13.54
90	chr8	rs73229090	2.096E-8	27412627	27453627	41
91	chrX	rs12845396	2.205E-8	5916533	6032733	116.2
92	chr6	rs1339227	2.688E-8	73132701	73171901	39.2
93	chr7	chr7_24747494_D	2.853E-8	24619494	24832094	212.6
94	chr5	rs4388249	3.053E-8	109030036	109209066	179.03
95	chr4	rs215411	3.056E-8	23366403	23443403	77
96	chr5	rs11740474	3.145E-8	153671057	153688217	17.16
97	chr11	rs12421382	3.695E-8	109285471	109610071	324.6
98	chr7	rs211829	3.713E-8	110034393	110106693	72.3
99	chr12	rs679087	3.906E-8	29905265	29940365	35.1
100	chr7	rs7801375	4.417E-8	131539263	131567263	28
101	chr1	rs6670165	4.448E-8	177247821	177300821	53
102	chr1	rs7523273	4.468E-8	207912183	208024083	111.9
103	chr20	rs7267348	4.559E-8	48114136	48131649	17.513
104	chr12	rs4240748	4.591E-8	92243186	92258286	15.1
105	chr2	rs2909457	4.615E-8	162798555	162910255	111.7
106	chr19	rs56873913	4.686E-8	50067499	50135399	67.9
107	chr12	rs10860964	4.843E-8	103559855	103616655	56.8
108	chr5	chr5_140143664_I	4.849E-8	140023664	140222664	199
